2.624072159493206,0.02925523562717558,5.334815488035443,2.5750020849366186,0.07500207748603849,1.4890403053176276e-08,-0.9999846009710073
2.6229275155334832,0.030813972355259622,5.315746231522118,2.5750020849366186,0.07763365647262052,1.4155563432885819e-08,-0.9999848632723906
2.6218841824748456,0.032414732489268516,5.2798176576117335,2.5750020849366186,0.08275831028859602,1.2382238816429325e-08,-0.9999855339021803
2.6217373713442456,0.03263923287457082,5.237941368108885,2.5750020849366186,0.09024482446926009,9.052709245845844e-09,-0.9999869806222419
2.6218478009722634,0.03243468273879735,5.194145156756046,2.5750020849366186,0.09996889057436595,6.214302601018051e-09,-0.9999885144795078
2.621906199005428,0.03230720840309509,5.150342977693382,2.5750020849366186,0.1118127427131535,4.336941390848684e-09,-0.999989799389715
2.6219691583417912,0.03213780021368429,5.1066090813926985,2.5750020849366186,0.1256648131996395,3.2384479424920545e-09,-0.9999907284419638
2.6220432099638558,0.031946529160922665,5.063004502085882,2.5750020849366186,0.14141940633131353,2.6615306400312537e-09,-0.9999913009007173
2.622108285742197,0.03175623232170288,5.028283912422576,2.5750020849366186,0.15897638933737618,2.1696057038629452e-09,-0.9999918567957657
2.6222769060210993,0.031187055023375265,4.977433406624213,2.5750020849366186,0.17824089959285966,2.3743719206139345e-09,-0.9999916163482175
2.622358468444652,0.03087182582760839,4.934239812867846,2.5750020849366186,0.19912306724253126,2.5735772502569985e-09,-0.9999913950617776
2.622371827499089,0.0308148955752241,4.890115627425715,2.572370505950036,0.22153775242353899,3.5506644937731097e-09,-0.9999904459565669
2.622407011762295,0.03062460714127546,4.846406507635247,2.5672458521340595,0.24540429631844413,5.687918884637159e-09,-0.9999888461463744
2.620591792278921,0.029970726276767223,4.80222192342218,2.5597593379533947,0.27064628531072576,9.2382521724396e-09,-0.999986891821649
2.618190742699827,0.029175303206775638,4.757915346623162,2.55266685083487,0.29719132755315353,1.4245442674865887e-08,-0.9999848307350764
2.6176173391296995,0.028851156544861922,4.714020964921398,2.5459476525120572,0.32497084129571974,2.3178323711848267e-08,-0.9999820856455226
2.6176142678910868,0.028692478052406045,4.670298453339335,2.5459476525120572,0.32497084129571974,3.83237173470757e-08,-0.999978673260396
2.6176043440969803,0.028562212602359693,4.626689117047,2.5459476525120572,0.32497084129571974,6.280571265307352e-08,-0.9999746223533378
2.6175914550630477,0.028559458615939448,4.5836073770927905,2.5459476525120572,0.32497084129571974,1.01655663777348e-07,-0.999969854957273
2.61763527470527,0.028833189830416828,4.541653015788289,2.5459476525120572,0.32497084129571974,1.6201852113025114e-07,-0.999964296861921
2.617592687656483,0.028670053327619627,4.497787592763636,2.5459476525120572,0.32497084129571974,2.599905201964182e-07,-0.9999574937932428
2.6175392489821334,0.028461408805910082,4.453967334396876,2.5459476525120572,0.32497084129571974,4.135433730162543e-07,-0.9999494176388187
2.6174935700244433,0.028321669909491476,4.41019370120103,2.5459476525120572,0.32497084129571974,6.530421225185204e-07,-0.9999397994975893
2.617430778776747,0.028152770384961556,4.366472638778333,2.5459476525120572,0.32497084129571974,1.0221073354431278e-06,-0.9999283895739098
2.617364597544375,0.027990108125825586,4.3227539793200815,2.5459476525120572,0.32497084129571974,1.5876166417961552e-06,-0.9999148199548642
2.6172645687381166,0.02776916111028882,4.270425181955409,2.5459476525120572,0.32497084129571974,2.6606873342001617e-06,-0.9998951926762862
2.6171561271004133,0.027532905439787925,4.235955433913992,2.5459476525120572,0.32497084129571974,3.709345813218852e-06,-0.9998799516089508
2.6168835479211374,0.02703137361723762,4.193901782138394,2.5459476525120572,0.32497084129571974,5.49696590322018e-06,-0.9998586680140797
2.616729245205038,0.026767393751818247,4.150629692317431,2.5459476525120572,0.32497084129571974,8.228091597541367e-06,-0.9998324251936628
2.615504853666552,0.024571543281675545,4.107082157266325,2.5459476525120572,0.32497084129571974,1.1725212081236372e-05,-0.9998048880161645
2.614026698421025,0.02195114683561883,4.064000111254397,2.5459476525120572,0.32497084129571974,1.6387766637332038e-05,-0.9997741827407011
2.6135084671410524,0.021069813479323685,4.0204300496586916,2.5459476525120572,0.32497084129571974,2.3776989380297938e-05,-0.9997335977881929
2.613404285746789,0.02094584198687599,3.9766823038716845,2.5459476525120572,0.32497084129571974,3.4871198138841575e-05,-0.9996831839914178
2.6132863810517364,0.02081885134131234,3.9329335712674753,2.5459476525120572,0.32497084129571974,5.0740092195423136e-05,-0.9996232977951226
2.6131716679288832,0.020707731550841046,3.8892310673315986,2.5459476525120572,0.32497084129571974,7.326371162611007e-05,-0.9995521388266706
2.6130724413974935,0.020621980670155082,3.84565112342228,2.5459476525120572,0.32497084129571974,0.00010494784275208602,-0.999467661333523
2.6130659804193463,0.020637071310639854,3.802645951905317,2.5459476525120572,0.32497084129571974,0.00014895821946341525,-0.999367796489685
2.613295796288856,0.020804726967782017,3.760769838851323,2.5459476525120572,0.32497084129571974,0.00020939908715832033,-0.9992500533642582
2.6131162633534277,0.020695059978315555,3.7168092049232757,2.5459476525120572,0.32497084129571974,0.0002936018297420003,-0.9991082202802534
2.61293055038108,0.020585602038575956,3.6730772770595754,2.5459476525120572,0.32497084129571974,0.0004078225396744007,-0.9989406267165664
2.6127822590622536,0.020507528740296266,3.629339715759339,2.5459476525120572,0.32497084129571974,0.0005628904201396496,-0.9987408284491933
2.6125944852729415,0.020419752574159844,3.5856702477736655,2.5459476525120572,0.32497084129571974,0.0007700372593442008,-0.9985045622136404
2.612400785766905,0.020336313753778867,3.5420103168768673,2.5459476525120572,0.32497084129571974,0.0010454622157493733,-0.9982241803403481
2.6121758278101765,0.02024899103769684,3.498442277633721,2.5459476525120572,0.32497084129571974,0.001407087304591728,-0.9978929045595459
2.6118310496401183,0.02012041997568126,3.455340824921479,2.5459476525120572,0.32497084129571974,0.0018690697962425063,-0.9975085802839202
2.610265780630982,0.02041263343135391,3.4132075118400595,2.5459476525120572,0.32497084129571974,0.002393693878134031,-0.9971069316151573
2.608508237571243,0.021000189383947543,3.3698099484171427,2.5459476525120572,0.32497084129571974,0.003064677790647064,-0.9966294721230453
2.60798719451269,0.02111405876188499,3.325831599678736,2.5459476525120572,0.32497084129571974,0.004003130534561485,-0.9960076306071447
2.60760667894737,0.02104718024371799,3.282288967248483,2.5459476525120572,0.32497084129571974,0.005188039249813138,-0.9952734001898876
2.6071982028256375,0.02099573222391804,3.2387203278154746,2.5459476525120572,0.32497084129571974,0.006673666757271503,-0.9944056917653266
2.6067247960681907,0.020957595488690473,3.195202575439919,2.5459476525120572,0.32497084129571974,0.008511588608840779,-0.9933857631665276
2.6061531659547175,0.020938117626720043,3.1517365377636746,2.5459476525120572,0.32497084129571974,0.010758388107017203,-0.9921915554196776
2.6055209011937492,0.02094673168046235,3.108405736782713,2.5459476525120572,0.32497084129571974,0.013481712334188286,-0.9907941327834825
2.6048341347747908,0.02098713080175507,3.0654314851823443,2.5459476525120572,0.32497084129571974,0.016734667802496186,-0.9891700454620221
2.6043920092215576,0.02104088224765377,3.031837680171893,2.5459476525120572,0.32497084129571974,0.019754798452152212,-0.9876893011373689
2.6038981905217007,0.021107783370906574,2.9828561705349563,2.5459476525120572,0.32497084129571974,0.025032239002545618,-0.9851351152517317
2.602673233833915,0.021334742719693267,2.939261404988045,2.5459476525120572,0.32497084129571974,0.03032492827528778,-0.9825896242800615
2.6012197432819804,0.02167853201704162,2.896336585907865,2.5459476525120572,0.32497084129571974,0.03628063105094867,-0.9797207442866496
2.5994252097222876,0.022170826495665708,2.853392573980821,2.5459476525120572,0.32497084129571974,0.04295772476296264,-0.976478446419818
2.5972792193770182,0.02286376825598957,2.810652449354095,2.5459476525120572,0.32497084129571974,0.05030790363891053,-0.9728593503365103
2.5948350719099427,0.02376682806617758,2.7680627071728185,2.5459476525120572,0.32497084129571974,0.05835308465569239,-0.9688211838448632
2.5920910693969024,0.027153350513438923,2.7237224819283927,2.5459476525120572,0.32497084129571974,0.06788176773519762,-0.9639157591714055
2.589162784455544,0.031700102632742144,2.6787059644325137,2.5395820962062348,0.3539198543542066,0.08061309500500716,-0.9571248410356741
2.5856191399270525,0.03419027092999727,2.6361245735542918,2.5395820962062348,0.3539198543542066,0.09121744519594133,-0.9512392707447784
2.581584506576867,0.03653274882517543,2.594590679880744,2.5395820962062348,0.3539198543542066,0.10174729494928242,-0.9451708518946927
2.5773670633522876,0.039204811621829094,2.5525203922588595,2.5395820962062348,0.3539198543542066,0.11303633360352412,-0.9383990549176874
2.5732713820365234,0.042030699392100246,2.508927847640449,2.5395820962062348,0.3539198543542066,0.1258438425452785,-0.9303603171592352
2.569638806000711,0.04482086477718994,2.46186788588703,2.5395820962062348,0.3539198543542066,0.14164194167289998,-0.9198841377894277
2.566388175667381,0.0475249819992456,2.4176221659586394,2.5395820962062348,0.3539198543542066,0.1577083152398427,-0.9085439599918126
2.5625717139831234,0.05101377315006239,2.3919104648398632,2.5395820962062348,0.3539198543542066,0.1645932928396354,-0.9034580641481395
2.5578055754241014,0.055602162620269624,2.367327971308784,2.5335515691796657,0.3839768141330393,0.17586465592162462,-0.8948212977330018
2.5523638450830664,0.0611053603433529,2.326420088360654,2.5335515691796657,0.3839768141330393,0.18901143819922991,-0.8842329525331715
2.545937784114356,0.06822885337576601,2.2894856920886313,2.5335515691796657,0.3839768141330393,0.1985852402198251,-0.8761522381158778
2.539107162099052,0.07633860555630712,2.2533933013600147,2.5335515691796657,0.3839768141330393,0.20672327203381882,-0.8690243418047261
2.5327519264580616,0.08442351062637243,2.2146127741914214,2.52783843831239,0.41508340764693646,0.22665567700365827,-0.8504884953066834
2.526607460374846,0.09292158321497901,2.1739478875376737,2.52783843831239,0.41508340764693646,0.2393140683112743,-0.8378589820857434
2.5201704449284215,0.10266109870467943,2.135865538282689,2.52783843831239,0.41508340764693646,0.24946858418140155,-0.8272042149928572
2.5135316839279263,0.11354717930838021,2.100426300539819,2.52783843831239,0.41508340764693646,0.25689213769352065,-0.8191016121679396
2.507058943470007,0.12492012914196593,2.0637982048182857,2.522425998543392,0.44718439101510526,0.2786627685180585,-0.7936810000382557
2.5012023680405786,0.13644908474620365,2.0239297792325366,2.522425998543392,0.44718439101510526,0.2903364863434542,-0.7789354024473102
2.4957392783577266,0.1483019482998298,1.9820996132174733,2.522425998543392,0.44718439101510526,0.30304971792926644,-0.7618925826597379
2.490568720829696,0.16086408548168762,1.9418399266224924,2.5172984240253937,0.48022742792942613,0.3307571065478887,-0.7206959868384254
2.4853245128905197,0.17513143960547772,1.9049528832668439,2.5172984240253937,0.48022742792942613,0.3403287953901308,-0.7049885836468361
2.4800396720394566,0.19124892888055278,1.8737720771046498,2.512440721850448,0.5141629366243122,0.36134073795816773,-0.6673562202458756
2.4750674472577128,0.2080458616069727,1.8435305451319348,2.512440721850448,0.5141629366243122,0.36642264921197826,-0.6575257131776557
2.4703699702208564,0.2258790929889507,1.8147279989886667,2.507838688211026,0.5489439449007864,0.38617047808571875,-0.61615893208507
2.466032631020644,0.24426187854841963,1.7886850905731015,2.507838688211026,0.5489439449007864,0.38901695348875526,-0.6097345167379624
2.462083985596058,0.2633302449390982,1.7621963300231476,2.5034788668684156,0.5845259527808702,0.4076287841778231,-0.5643149957067032
2.459158926878354,0.27923709790158746,1.742029784467597,2.5034788668684156,0.5845259527808702,0.4097936210953824,-0.5586029502839361
2.4571644458536603,0.29139243640845613,1.7273006053524338,2.499348509806995,0.6208668023906895,0.4255877307426487,-0.5136621077368405
2.452167448702756,0.3282588195399505,1.6836529089280048,2.4954355399593338,0.6579265546918371,0.4441496874839892,-0.45160644927581217
2.4499167322189805,0.35029214519093266,1.6634104491258979,2.4954355399593338,0.6579265546918371,0.4458024268741832,-0.4454620212121111
2.4480505351536284,0.3727003715694224,1.6436856418392611,2.489096936906546,0.695667372700559,0.4618150782093142,-0.37875595612592594
2.4466103282425973,0.39525220008829187,1.6248912767674302,2.489096936906546,0.695667372700559,0.4635331699826892,-0.37065224564715016
2.4455879866245933,0.4180337941830192,1.6064035205551777,2.485723523527329,0.7340534108532986,0.47445308275364173,-0.3130005276683846
2.444940425550149,0.4414927574327674,1.5915150505088382,2.4825276582207025,0.7730507101951075,0.48246527876636414,-0.2610217716638369
2.444597703619184,0.46564308161987356,1.5798012692296526,2.4825276582207025,0.7730507101951075,0.4829344492551659,-0.2576054079687803
2.4445116543753524,0.4898359300238173,1.5684661110819986,2.479499996351267,0.8126270990844559,0.48896352807938404,-0.2081939592512032
2.444691120833957,0.5141966365705457,1.5584541467979307,2.479499996351267,0.8126270990844559,0.48934631213063656,-0.20461635339867268
2.4430738547576514,0.5398210087229387,1.5497445622771977,2.4766316851065384,0.8527520991241048,0.4926961596368066,-0.1698907940056671
2.4413745661007056,0.5657665904964855,1.5420932486630246,2.4739143376115327,0.8933968360429857,0.49508352662765587,-0.13966286329999222
2.441987809062164,0.59060507594622,1.5358865363053387,2.4739143376115327,0.8933968360429857,0.4951041442021089,-0.13937209802661177
2.442931679515153,0.6154389747213571,1.5300656534708894,2.4713400084057375,0.9345339552685076,0.4976952719651428,-0.09583110242613735
2.4440110077064805,0.6403123865594758,1.5252536116822162,2.4689011702107737,0.976137541942426,0.49919190828862875,-0.056815646984502255
2.4451890177390414,0.665233491529472,1.5220711763658765,2.4689011702107737,0.976137541942426,0.49925002899510085,-0.05473698709563646
2.4464361141364,0.6901925857925537,1.5196627068366555,2.4665906919208083,1.0181830451464047,0.4998951967264172,-0.020472905971129718
2.447726835027499,0.7151587518156877,1.5184776921859875,2.4665906919208083,1.0181830451464047,0.49990292586404944,-0.019703647598766416
2.4490389016518144,0.7400749447403463,1.5178491016181441,2.464401817751367,1.0606472061157033,0.49997439248180453,0.010120558348525321
2.45036156203893,0.7649936793193284,1.517992043157861,2.462328147485581,1.1035079902310945,0.4996949380107746,0.034923169532686815
2.451674636876019,0.7899596281670664,1.5193928934018346,2.462328147485581,1.1035079902310945,0.49969596500246355,0.0348643653515639
2.4529441081054166,0.8149874961191372,1.5212411022929007,2.460363617760099,1.1467445225901525,0.4992609969108228,0.05433576002402374
2.454154620695398,0.8399190929254843,1.5234060417783213,2.460363617760099,1.1467445225901525,0.4992630521938595,0.054260242177146534
2.4553048435492073,0.8648510190842114,1.525762154171939,2.4585024843359586,1.1903370269695261,0.4987617715661311,0.07030439418661172
2.456390370950885,0.8897850142874812,1.5285220066299943,2.4585024843359586,1.1903370269695261,0.4987591919444831,0.07037743809220598
2.4572078947378895,0.909712588268361,1.5310186736634965,2.456739305302562,1.2342667679997255,0.49830367640298945,0.08225661557766428
2.4583394606698956,0.9396379649299771,1.5349818914788482,2.4550689251656603,1.2785159963833383,0.4979371820560085,0.09068062239117869
2.4591860642381587,0.9644975375865279,1.539028919121185,2.4550689251656603,1.2785159963833383,0.4979900344629083,0.0895153357308105
2.4599320425241,0.9893588661344772,1.5428926713948623,2.453486459772806,1.323067896996501,0.49777559011344785,0.09415276242707793
2.4605796496061156,1.0142028277687984,1.5468474296167838,2.453486459772806,1.323067896996501,0.49780426888383,0.09354608094552508
2.4596428665682737,1.0418871945963986,1.5506751645578738,2.451987282032207,1.3679065397218686,0.4981027496366062,0.08697735410002161
2.458490016351794,1.0698385676441227,1.554244226739952,2.4505670083832185,1.4130168328693251,0.49843152024314036,0.07910467540057797
2.458726421308336,1.0950021695210737,1.5577379131063582,2.4505670083832185,1.4130168328693251,0.49850376871315194,0.0772659548222514
2.4590067732812475,1.1199267618662478,1.561162626355527,2.4518530649654955,1.4583844790482345,0.4990543026380992,0.06145595225057021
2.459207133602156,1.1448059189595767,1.5642885028467017,2.4518530649654955,1.4583844790482345,0.4991034665749179,0.05983962822665201
2.4593403816664896,1.1697444292447283,1.566892314240049,2.455703013345814,1.5039959333622044,0.49978143047678114,0.029562809304956028
2.45941794225298,1.194749207275482,1.5685884506374237,2.455703013345814,1.5039959333622044,0.49979782878233664,0.028432594855309024
2.459455684178531,1.2197077162543977,1.5696920932324574,2.461981911850592,1.5498383638041262,0.49995712785300156,-0.013094897294936958
2.4594811634264513,1.2447159896120468,1.5694839374368315,2.461981911850592,1.5498383638041262,0.49995262223471854,-0.013765758157275099
2.4595174454106346,1.2697324241178531,1.5688832918066427,2.4705619209995957,1.5958996137356867,0.498981168012584,-0.06378413959939366
2.4595831506268357,1.2947260056890357,1.5664693436487558,2.4705619209995957,1.5958996137356867,0.4989699988437758,-0.06413221396755531
2.459726674926989,1.319739723010544,1.5635420263771238,2.4813219297062865,1.6421681663416419,0.49645773977253504,-0.11868341191381293
2.4599635229083585,1.34460464607419,1.5588520303615239,2.4941472011518386,1.6886331109549182,0.49247195861002047,-0.1724465611410093
2.4603389613431315,1.369378609825219,1.5521590883988639,2.4941472011518386,1.6886331109549182,0.4925107780359021,-0.17200689534284064
2.460890985622388,1.3941067055007395,1.5449403616262622,2.5089290372973645,1.7352841111540778,0.48716582208252085,-0.22417772393670077
2.4616297088522874,1.4185413794562045,1.5355147492430907,2.5089290372973645,1.7352841111540778,0.4874029168323571,-0.22214082706575056
2.4626054805181887,1.442927601705378,1.5257665801758946,2.525564461053392,1.7821113745398636,0.48118090181524764,-0.27012726200261816
2.4638195124164177,1.46716656111108,1.5147381745945054,2.525564461053392,1.7821113745398636,0.48143706259669594,-0.2683389578996396
2.463923208390538,1.4922981847790968,1.5032258823806102,2.5439559151772633,1.8291056241024533,0.4732760977793723,-0.31982201519706943
2.4642395041394707,1.5171332390153758,1.4900956210567493,2.5439559151772633,1.8291056241024533,0.4720891425869449,-0.3265310257177687
2.4660129026415145,1.5409471489257047,1.4759446228943376,2.5640109770180395,1.876258071095699,0.46535270220391056,-0.3618203206735907
2.4684158721708798,1.5642747214055266,1.4605755059099372,2.5640109770180395,1.876258071095699,0.4661884479498435,-0.3576723589504509
2.471153366492114,1.5873140716479757,1.444209709718258,2.5640109770180395,1.876258071095699,0.4671417176702147,-0.3528673372178438
2.4742804924417303,1.610399688915109,1.428191729316299,2.58564208827483,1.9235603893390403,0.4619064076171434,-0.37833069367522165
2.4777757904964997,1.6334333106857528,1.4119683996804917,2.58564208827483,1.9235603893390403,0.46261319134971446,-0.3750189800909187
2.4816058643362826,1.6562444316670213,1.3956449644071816,2.608766298978372,1.9710046908719456,0.45825263201922567,-0.39489165569563844
2.485803612922245,1.678865934104298,1.3790319145046923,2.608766298978372,1.9710046908719456,0.4590751669775907,-0.39124176031481395
2.490381071553708,1.7014261988414248,1.3618409525100805,2.6333050249472567,2.0185835028897023,0.45607016768225683,-0.4043700546411907
2.4953346544624146,1.7238038813424925,1.3442766311605607,2.6333050249472567,2.0185835028897023,0.45731111845026456,-0.39901660410424966
2.500679948257762,1.746098606784118,1.3267681183805378,2.6333050249472567,2.0185835028897023,0.45819459907260385,-0.39514752554322663
2.506428297673553,1.7683592244069928,1.3094357757537036,2.659183818009624,2.0662897458931098,0.4568566869672575,-0.40098785177240415
2.5125509394937158,1.7904799085578134,1.2919291684461982,2.659183818009624,2.0662897458931098,0.4578754782253885,-0.39655072442308514
2.5190307778128638,1.8124076673409064,1.2741347660406641,2.6863321483184492,2.11411671298819,0.45792745101315663,-0.39632263503064213
2.525904836392991,1.8342020973718753,1.2564055710204436,2.6863321483184492,2.11411671298819,0.4593010677676261,-0.39023163606706845
2.533219864289645,1.8560417476159596,1.2393913678869832,2.6863321483184492,2.11411671298819,0.46004509275509803,-0.3868806844626155
2.5409071496790876,1.8777893909484913,1.2224268137438359,2.714683198123918,2.162058050275391,0.46143841614371633,-0.3805034637216861
2.548979993311532,1.8994508816598223,1.2056638521128784,2.714683198123918,2.162058050275391,0.4623797073191773,-0.3761170748030398
2.5578675388452776,1.9221113971311574,1.1882896738972202,2.7441736663998917,2.210107738270934,0.4645728849591964,-0.36563813788209587
2.5665845448676468,1.942745162615756,1.1712062251515722,2.7441736663998917,2.210107738270934,0.46632313064278086,-0.3569983162635263
2.5762398236926067,1.9643934518516684,1.1536754313805464,2.7747435837531853,2.2582600743059955,0.46964401279369083,-0.3398559711548824
2.585911778497138,1.9857186431282,1.138705576663765,2.7747435837531853,2.2582600743059955,0.47068001028279977,-0.334288157406917
2.595959701357895,2.007079405688998,1.1240037010367385,2.7747435837531853,2.2582600743059955,0.47134168807033916,-0.33067284268008723
2.606358161035903,2.0283830689417375,1.1098626675967405,2.8063361370744664,2.3065096558522535,0.4742967257403092,-0.313916810216862
2.6170598026013927,2.049555275874253,1.0958435521693053,2.8063361370744664,2.3065096558522535,0.475066670077082,-0.3093739273435191
2.6280841461887174,2.0706471807037996,1.0822088812138584,2.838897503418052,2.3548513647250577,0.47810649697973673,-0.29062400639729347
2.6417450905979365,2.095876482880982,1.0666165016944993,2.838897503418052,2.3548513647250577,0.47899143111042286,-0.28489646103324484
2.651090361639584,2.112620373827701,1.0566797278750424,2.838897503418052,2.3548513647250577,0.4793009678084464,-0.28286164305062345
2.66298055378077,2.1333824681087616,1.0446327668084785,2.8723766926248726,2.403280352118036,0.48244839083492513,-0.26114381303261447
2.6752200737204195,2.1541662852097154,-5.250405593980609,2.8723766926248726,2.403280352118036,0.48300906936469623,-0.2570573668814443
2.6902837006335645,2.179006186643001,-5.263921195091892,2.906725398228443,2.451792024425417,0.4859909903276888,-0.23398682113841218
2.7005242841301875,2.1954901027394467,-5.272499157660653,2.906725398228443,2.451792024425417,0.486409267258688,-0.230546679356746
2.7135860604185815,2.2160852950953913,-5.282564518463724,2.906725398228443,2.451792024425417,0.48665869510673804,-0.22846828177267942
2.724162552909183,2.232434752871633,-5.2907936621860445,2.9418978562078806,2.500382029810642,0.4893052083110729,-0.2050037327933123
2.7484381514699923,2.2689240240598583,-5.308118386651877,2.9418978562078806,2.500382029810642,0.4900048414144289,-0.1982994966728211
2.762289022042758,2.2891584411233463,-5.316830139382308,2.97785071117498,2.549046245482069,0.49231638839437913,-0.17419684021964388
2.7763582437535756,2.309348091266415,-5.324867933543747,2.97785071117498,2.549046245482069,0.4925669908097195,-0.17136813338887824
2.7934915244139944,2.3334932589523536,-5.333889018083823,3.01454288960407,2.5977807656386664,0.4943993665952554,-0.14897935266756313
2.8095737351858237,2.356119805358258,-5.342676538374967,3.01454288960407,2.5977807656386664,0.494678748395435,-0.1452496471560606
2.823167684194418,2.3749793328207023,-5.350083751240053,3.0519354797339857,2.6465818900506406,0.49613305768132027,-0.12396996353320777
2.8391668433197417,2.3965981332375907,-5.3575007954443965,3.0519354797339857,2.6465818900506406,0.4964084220284199,-0.11950185377397282
2.8541543841450867,2.4164076305420945,-5.36276249299249,3.0519354797339857,2.6465818900506406,0.4964751060971992,-0.11839383377396473
2.8692436366039047,2.4361384558732837,-5.367966181949828,3.089991617790984,2.695446113241886,0.4975389981224981,-0.09901389904741031
2.887521355345255,2.4597631568524516,-5.373308781157979,3.089991617790984,2.695446113241886,0.49762213392549726,-0.09733385321770038
2.899780879198227,2.4754753461762853,-5.376732555067428,3.1286763801999222,2.744370114243068,0.4983321687426188,-0.08156481160662021
2.918289509132629,2.4989959009327727,-5.3811353314314765,3.1286763801999222,2.744370114243068,0.4983997464797656,-0.07989978384713814
2.930688903783434,2.5146422316437445,-5.383959316674237,3.1286763801999222,2.744370114243068,0.49842208102108143,-0.07934172378547144
2.94625126491408,2.534152516735187,-5.387422614202657,3.1679566814685267,2.7933507468860554,0.4989410565000934,-0.06502544084353068
2.965026484569254,2.557513961858783,-5.391368439760019,3.1679566814685267,2.7933507468860554,0.49900489630737294,-0.06303825249461492
2.9775766521398044,2.5730327362496705,-5.393501435697363,3.2078011774461586,2.8423850306123137,0.4993180311436009,-0.05219940108793919
2.9933212601080132,2.592409139201152,-5.395985853308148,3.2078011774461586,2.8423850306123137,0.4993489141806653,-0.051005092371879224
3.0091269445847466,2.6117623540836536,-5.398222393509314,3.2078011774461586,2.8423850306123137,0.49936126446522416,-0.05051954454924923
3.0249748719566867,2.6310848845673824,-5.400436872241175,3.2481801736741964,2.8914701417698216,0.499575074904818,-0.04121282889626399
3.040870989396419,2.650380745508171,-5.402402532138929,3.2481801736741964,2.8914701417698216,0.49959247299198345,-0.04036088944618588
3.056807986375813,2.6696538564908074,-5.4041869649712035,3.289065538560035,2.9406034053751307,0.4997158085699411,-0.033707973479372044
3.0727752878859285,2.688897708393215,-5.4058745893327105,3.289065538560035,2.9406034053751307,0.4997317076966609,-0.03275193886634109
3.088761485729502,2.7080992663311036,-5.407438329232046,3.289065538560035,2.9406034053751307,0.49974125690262167,-0.032164051535759186
3.1047715379307412,2.727271263382205,-5.4088295603283525,3.33043062112079,2.989782287319301,0.4998147876093449,-0.027214351429028727
3.120821933998382,2.7464411766179193,-5.41006376936323,3.33043062112079,2.989782287319301,0.4998207980281351,-0.026769270545410784
3.140117648851205,2.769424877484827,-5.411475841136858,3.372250173056143,3.0390043869987964,0.499860518832329,-0.023617683902057318
3.1530015368364177,2.7847354971927203,-5.4123587226727485,3.372250173056143,3.0390043869987964,0.49986533858593335,-0.023206136794467036
3.1691279446282508,2.803862490546077,-5.4133753501370165,3.372250173056143,3.0390043869987964,0.49986820023440354,-0.022958294214760477
3.1855469487910346,2.8250525199388097,-5.414133813566316,3.414500274922372,3.088267430354863,0.4997997640544191,-0.028296228577976756
3.202265910856985,2.8484908199671253,-5.414586798938657,3.414500274922372,3.088267430354863,0.4995010442275855,-0.04465606781294951
3.221900567892493,2.873433703851008,-5.416344858285898,3.4571582661915743,3.1375692633075816,0.4994395380069576,-0.04732605300839787
3.2380891137977184,2.8924627325591103,-5.41837453288235,3.4571582661915743,3.1375692633075816,0.4994537895378988,-0.04672102532902478
3.251072084259219,2.9076671954204425,-5.420016682138185,3.4571582661915743,3.1375692633075816,0.4994620666244122,-0.04636599643921613
3.2673386265996625,2.9266439466950036,-5.422047699828781,3.500202678991345,3.186907845573557,0.49959078690223213,-0.04044424040749428
3.2836473305086082,2.9455950821668786,-5.42392338650194,3.500202678991345,3.186907845573557,0.4996063191802383,-0.03966976868105776
3.2999944805401045,2.9645213556719607,-5.42567664021961,3.5436131753308477,3.2362812448590623,0.4996916812261264,-0.035108995978996194
3.31965537637046,2.9871968602033476,-5.427673555444047,3.5436131753308477,3.2362812448590623,0.4997095029467275,-0.03407969810970035
3.336047468730743,3.0060347848930995,-5.429193422732413,3.5436131753308477,3.2362812448590623,0.4997166552819614,-0.033657745467139843
3.3524732268360715,3.024854188656004,-5.430691213546709,3.587370487629235,3.2856876314231953,0.4997802826658666,-0.02964030339264878
3.368940261506342,3.043667680926043,-5.432022515835448,3.587370487629235,3.2856876314231953,0.4997875413935319,-0.02914675933759181
3.3854337330099353,3.062463685527791,-5.433300549880547,3.587370487629235,3.2856876314231953,0.49979095811395297,-0.02891152530519092
3.39864783789967,3.0774878446566865,-5.434314935066812,3.6314563623718126,3.3351252730081047,0.4998338694868159,-0.025774756925643683
3.4185009253762955,3.1000043723216972,-5.435721939565374,3.6314563623718126,3.3351252730081047,0.49984032051954463,-0.02526950675289119
3.4350693653575233,3.118747613185186,-5.436841699566433,3.6758535067282017,3.3845925301352424,0.49986730717500855,-0.023035927081351826
3.4516501113920723,3.137461993075961,-5.437874501765555,3.6758535067282017,3.3845925301352424,0.4998721487126749,-0.02261185957362344
3.468227908732918,3.156133272100397,-5.4388708299739275,3.6758535067282017,3.3845925301352424,0.4998750615637016,-0.022352845390561926
3.4848426133047665,3.1748130685397653,-5.43985826827668,3.7205455379750263,3.434087851767621,0.4998930386390188,-0.02068258161785852
3.5014808242130533,3.1934837665399733,-5.440778556546816,3.7205455379750263,3.434087851767621,0.4998962891757872,-0.020365942152003047
3.518138454831009,3.212142228087604,-5.441671980240127,3.7205455379750263,3.434087851767621,0.4998979095701484,-0.020206242725153922
3.531478695751872,3.22706128936756,-5.442383347571642,3.7655169355733933,3.4836097713377603,0.4999087747143369,-0.01910093370776833
3.551510811090835,3.249424005758353,-5.443404245644408,3.7655169355733933,3.4836097713377603,0.4999118595300121,-0.01877525216699727
3.5682188745340575,3.2680392122545667,-5.44421778002628,3.810752995758637,3.5331569031389978,0.499916972181706,-0.018222659531441976
3.5807656381249178,3.2835990013537524,-5.444273112773093,3.810752995758637,3.5331569031389978,0.49983807425379234,-0.025446575799038307
3.5977117034146833,3.308565507830462,-5.443605753114584,3.810752995758637,3.5331569031389978,0.49922801870153277,-0.05553337662017965
3.6137687408492605,3.3277074183506814,-5.445394260785475,3.8562397885065005,3.5827279390737186,0.4992621875124202,-0.054292026275346905
3.630506596116268,3.346255193639312,-5.447774134247956,3.8562397885065005,3.5827279390737186,0.49928325149139213,-0.053512355461858285
3.647291894313274,3.364768671044704,-5.450128276195365,3.8562397885065005,3.5827279390737186,0.4992954089528207,-0.05305711441533445
3.6641235938575356,3.3832447380264394,-5.452459798648196,3.9019641167462455,3.632321645745491,0.49950496603604855,-0.04448036783979392
3.6810063557277974,3.401692696154867,-5.454503617076841,3.9019641167462455,3.632321645745491,0.4995218975723246,-0.043713690354442614
3.697916260070624,3.420096832598654,-5.456324498177745,3.9479134776970977,3.681936861872987,0.4996641632787671,-0.036641442191660545
3.7148456048354053,3.4384554730101646,-5.457997139932594,3.9479134776970977,3.681936861872987,0.4996782039603729,-0.03586773033863622
3.7318152174272132,3.4568018748444596,-5.459586315852177,3.9479134776970977,3.681936861872987,0.49968599110700895,-0.03543132062422172
3.7488178417588696,3.4751291032108886,-5.461143609589188,3.9940760262101724,3.731572495991897,0.4997940429487202,-0.028697482256006546
3.765852505018816,3.4934373724098124,-5.462460499617387,3.9940760262101724,3.731572495991897,0.4998018866990458,-0.02814589860336858
3.782913779010295,3.5117288674105893,-5.463711830309851,3.9940760262101724,3.731572495991897,0.499805828539095,-0.02786457523630881
3.7999987928734287,3.529999537141193,-5.464939746239027,4.037808961017095,3.781227524397259,0.4999706557015382,-0.010833810662369325
3.8171256535913045,3.548269259133664,-5.465920945329028,4.037808961017095,3.781227524397259,0.4999768251239765,-0.00962787223101047
3.8342556992963264,3.5665184932876084,-5.4660159334527005,4.081871732868958,3.830900989263414,0.49999907035308827,0.001928362488032631
3.851350997626727,3.584730591606628,-5.466164186865472,4.081871732868958,3.830900989263414,0.4999985719037663,0.002390056764721482
3.8684656820178116,3.602962846749123,-5.466050743254983,4.081871732868958,3.830900989263414,0.4999986109097478,0.0023571907315975693
3.8855786128570244,3.6212046418919774,-5.465952715996677,4.123615399291634,3.8805919968632328,0.4998776581239987,0.022119397266062935
3.90268328019458,3.6394468231907897,-5.465157084471838,4.123615399291634,3.8805919968632328,0.4998771167490799,0.02216827350585593
3.9197715390306103,3.657708921535135,-5.464201903197063,4.123615399291634,3.8805919968632328,0.49987896961368067,0.022000543267784556
3.933429042906069,3.6723284797633617,-5.463414057465222,4.1657935925082485,3.930299715793738,0.4996831794705027,0.03558950982579567
3.957273299180743,3.697907345011468,-5.461656523547729,4.1657935925082485,3.930299715793738,0.4996775788384798,0.035902533114613444
3.9708570318389045,3.7125200768886426,-5.460418818708823,4.205751857100647,3.980023375103547,0.4992472621214804,0.05483773855990859
3.9876774131666206,3.728168082371341,-5.460149185778796,4.205751857100647,3.980023375103547,0.498836941747246,0.06814123443644182
4.004502347691827,3.74240931195477,-5.460030787332315,4.205751857100647,3.980023375103547,0.49798666158556426,0.0895901596541071
4.024776113578969,3.7631131458046676,-5.456503029908781,4.246238601736485,4.0297622622103715,0.49740299669184734,0.10170149075057977
4.038231788627367,3.777779032386687,-5.4530584284681485,4.246238601736485,4.0297622622103715,0.4974477366877059,0.10082540276722107
4.054974041618146,3.7961729811654754,-5.448618000407189,4.246238601736485,4.0297622622103715,0.4974937787490766,0.09991565986000683
4.071638346401619,3.8146429524717975,-5.444193240489042,4.975002120699406,4.975002150501728,0.49508249117142805,0.13967744963113282
4.0881375382520595,3.833100563720574,-5.439006178472553,4.975002120699406,4.975002150501728,0.4956270662475024,0.13177606733234248
4.104492734614466,3.8516060144553252,-5.432904887746271,4.975002120699406,4.975002150501728,0.49625955372950015,0.12193825640126321
4.12078968000332,3.870283689061189,-5.4274287317671,4.975002120699406,4.975002150501728,0.49678073375795934,0.11317352022258054
4.137013157545291,3.8890661710370376,-5.422322162926132,4.975002120699406,4.975002150501728,0.49722997206967984,0.10501967107128651
4.153163673399327,3.907950802945641,-5.41757685478013,4.975002120699406,4.975002150501728,0.4976158360786045,0.09746215319686335
4.169245394288576,3.926930326828905,-5.413168723389811,4.975002120699406,4.975002150501728,0.49794711904493333,0.09046269365489401
4.185261757071992,3.94599437984714,-5.409151486087509,4.975002120699406,4.975002150501728,0.4982249104646937,0.0841391556093185
4.201207909222794,3.965126225598821,-5.405267217752866,4.975002120699406,4.975002150501728,0.4984756702692352,0.07798626352621496
4.217053296487413,3.9842851899072764,-5.401681601577188,4.975002120699406,4.975002150501728,0.4986892264560499,0.07233020381871413
4.236021298425504,4.007396298333686,-5.397697566022127,4.975002120699406,4.975002150501728,0.4989066611898313,0.06607114840027184
4.251777859013879,4.026731438934248,-5.394758629407178,4.975002120699406,4.975002150501728,0.49905198232889414,0.06153117958764187
4.26435062619499,4.042237034326304,-5.3925546962214765,4.975002120699406,4.975002150501728,0.4991534942018802,0.05814852535763548
4.28002522984248,4.0616654511128925,-5.38993949104302,4.975002120699406,4.975002150501728,0.4992663104145523,0.05414030753131627
4.295656231246481,4.081140031970667,-5.3874430704605505,4.975002120699406,4.975002150501728,0.4993665672000697,0.050309624950262366
4.311242909306488,4.100657142311326,-5.385174856856383,4.975002120699406,4.975002150501728,0.4994501984624197,0.04687421782888501
4.3267801318695565,4.120201586185799,-5.383096730312304,4.975002120699406,4.975002150501728,0.49952079835595165,0.04376387301006823
4.342307813466895,4.141400498963965,-5.379461313753617,4.975002120699406,4.975002150501728,0.4996817223615665,0.03567121359873959
4.357799984735782,4.1635752970594,-5.375270123700959,4.975002120699406,4.975002150501728,0.4998411044988819,0.025207413963725722
4.376253698619865,4.188540427132659,-5.372515468025765,4.975002120699406,4.975002150501728,0.4999112648252911,0.018838476893690448
4.3915798037983045,4.208300607228929,-5.371623897541253,4.975002120699406,4.975002150501728,0.4999232346426167,0.017522047457372514
4.406893928087568,4.228077742263275,-5.370833058522517,4.975002120699406,4.975002150501728,0.49993283755467094,0.016389622077191968
4.422193263756838,4.247868277359482,-5.370087762376473,4.975002120699406,4.975002150501728,0.4999412475793466,0.015329274997829767
4.437474838065249,4.267668745501108,-5.3694259176108075,4.975002120699406,4.975002150501728,0.49994805023037125,0.01441461368904684
4.4527285677271315,4.2874594773850365,-5.368891562314103,4.975002120699406,4.975002150501728,0.49995279369312257,0.0137408286552827
4.46797256076567,4.307256221209549,-5.368226852466591,4.975002120699406,4.975002150501728,0.49995901974779194,0.012802726800223985
4.483215059977729,4.3270778975253,-5.367641791402245,4.975002120699406,4.975002150501728,0.49996395029310825,0.01200792088890923
4.498450519284276,4.346911202817481,-5.367100020308308,4.975002120699406,4.975002150501728,0.49996812431966964,0.011291410357422427
4.5136785391536405,4.366756023670327,-5.366586626810481,4.975002120699406,4.975002150501728,0.49997179237940387,0.010621919699481897
4.528898372738329,4.386611001666581,-5.3661097309832,4.975002120699406,4.975002150501728,0.49997492229211954,0.010015320216616441
4.544108291612983,4.406474956449632,-5.36565588297636,4.975002120699406,4.975002150501728,0.4999777122855282,0.009441797835320287
4.559297551811253,4.42633129977888,-5.365344167323365,4.975002120699406,4.975002150501728,0.4999791038073529,0.00914231150515099
4.5744702433415405,4.4461809456368755,-5.364914712065858,4.975002120699406,4.975002150501728,0.4999814915895471,0.008604147727806488
4.589646849226067,4.466048451580007,-5.364522552413742,4.975002120699406,4.975002150501728,0.49998342785116023,0.008141668409417102
4.604822235536227,4.485927235467553,-5.364150866345805,4.975002120699406,4.975002150501728,0.4999850961713445,0.007720999535143713
4.619992408970873,4.505815115797792,-5.363797796699638,4.975002120699406,4.975002150501728,0.4999865594013306,0.007332202286228995
4.635158762046766,4.525711344067221,-5.363461349853682,4.975002120699406,4.975002150501728,0.49998783315798556,0.006976129384704155
4.6503187261040635,4.545614119369172,-5.363149460629245,4.975002120699406,4.975002150501728,0.4999888942065354,0.0066650094982558805
4.66546849221527,4.565520245313385,-5.362865183825112,4.975002120699406,4.975002150501728,0.49998975976652665,0.006400018345250835
4.6806002124820205,4.58541408275025,-5.36270993063165,4.975002120699406,4.975002150501728,0.4999897740924251,0.006395540100762487
4.69572496423807,4.605303199856819,-5.362361569319494,4.975002120699406,4.975002150501728,0.4999909212177331,0.006026157945029809
4.712959897887685,4.623449666799501,-5.363584739884255,4.975002120699406,4.975002150501728,0.4998864988397836,0.021305369496892768
4.730774342013101,4.641150072170021,-5.364628045096268,4.975002120699406,4.975002150501728,0.49957358458079537,0.04128498649455903
4.746349415990304,4.660683223542956,-5.363261928846239,4.975002120699406,4.975002150501728,0.49951808694850214,0.043887411097416784
4.761471564222954,4.680574978478204,-5.361366576980108,4.975002120699406,4.975002150501728,0.4995374618107845,0.04299682881930589
4.776559745206507,4.700505445710767,-5.3594350285817045,4.975002120699406,4.975002150501728,0.49955520395235176,0.04216474775283352
4.791598113572433,4.720451335849202,-5.357668290881917,4.975002120699406,4.975002150501728,0.49956226636524065,0.041828911290100024
4.80659171652685,4.740412675336544,-5.355854134050439,4.975002120699406,4.975002150501728,0.4995662828533913,0.041636704755473986
4.821554787756509,4.760402864456291,-5.35400093088993,4.975002120699406,4.975002150501728,0.49956495034324466,0.04170056968485736
4.836489181817957,4.780429300060158,-5.352164008698894,4.975002120699406,4.975002150501728,0.49955419082409985,0.04221270490833051
4.8513891131325675,4.800486373083441,-5.350306846335198,4.975002120699406,4.975002150501728,0.4995323689516851,0.04323270949697289
4.866253484726787,4.820573032589819,-5.348405920412241,4.975002120699406,4.975002150501728,0.49949493847831405,0.04492823787780176
4.881076921643666,4.840686881068379,-5.346472915937282,4.975002120699406,4.975002150501728,0.49943220260253707,0.0476344601453087
4.895848980105595,4.860819491539441,-5.344466212439102,4.975002120699406,4.975002150501728,0.49932863388990045,0.051792490094622945
4.910578084975498,4.88098380486222,-5.342408288201381,4.975002120699406,4.975002150501728,0.49914364112529325,0.05848548218373684
