2.6808319520897026,-0.01279534928129955,5.236443242005368,2.6750020864267348,0.025002076740980428,1.0755238864049132e-07,0.992186572704203
2.6813638556600026,-0.013606397725705932,5.260722367317884,2.6750020864267348,0.06591123856657127,3.108338352532002e-07,0.9905126433405234
2.681332816711045,-0.013672651852862927,5.303300636229121,2.6750020864267348,0.11425851908106976,6.710255057372836e-07,0.9890301540420952
2.6812007627343597,-0.01346358129867653,5.346576942188891,2.6750020864267348,0.1639582045342364,1.2159188406268463e-06,0.9876941528823349
2.681121439877881,-0.01336818064907952,5.398740625090699,2.6750020864267348,0.21390373545964583,2.2258286326016793e-06,0.9861314385500217
2.681012308304801,-0.013240252856970613,5.4331540469058766,2.6750020864267348,0.2638939058042109,3.2891892260123695e-06,0.9849955104628607
2.680730038215591,-0.012925338558156696,5.475238148980258,2.6750020864267348,0.3138921511169774,5.1456995739782025e-06,0.9835535614371504
2.6802601858683346,-0.0124511557722915,5.516238643269835,2.6750020864267348,0.3138921511169774,7.699137043282943e-06,0.9821105712810376
2.679938101988226,-0.01213840669008448,5.558136708727446,2.6750020864267348,0.3138921511169774,1.1485368125536093e-05,0.9805246404180212
2.6798039415961465,-0.012010817092313886,5.600976381189102,2.6750020864267348,0.3138921511169774,1.7066037665092107e-05,0.9787838782303167
2.6796857691926697,-0.011913260628354294,5.643851619222327,2.6750020864267348,0.3138921511169774,2.516667719583501e-05,0.9768898790093821
2.679555476953878,-0.011826906079695831,5.686658608552526,2.6750020864267348,0.3138921511169774,3.6826212263974365e-05,0.9748304584672747
2.679419021454045,-0.011742321276551948,5.729354931379652,2.6750020864267348,0.3138921511169774,5.344487597792327e-05,0.972595004993466
2.679299446799453,-0.011662569361158504,5.771923923905788,2.6750020864267348,0.3138921511169774,7.687333590996332e-05,0.9701745134149238
2.6791721353905604,-0.011592838849681542,5.8227019428854785,2.6750020864267348,0.3138921511169774,0.00011741903722532766,0.967013768877423
2.678112239117537,-0.011758154797615106,5.856413964101128,2.6750020864267348,0.3138921511169774,0.00015843086053612878,0.9645270348687176
2.672235609683323,-0.012793913653673883,5.906845354039191,2.6750020864267348,0.3138921511169774,0.00027191642606061136,0.9594282646611119
2.6702466833710634,-0.01306528307861754,5.9408515452399895,2.6750020864267348,0.3138921511169774,0.0003698510779906751,0.9561163023043784
2.669978109011982,-0.012975078167904996,5.991502532694091,2.6750020864267348,0.3138921511169774,0.0005438812906133219,0.9514730494338652
2.669877018663687,-0.012953377069846894,6.033152967499989,2.6750020864267348,0.3138921511169774,0.0007389524332182618,0.9473367001650448
2.669746589461143,-0.012926189299905744,6.074661687337577,2.6750020864267348,0.3138921511169774,0.0009965795369431798,0.9428638348587488
2.6696316030269056,-0.012905334448330308,6.115961446384635,2.6750020864267348,0.3138921511169774,0.0013322612228599954,0.9380539620072725
2.669536730212828,-0.012891687569160482,6.1570471316015025,2.6750020864267348,0.3138921511169774,0.0017654181026597732,0.9328889784318979
2.669440259016186,-0.012880420486304445,6.197828404574441,2.6750020864267348,0.3138921511169774,0.0023188816258203604,0.9273514622018366
2.669314894597253,-0.012869093535018195,6.238122480507737,2.6750020864267348,0.3138921511169774,0.003017666309542349,0.9214358365648581
2.66903574616631,-0.012846076727322853,6.277351779382885,2.6750020864267348,0.3138921511169774,0.0038867143253763768,0.9151562494017613
2.668792818297561,-0.01285094559384703,-6.249887261646733,2.6750020864267348,0.3138921511169774,0.004967623272388392,0.9084353836585128
2.668976981456222,-0.012834835649108811,-6.2095554144520175,2.6750020864267348,0.3138921511169774,0.006304960458875467,0.9012293475685162
2.6691073242111862,-0.012814996208806662,-6.170142839680936,2.6750020864267348,0.3138921511169774,0.007917391905136607,0.8936399102940298
2.6693590770878206,-0.012776532185805323,-6.123081014571288,2.6750020864267348,0.3138921511169774,0.01029206471249819,0.8839209073198708
2.669623985341298,-0.012727848312394485,-6.0920417003100145,2.6750020864267348,0.3138921511169774,0.012158682466793212,0.8771304790129726
2.66953716023529,-0.013236731597190854,-6.055294955323978,2.6750020864267348,0.3138921511169774,0.014834946785194704,0.8683179614345826
2.6693828866434988,-0.013908835127979913,-6.019644112267508,2.6750020864267348,0.3138921511169774,0.017918186530879395,0.8591565761654012
2.6697183661592003,-0.014081690518555234,-5.983020609987226,2.6750020864267348,0.3138921511169774,0.021476364632924173,0.8495470542566097
2.6707250926542248,-0.013743380511787251,-5.938249215330715,2.6750020864267348,0.3138921511169774,0.02638530324751406,0.8375194795019862
2.6717373773061457,-0.013377161127879234,-5.901373109687603,2.6750020864267348,0.3138921511169774,0.03101541482686615,0.8271388232619354
2.6728375751826476,-0.012911390529044553,-5.864370754813486,2.6750020864267348,0.3138921511169774,0.036267263106138994,0.8162106331372581
2.674127178916576,-0.012310764933605611,-5.827912255640204,2.6750020864267348,0.3138921511169774,0.042004514010276786,0.805064412375325
2.675863025214772,-0.01141833835215067,-5.792800542545599,2.6750020864267348,0.3138921511169774,0.047874285935525666,0.7943303894249307
2.677809163791375,-0.010332430000179471,-5.758042417992029,2.6750020864267348,0.3138921511169774,0.05413411420464865,0.783476758052932
2.6799135917975754,-0.0090554864294905,-5.723812065890296,2.6750020864267348,0.3138921511169774,0.06074402021591737,0.7725533306242078
2.6821138388370525,-0.007607007036547486,-5.690110440941312,2.6750020864267348,0.3138921511169774,0.06771137964493984,0.7615262998225039
2.684265437708511,-0.006069752029752351,-5.658854613649135,2.6750020864267348,0.3138921511169774,0.07457182753551937,0.7510716040199741
2.685560794356853,-0.005061304403152889,-5.634163343473771,2.6750020864267348,0.3138921511169774,0.08072658968118242,0.7419783004434055
2.6862592755002037,-0.004544648650959715,-5.613468022212282,2.6750020864267348,0.3138921511169774,0.0865618549985593,0.733571124126458
2.688180628758232,-0.0030315536763154682,-5.588106315261752,2.6750020864267348,0.3138921511169774,0.09292727984975578,0.7246062566405125
2.6921624183872392,0.0004167062558515511,-5.549961135318715,2.6750020864267348,0.3138921511169774,0.10173314312040703,0.712508076660284
2.69570669074867,0.0037267797704778616,-5.518724615359168,2.6750020864267348,0.3138921511169774,0.10889502843104289,0.7028901825416871
2.699414311352747,0.007421496944123973,-5.487977046218129,2.6750020864267348,0.3138921511169774,0.11585013283752436,0.6937121132770674
2.703146140320831,0.01140633887311715,-5.458316948781634,2.6750020864267348,0.3138921511169774,0.122457156496771,0.685121700167109
2.7061995717397274,0.014814345315704358,-5.43510314419472,2.6750020864267348,0.3138921511169774,0.1274731627625858,0.6786734059211881
2.710060554350772,0.019349304456673266,-5.406025033154532,2.6750020864267348,0.3638918441669558,0.1412354901389567,0.6612551154732973
2.7150521010635575,0.02559904689695891,-5.3713008095316415,2.6750020864267348,0.3638918441669558,0.14959339984006548,0.650838449921564
2.720201141595723,0.033485020223176676,-5.345127600707041,2.6750020864267348,0.3638918441669558,0.15336649662510465,0.6461687691109219
2.72574957077226,0.04240920886896227,-5.319635987130177,2.6750020864267348,0.3638918441669558,0.1556792462175071,0.6433154367891258
2.730074490039417,0.04897873439762357,-5.29169523841251,2.6750020864267348,0.3638918441669558,0.1611420173475247,0.636600414048242
2.7342041912760777,0.055467797099369776,-5.264565850487402,2.6750020864267348,0.3638918441669558,0.16633647098909907,0.630243829191983
2.7378893723854407,0.06153655218540166,-5.241297224772984,2.6750020864267348,0.3638918441669558,0.17023281257285486,0.6254917130063955
2.7411551404618493,0.06718849968750717,1.0620770690889876,2.6750020864267348,0.3638918441669558,0.17318734573684683,0.6218962977343785
2.744929083645582,0.07418563020070224,1.0865582092704138,2.634092924601144,0.4138917924668782,0.13918826279585012,0.6638236433898763
2.748266501774218,0.08077331642343744,1.1151660229653433,2.634092924601144,0.4138917924668782,0.14541160786597693,0.6560370120179704
2.7512352641729265,0.0870863127979149,1.144028567825001,2.634092924601144,0.4138917924668782,0.15230541832598454,0.647480098680689
2.7542302777376015,0.09394482491792289,1.1724062991757713,2.634092924601144,0.4138917924668782,0.1586528293476543,0.6396561116912101
2.7565673598958806,0.09967991349986072,1.1948784246970952,2.634092924601144,0.4138917924668782,0.1635043704214769,0.6337063300398347
2.7599188196775266,0.10860294037903273,1.2283216628668874,2.634092924601144,0.4138917924668782,0.17051366173339078,0.6251496587092975
2.762617612046153,0.11651264649576376,1.2557654563522438,2.634092924601144,0.4138917924668782,0.1757771667399371,0.6187498363095889
2.7651839275638714,0.12476292404177514,1.2829227462414878,2.634092924601144,0.4138917924668782,0.18060227821545966,0.6128989157321942
2.7671253339637847,0.13158264810855336,1.3044444743672656,2.634092924601144,0.4138917924668782,0.18414134444584415,0.6086154963789814
2.7698179804420757,0.14210977358753318,1.336496594610128,2.634092924601144,0.4138917924668782,0.1889931429827962,0.6027522557087077
2.771845076347933,0.1511233221193038,1.3626528436687206,2.5857456440866455,0.46389178460046226,0.1648284068332649,0.6320866497887292
2.7735476653213187,0.1596467867924911,1.3909613060318473,2.5857456440866455,0.46389178460046226,0.17079196490616744,0.6248107658369451
2.774873953389486,0.16759477251708788,1.4174034934289281,2.5857456440866455,0.46389178460046226,0.1765268391685317,0.6178398634840845
2.7760988958583486,0.1762532485166144,1.4447559740161466,2.5857456440866455,0.46389178460046226,0.18210002052845092,0.6110854050564023
2.7770947566022617,0.18515745611642132,1.4714908536037625,2.5857456440866455,0.46389178460046226,0.18717845187287627,0.6049441661509618
2.7778808924272695,0.1943044182042577,1.498076800384298,2.5857456440866455,0.46389178460046226,0.19192490518312347,0.5992134121805535
2.778442261500409,0.20375207476647894,1.524308145098348,2.5857456440866455,0.46389178460046226,0.19613266220011188,0.5941384499517386
2.778764692155411,0.21340674525714753,1.5503830187065284,2.5857456440866455,0.46389178460046226,0.19994997213424295,0.5895374069943455
2.7766544241946978,0.22253718458927096,1.5744941164275637,2.5857456440866455,0.46389178460046226,0.2061827490385391,0.5820280662079367
2.773926696540551,0.23181178463367047,1.5981194219713954,2.5360459586334785,0.5138917839943609,0.20194846169477412,0.5871293459393052
2.773215259546131,0.24180856488135838,1.623259131270313,2.5360459586334785,0.5138917839943609,0.20675446142283763,0.5813393122916573
2.7725819359384882,0.251617401310126,1.6498297538398654,2.5360459586334785,0.5138917839943609,0.2120990807399119,0.5748997099308268
2.7717296872230595,0.2608889709988542,1.67730661699098,2.5360459586334785,0.5138917839943609,0.2184418360803401,0.5672526065907568
2.771006095044454,0.26747226360370036,1.698047919097565,2.5360459586334785,0.5138917839943609,0.2235911093842085,0.5610373597038987
2.7696419654197584,0.2767079318998338,1.7397025643660704,2.5360459586334785,0.5138917839943609,0.23821182432714572,0.5433318823528419
2.7681441188537796,0.28444761251694217,1.7781106644228248,2.5360459586334785,0.5138917839943609,0.25287208432645775,0.5254464909943402
2.766135713471993,0.2931354719189905,1.8148051503258806,2.5360459586334785,0.5138917839943609,0.2657939169972026,0.509525328277826
2.7632990441813003,0.303756037561552,1.8457826470116745,2.5360459586334785,0.5138917839943609,0.27332125761434206,0.50016575302069
2.7594576072177546,0.3166836270938429,1.8679977234592549,2.4861004277080694,0.5638917845381126,0.2800275363739327,0.49176567428802187
2.755266550859643,0.3298833517797579,1.8897012613006565,2.4861004277080694,0.5638917845381126,0.2813154157738946,0.4901453364687749
2.750753061110796,0.3430834585209155,1.9112060688192873,2.4861004277080694,0.5638917845381126,0.2820352733033671,0.48923859933373004
2.745936572437518,0.3562542821943797,1.9326918683709264,2.4861004277080694,0.5638917845381126,0.2822500024902538,0.4889679773069566
2.740841670820794,0.36930116471620167,1.954018550847512,2.4861004277080694,0.5638917845381126,0.2819189339806676,0.4893851927039674
2.735530443571042,0.3821056427116627,1.974768474880502,2.4861004277080694,0.5638917845381126,0.28084839398005257,0.49073319474409205
2.7299134696979106,0.39486810703064634,1.9961400418431081,2.4361102573635045,0.6138917852548161,0.30032241105428276,0.46592459545504905
2.7236978941530836,0.40821162773397646,2.0166953131349983,2.4361102573635045,0.6138917852548161,0.3008098387131509,0.46529513481233553
2.71709405355284,0.4216632936830784,2.0370662105720116,2.4361102573635045,0.6138917852548161,0.3005157644771644,0.46567495442299767
2.7102409197834874,0.43494418433963666,2.057441612240216,2.4361102573635045,0.6138917852548161,0.299733967232477,0.46668390608026167
2.703120855638087,0.44807509941941603,2.0778561127946626,2.4361102573635045,0.6138917852548161,0.29840718341530376,0.4683935596589679
2.695770796388045,0.46099938185122014,2.0983461001709265,2.4361102573635045,0.6138917852548161,0.29653950551034275,0.4707946759591026
2.6882072421565084,0.4737088160958489,2.118869484398402,2.386112012050738,0.6638917859961087,0.3269548246971377,0.4307858515513172
2.6798412016561812,0.4871015682028226,2.137834175271746,2.386112012050738,0.6638917859961087,0.3262945204160035,0.43167750196951027
2.670776068910836,0.501057825051408,2.1567931572890218,2.386112012050738,0.6638917859961087,0.32433401262396394,0.4343181488023269
2.661667811333583,0.514528016876378,2.1738048496264955,2.386112012050738,0.6638917859961087,0.32079105740428177,0.43906525248798123
2.652225941638422,0.5280019332647328,2.1913265093062138,2.377021480826351,0.7138917867406959,0.38794025545663935,0.34186243037828423
2.6417448168493216,0.5423613871154096,2.210423429318386,2.377021480826351,0.7138917867406959,0.3879243274549484,0.34188787842168833
2.6244887985052454,0.5586715523646628,2.2296835679932894,2.3753688130409265,0.7638917874856985,0.4527305973183928,0.21921847382499426
2.6046547999527228,0.5768611355016517,2.2466867561681108,2.375068506360509,0.8138917882307504,0.4913235890106483,0.09328319212110148
2.5852517998389946,0.5996979392739572,2.2539982907682936,2.375068506360509,0.8138917882307504,0.4914717429253926,0.09248101295494493
2.5727947932124327,0.6149478436737255,2.257403080636653,2.37501403789202,0.8638917889758079,0.4997677565040023,-0.01524012728769708
2.557135549010523,0.6340452142126782,2.2569796341824753,2.375004207692833,0.9138917897208658,0.48821049263263067,-0.10879552800040226
2.5414944329905413,0.6531879565999095,2.2535679288478248,2.375004207692833,0.9138917897208658,0.48707368013579966,-0.1139422941263104
2.526218693975723,0.6720708982229677,2.2484092747275533,2.3750024522888964,0.9638917904659239,0.461733016509523,-0.19691975695959885
2.5143440449719403,0.6869275554466157,2.241348877266569,2.3750024522888964,0.9638917904659239,0.45990896004944115,-0.20162464285914616
2.49726123566753,0.7087322283935755,2.230726249032778,2.3750021445975817,1.013891791210982,0.427976746515248,-0.27186081140145224
2.4860018221328346,0.7233256714862346,2.2236189592304414,2.3750021445975817,1.013891791210982,0.4236101369138647,-0.28021822069659696
2.4699419379684624,0.7445901647516475,2.2110698650525844,2.3750020921529167,1.06389179195604,0.3906598457237565,-0.3374948376889282
2.4579421500086482,0.7608832363605096,2.197367481387761,2.3750020921529167,1.06389179195604,0.38617109935700145,-0.3446798163786631
2.446733661603126,0.7766268582437412,2.1820980862935246,2.3750020835414984,1.113891792701098,0.362063937417087,-0.3814353126279789
2.438058964688633,0.7891937300042287,2.1699576793573243,2.3750020835414984,1.113891792701098,0.35879255199734406,-0.3862180259568063
2.425653693982328,0.8076794721459617,2.1529161452170094,2.3750020835414984,1.113891792701098,0.35242610891483356,-0.3954051986632814
2.415717249744519,0.8229764571162068,2.1385223705730287,2.3750020821903446,1.1638917934461561,0.3341725100091158,-0.4209615386611584
2.406766538096452,0.8372735627464198,2.119532221242098,2.3750020821903446,1.1638917934461561,0.33241457246251394,-0.4233678167623589
2.3982309924003946,0.8515896720176706,2.101018780984628,2.3750020821903446,1.1638917934461561,0.32989465985353644,-0.4268017790650406
2.389957685604232,0.8660068464161554,2.082408565815498,2.37500208198904,1.2138917941912142,0.3222556138020339,-0.4371067692063707
2.3821185796726763,0.8802627982084097,2.063399019926836,2.37500208198904,1.2138917941912142,0.32066827557705724,-0.4392292011739999
2.374635867188374,0.8945427107751822,2.044173222615856,2.37500208198904,1.2138917941912142,0.31870398049253373,-0.4418470833593475
2.3674504031748125,0.9088918678672453,2.0248569085528203,2.37500208198904,1.2138917941912142,0.31610683305558607,-0.4452941880342616
2.3606074386036973,0.9232598774626783,2.0053812123392705,2.375002081960685,1.2638917949362722,0.3173154914879988,-0.4436919609169184
2.3540498114009,0.9377510168717524,1.986036743153929,2.375002081960685,1.2638917949362722,0.3157555786387428,-0.4457591797077214
2.347803603993057,0.9522755043598732,1.9668986708983065,2.375002081960685,1.2638917949362722,0.31347319416304253,-0.44877370065884303
2.341878597476958,0.966830832065968,1.9475340443311102,2.3750020819569193,1.3138917956813303,0.32029702040753566,-0.4397247068286714
2.3376326053248455,0.9821704641885081,1.9293435130077377,2.3750020819569193,1.3138917956813303,0.32099945624419274,-0.4387868955569014
2.33394033582805,0.997839059795556,1.911755379353865,2.3750020819569193,1.3138917956813303,0.3213448686343148,-0.438325293836345
2.328912751876926,1.0131424530003716,1.892648551189547,2.3750020819569193,1.3138917956813303,0.3190706443523021,-0.4413591289815044
2.3239603250421634,1.028490791825993,1.8734967451165268,2.3750020819564486,1.3638917964263884,0.3312518732987746,-0.4249544772630147
2.319245992726767,1.0440762738920792,1.854173660730951,2.3750020819564486,1.3638917964263884,0.3298938652361877,-0.42680285911916993
2.314792728045953,1.0599759153857011,1.8349778495361893,2.3750020819564486,1.3638917964263884,0.32761785044120645,-0.42988935775140535
2.310587716106257,1.0760427980531748,1.8166658211285789,2.3750020819563944,1.4138917971714464,0.34289685662009556,-0.4088824438685471
2.3066836372251434,1.0922014410176253,1.7989578508131026,2.3750020819563944,1.4138917971714464,0.3410147126377352,-0.4115083349297193
2.302947747971789,1.1089821856162576,1.7811100239665818,2.3750020819563944,1.4138917971714464,0.3380605946984982,-0.4156072423340864
2.299545091531403,1.1256733750216448,1.7630789862848093,2.415911243781978,1.4638917979165045,0.28892989171216876,-0.4805141531377489
2.29669813794734,1.1410130682879895,1.7433209898720883,2.415911243781978,1.4638917979165045,0.2873777803445022,-0.48248468816486134
2.2940445648829915,1.15748297040796,1.7187673317349115,2.415911243781978,1.4638917979165045,0.2871978690898941,-0.4827128504870335
2.292361714467873,1.1695320697999296,1.700996085551055,2.415911243781978,1.4638917979165045,0.2865465558769082,-0.4835384122378439
2.2906298033071657,1.1838703433587288,1.6798706092332403,2.415911243781978,1.4638917979165045,0.2852338652977586,-0.4852002673823008
2.289216876744378,1.1981589026662025,1.6586313461463038,2.4233493624708853,1.5138917986615625,0.30959609596317894,-0.45386778087323576
2.2880623724996703,1.213044556364279,1.6386021545422225,2.4233493624708853,1.5138917986615625,0.3090878236125168,-0.4545331717176725
2.2870127874813875,1.2319684521621603,1.6138132876054603,2.4233493624708853,1.5138917986615625,0.3072353120848857,-0.45695370658223144
2.2864961034835733,1.2472794395526723,1.5944768872037156,2.4247017674095526,1.5638917994066206,0.34230441539461876,-0.40971022175995897
2.286285395200487,1.2604769461250651,1.5793777257792694,2.4247017674095526,1.5638917994066206,0.3415220515726769,-0.4108016334290202
2.2863067365324063,1.2779161344315426,1.5620883458897912,2.4247017674095526,1.5638917994066206,0.33827658321796616,-0.41530846920878506
2.286597346829968,1.2950976546928263,1.5447556866554804,2.4247017674095526,1.5638917994066206,0.3343405422432967,-0.42073106665184923
2.287186381406803,1.3121626092027316,1.527323074117603,2.424947612881796,1.6138918001516787,0.3718220763416499,-0.36689714873177726
2.2883638590885393,1.3339766947899268,1.5069380652745683,2.424947612881796,1.6138918001516787,0.36879877098043934,-0.37144694165082603
2.2894173178945803,1.3489892651209168,1.4944983068101525,2.4249922523009513,1.6638918008967367,0.40201194487898045,-0.3187427914731964
2.291044650334644,1.3684238394870718,1.4804983722479925,2.4249922523009513,1.6638918008967367,0.3993008061407533,-0.3233022893654839
2.2930090783278683,1.3884956994209432,1.4663523122710713,2.4249922523009513,1.6638918008967367,0.39545757717387814,-0.3296762836113325
2.297014174344943,1.407419678986214,1.4511751755512718,2.4250003272691534,1.7138918016417948,0.42935511776200797,-0.26917522065399246
2.3019645612218387,1.427446228721486,1.4356058782622574,2.4250003272691534,1.7138918016417948,0.4319283211581022,-0.264096857630429
2.3057666009013023,1.4487408812651772,1.423246953668577,2.425001775006365,1.7638918023868528,0.45618047460594274,-0.2109343480873327
2.3091587479115336,1.4707715644322512,1.4129800361144313,2.425001775006365,1.7638918023868528,0.45444598483473775,-0.21513651234271602
2.313626973305535,1.4979287242521906,1.4021570240120773,2.425002030256309,1.813891803131911,0.4718372956231548,-0.1686293116993719
2.316789250194006,1.5160901936792612,1.3947554733147498,2.425002030256309,1.813891803131911,0.4711129565321074,-0.17080591673986656
2.3209512520520317,1.5388404768969828,1.3850328395420952,2.4250020740899703,1.863891803876969,0.48484949082551476,-0.12340324991496765
2.325438619263405,1.562280202087404,1.3794733135015198,2.4250020740899703,1.863891803876969,0.48400045877809156,-0.1268323693459481
2.330135384845301,1.5861473160926174,1.373626368461282,2.425002081350285,1.913891804622027,0.4928966526480519,-0.08438188905838373
2.3349865929035065,1.6101156267011731,1.3693005283119477,2.425002081350285,1.913891804622027,0.4925592954851432,-0.08636733386405182
2.3399615823332702,1.6342908670039087,1.3656119905044166,2.4250020825001384,1.963891805367085,0.4977658911798103,-0.04728400144326328
2.3450685828029236,1.65855415879415,1.3627842681382558,2.4250020825001384,1.963891805367085,0.49769849549504125,-0.04799244487681742
2.3502321748340744,1.6829496152234356,1.360811781499583,2.42500208267309,2.013891806112143,0.49985080854821917,-0.012214699030212994
2.355453897340219,1.7073050288186753,1.3588083588239053,2.42500208267309,2.013891806112143,0.49987717218326105,-0.011082998074978034
2.360691958065363,1.7315527548813066,1.3572784245488805,2.4250020826976786,2.063891806857201,0.4994997091896376,0.02236904754334046
2.3660159041394806,1.7560205936636137,1.3567897290472661,2.4250020826976786,2.063891806857201,0.4993899391187356,0.024701923512139956
2.372343432741115,1.78529773148016,1.3582232500329277,2.4250020827009737,2.113891807602259,0.49712783744836825,0.05361829266830509
2.37654407342246,1.8047615077408299,1.3597744886523828,2.4250020827009737,2.113891807602259,0.4969257693477001,0.05547424601130668
2.3817099428595068,1.8290718464142248,1.36223879287296,2.425002082701389,2.163891808347317,0.4936453349257325,0.07980114921506765
2.38681920554159,1.8533007250145896,1.3652447366305385,2.425002082701389,2.163891808347317,0.4931206655828659,0.08303754333188418
2.3945692897150757,1.8791180898365702,1.3681857007075335,2.4250020827014374,2.213891809092375,0.4876220387857315,0.11148883679549382
2.4026987848855956,1.905121814540644,1.3711411200951837,2.4250020827014374,2.213891809092375,0.4839933941222294,0.12686052203005094
2.4094284121306124,1.9345242408504717,1.3761466016411537,2.4659112445270344,2.263891809837433,0.4993846943346011,0.02480790103633934
2.413220214990922,1.9538617892811772,1.3782349998505625,2.4659112445270344,2.263891809837433,0.4994139634125909,0.0242105585051009
2.418941464527304,1.9833377933788174,1.3793835070508664,2.5142585250415337,2.3138918105824913,0.49208402164429715,-0.08909015250261387
2.4236581652875735,2.007585102604729,1.376512756754835,2.5142585250415337,2.3138918105824913,0.49137043456972174,-0.09303028593577856
2.4284720571303318,2.0317024197845566,1.372411259786497,2.5639582104947007,2.3638918113275493,0.4655683531635737,-0.18666273078388018
2.4331840143829115,2.0548810424005257,1.365192857683057,2.5639582104947007,2.3638918113275493,0.46347745517591094,-0.19231876051914776
2.4370288495521866,2.0729007189428543,1.3580263672695823,2.5639582104947007,2.3638918113275493,0.46209339390335263,-0.19597762197864632
2.442974460997851,2.0997445079217627,1.3461921077462333,2.61390374142011,2.4138918120726074,0.4304289608661433,-0.2670663778817217
2.4480110419133077,2.121236000856884,1.3345819134643968,2.61390374142011,2.4138918120726074,0.42768853519319133,-0.27241939143187865
2.453139718025275,2.141949686815682,1.3227903438352344,2.61390374142011,2.4138918120726074,0.4245949060480118,-0.27835273096260793
2.4584913722609016,2.16260620183923,1.3107023394862,2.6638939117646747,2.4638918128176654,0.3977168447500054,-0.32594169619141355
2.463886656429686,2.1824078203998347,1.2973417348569638,2.6638939117646747,2.4638918128176654,0.3944544884731081,-0.33132334250620255
2.46938631479256,2.2014271672989203,1.2828433193316826,2.6638939117646747,2.4638918128176654,0.39145331561676844,-0.33621195251005
2.4751122531432674,2.220302733201981,1.268226204653279,2.6638939117646747,2.4638918128176654,0.38764147300822854,-0.34233954075962414
2.48107085264693,2.238909246068067,1.2532988184098532,2.7138921570774412,2.5138918135627235,0.37168977116227475,-0.36709714859370435
2.487161300636668,2.257027262662314,1.2372798800576756,2.7138921570774412,2.5138918135627235,0.3690577912940155,-0.3710587917078857
2.4934331621157426,2.2746000460513986,1.220430982435144,2.7138921570774412,2.5138918135627235,0.36649687007456283,-0.3748831386827238
2.49989170009939,2.2918476802492087,1.2043728386724342,2.7138921570774412,2.5138918135627235,0.36276664236544254,-0.3804022353880113
2.506627362096067,2.3089839443125975,1.188352448421003,2.76389185012742,2.5638918143077816,0.3586708698608326,-0.38639509066238875
2.5142933814100985,2.3275943221760453,1.1709015179727427,2.76389185012742,2.5638918143077816,0.35555635498778637,-0.3909073912204438
2.5186008733117777,2.3483754642922587,1.1547511178702812,2.76389185012742,2.5638918143077816,0.34312989023378004,-0.408556529952529
2.5249314705736214,2.374622402550898,1.1333274452889606,2.76389185012742,2.5638918143077816,0.3253934093640028,-0.4328924723821941
2.5321466583462655,2.3897054797689634,1.114679597677223,2.8138917984273415,2.6138918150528396,0.33794569508698374,-0.41576612281282144
2.5395265897121835,2.404385637740596,1.0970756787247686,2.8138917984273415,2.6138918150528396,0.33653135024029024,-0.4177185621076138
2.547146392283059,2.418958788073219,1.0808564626369292,2.8138917984273415,2.6138918150528396,0.33362763137087287,-0.42170832611167697
2.5551556270316738,2.4336935106067212,1.0625236281829005,2.8138917984273415,2.6138918150528396,0.33097691312464667,-0.4253291404140409
2.5617569398854716,2.4453089533023746,1.0477164397366616,2.8138917984273415,2.6138918150528396,0.32846081842489216,-0.4287478537382028
2.570168879560553,2.459588608968515,-5.2541306747176755,2.8638917905609262,2.6638918157978977,0.35058419004368924,-0.39803495489403284
2.577263058148869,2.4711786273172223,-5.268683349693501,2.8638917905609262,2.6638918157978977,0.34983516587440583,-0.3991008677314004
2.588652366488869,2.489059604850544,-5.289520450333293,2.8638917905609262,2.6638918157978977,0.3467638695095688,-0.4034509402142671
2.600281911165963,2.5065500807450043,-5.310511160864323,2.8638917905609262,2.6638918157978977,0.3427251942760049,-0.40912241291366225
2.6086412594633774,2.518607401646726,-5.325764615885648,2.9138917899548247,2.7138918165429557,0.36984322886053184,-0.3698799140918576
2.6222370561551784,2.5374419274938145,-5.350035777142404,2.9138917899548247,2.7138918165429557,0.36939456376708774,-0.3705536700516624
2.6327278179783455,2.5513347092427594,-5.368583997726778,2.9138917899548247,2.7138918165429557,0.36862805708825513,-0.3717025949262126
2.6441642028764445,2.565902734362197,-5.385299378574818,2.9138917899548247,2.7138918165429557,0.3653527958623172,-0.3765822427669746
2.6557406990840455,2.580203883585547,-5.401664962511741,2.9638917904985767,2.763891817288014,0.39463827769782095,-0.33102206333770634
2.668221988985877,2.5950950545772518,-5.416632157351225,2.9638917904985767,2.763891817288014,0.3925510707149717,-0.3344305453448686
2.678574671414717,2.6071343438832724,-5.428277210144488,2.9638917904985767,2.763891817288014,0.38997223729185926,-0.3386033937905686
2.6941629773838525,2.624768473366707,-5.445893596872024,2.9638917904985767,2.763891817288014,0.3852270226602412,-0.3461757807050111
2.707253681803145,2.6390731327216717,-5.46104841672951,3.01389179121528,2.813891818033072,0.41563090250518,-0.2949527263988757
2.721051128104156,2.653718032679862,-5.47299458502531,3.01389179121528,2.813891818033072,0.412734503173075,-0.3001460683570185
2.7350474151577764,2.668270845183942,-5.483712612314121,3.01389179121528,2.813891818033072,0.40834251792230963,-0.30787794200133645
2.7494386763470438,2.6829084632201763,-5.497110554817947,3.0638917919565727,2.86389181877813,0.435022668806879,-0.2578720745577908
2.764609234632484,2.6978735673071768,-5.509677077745238,3.0638917919565727,2.86389181877813,0.4335377996305501,-0.26087572369902523
2.7803474112615305,2.7130845995471677,-5.520567552331287,3.0638917919565727,2.86389181877813,0.4303807054899353,-0.26716146050957845
2.795912279331551,2.7277776788978176,-5.533028567255904,3.0638917919565727,2.86389181877813,0.42734780570075825,-0.273078452945388
2.811695140397335,2.7422892050169754,-5.544978541642933,3.1138917927011605,2.913891819523188,0.4531627936038496,-0.2181967097122457
2.8319895357688694,2.7573677522361084,-5.555860608554674,3.1138917927011605,2.913891819523188,0.4536826567549608,-0.216961764682564
2.857755132094841,2.77281934133204,-5.568388668469562,3.1638917934461626,2.963891820268246,0.4760039227745325,-0.15554228788700264
2.878700714417139,2.7852813300781563,-5.5760843030081935,3.1638917934461626,2.963891820268246,0.47868791935899063,-0.14651704298217738
2.900607711823884,2.8038420855162762,-5.58396374452959,3.1638917934461626,2.963891820268246,0.4771260593900065,-0.1518321668930791
2.918957084762292,2.81917463853941,-5.590479525459555,3.213891794191215,3.013891821013304,0.48821847338227065,-0.10875854989754985
2.9376662007580325,2.834583966875071,-5.59598531264461,3.213891794191215,3.013891821013304,0.48773567122549794,-0.11097375781552632
2.956688710466027,2.850146086328758,-5.600210860941244,3.213891794191215,3.013891821013304,0.4867124615900952,-0.11553048610518857
2.9755696773439837,2.8654266292278034,-5.605641757897743,3.263891794936272,3.063891821758362,0.4944535332621155,-0.07454385352075776
2.994753972175589,2.8807799496373523,-5.60903742240686,3.263891794936272,3.063891821758362,0.49414826406042767,-0.07657170816765002
3.0140447486546815,2.8961662562770307,-5.612054679460852,3.263891794936272,3.063891821758362,0.49365369471880854,-0.07974852878969407
3.0294895347908284,2.9084057704596216,-5.614565412375855,3.3138917956813296,3.1138918225034202,0.49815956866868577,-0.0429134332638792
3.052940136710119,2.926839427586353,-5.617557047465313,3.3138917956813296,3.1138918225034202,0.4980930638450714,-0.04368238679696035
3.0686399572138408,2.9391642284355086,-5.618962121190175,3.3138917956813296,3.1138918225034202,0.4979614959022538,-0.045165168800120115
3.092199908491148,2.957548750521763,-5.6214098022129235,3.3638917964263877,3.1638918232484783,0.49985024857664867,-0.012237601880400018
3.111772860343022,2.9727632999394036,-5.623088988787683,3.3638917964263877,3.1638918232484783,0.49986917802685793,-0.011437992777768247
3.131516573120969,2.9880860736778754,-5.623563489337654,3.4138917971714458,3.2138918239935363,0.499777586799718,0.014914077029779094
3.151336528560253,3.0034635220639574,-5.623580182691077,3.4138917971714458,3.2138918239935363,0.4997431954127922,0.01602580969789824
3.171083725542923,3.0187859437410998,-5.622891357971171,3.4138917971714458,3.2138918239935363,0.49972446578283214,0.016599985886784463
3.190805181112845,3.0341175697467575,-5.622113008590314,3.463891797916504,3.2638918247385944,0.4985271513020317,0.03838714630872819
3.2104990386541754,3.049439512968002,-5.620617147955146,3.463891797916504,3.2638918247385944,0.4984194359877914,0.03976679814227535
3.230137266278933,3.0647966214333566,-5.618841840380652,3.463891797916504,3.2638918247385944,0.49830931637048465,0.04112953030283961
3.2497330285614483,3.080156943965557,-5.617179868452665,3.513891798661562,3.3138918254836525,0.49660528859135633,0.05829723499870432
3.269220824784308,3.095501568278846,-5.61500626678338,3.513891798661562,3.3138918254836525,0.49635003431055696,0.06045183948245225
3.2886622003549366,3.110901443554753,-5.612306909708759,3.513891798661562,3.3138918254836525,0.4960925446444351,0.06255051887504859
3.3085090985467067,3.1264543722962106,-5.609948951633512,3.56389179940662,3.3638918262287105,0.4942925638438907,0.07561987301221484
3.328840005031819,3.142130132902472,-5.607473683954292,3.56389179940662,3.3638918262287105,0.49354539211727094,0.08042759262008481
3.3488488204680724,3.1577660357846407,-5.604563114109363,3.613891800151678,3.4138918269737686,0.49202401235062826,0.08942810972727311
3.36417087861407,3.1701487618027393,-5.601500363883833,3.613891800151678,3.4138918269737686,0.4916794953709771,0.09134441177126384
3.3870403918672567,3.1887952041461958,-5.596714449042779,3.613891800151678,3.4138918269737686,0.49104763666710216,0.09475944555239746
3.4059901894787084,3.204380751983651,-5.592690973995371,3.663891800896736,3.4638918277188266,0.4904848761451238,0.09770175323482033
3.4248520372537827,3.2200358668527507,-5.588505847119791,3.663891800896736,3.4638918277188266,0.48996323680443243,0.10035302234539056
3.443644667094646,3.2357714866190213,-5.584229659996631,3.663891800896736,3.4638918277188266,0.48930005898068707,0.10362708752718341
3.4623766784112737,3.251588503000134,-5.579953799933977,3.713891801641794,3.5138918284638847,0.4894705259940356,0.10279531980415513
3.48470410548508,3.270621249989003,-5.574450245648122,3.713891801641794,3.5138918284638847,0.4887933503125529,0.1060615494506223
3.5032285248754054,3.28656923109269,-5.569831859891349,3.713891801641794,3.5138918284638847,0.488031790944049,0.10962031273505235
3.521650159845347,3.3025810420121795,-5.565022373775295,3.763891802386852,3.5638918292089428,0.48907791161927705,0.10470124981894191
3.540008790366004,3.318697010737073,-5.560407481009844,3.763891802386852,3.5638918292089428,0.48846624301261443,0.10760431211934551
3.5582819413205025,3.334884031291385,-5.555864775130453,3.763891802386852,3.5638918292089428,0.48764230574538053,0.11139714123000788
3.5764479601434536,3.351143926076303,-5.551029029266379,3.8138918031319102,3.613891829954001,0.4893433552326691,0.10341645466939542
3.594564591903989,3.3675120659325497,-5.54634384354399,3.8138918031319102,3.613891829954001,0.4887686178073162,0.10617896853065911
3.612630257731227,3.383976608431799,-5.54174165235012,3.8138918031319102,3.613891829954001,0.4879782473515471,0.10986625343178869
3.6305567408572337,3.400475900679168,-5.536786172609482,3.8638918038769683,3.663891830699059,0.4902009454603434,0.099153526194665
3.648490934075152,3.417131840675392,-5.532360186454345,3.8638918038769683,3.663891830699059,0.48963897272132356,0.1019668419312072
3.666360096044202,3.433867718251644,-5.527919959391147,3.8638918038769683,3.663891830699059,0.48889288861585434,0.10558768531734763
3.684091934397477,3.4506376233412324,-5.5234755991756215,3.9138918046220263,3.713891831444117,0.4913455135477972,0.09316491208337752
3.7018376676876654,3.46757080064475,-5.519314060149941,3.9138918046220263,3.713891831444117,0.49084098340163784,0.09585026287400633
3.719534622075045,3.484595481565581,-5.515197436674549,3.9138918046220263,3.713891831444117,0.4901590091543334,0.09936617769302347
3.7371195263011634,3.50166025876291,-5.510864766185219,3.9638918053670844,3.763891832189175,0.49274895374777966,0.08525677417454247
3.75492579363425,3.520492297028592,-5.504569099488423,3.9638918053670844,3.763891832189175,0.49319841882624604,0.08256586224183171
3.772966117405695,3.540798606701614,-5.4977002794905525,4.0138918061121425,3.813891832934233,0.49611986516925927,0.06233117593717008
3.7906583952456145,3.5595706536472393,-5.493352953201933,4.0138918061121425,3.813891832934233,0.4963444710390689,0.060497948729243856
3.8080867062688997,3.577185638746731,-5.490857172099994,4.0138918061121425,3.813891832934233,0.4960731620082282,0.06270566962832258
3.8254727955316596,3.5948667872857403,-5.488149046865629,4.0638918068572005,3.863891833679291,0.49744587895351383,0.05055988403307898
3.84285482943175,3.6126393984053022,-5.485853325726708,4.0638918068572005,3.863891833679291,0.4973078806561298,0.05190898357912377
3.8602152771006573,3.6304595058628246,-5.483625364633744,4.0638918068572005,3.863891833679291,0.49711312221780074,0.05375560367760923
3.8775133660158447,3.648304957791937,-5.481254926742568,4.113891807602259,3.913891834424349,0.49827322747611885,0.04156643342669719
3.8947661493474683,3.6661801410048085,-5.479047456639233,4.113891807602259,3.913891834424349,0.4982040021320085,0.042391924519204593
3.9120456312645064,3.6841399407078645,-5.47724870930387,4.113891807602259,3.913891834424349,0.4980652515147918,0.043999988393755185
3.929276558087442,3.702123072599612,-5.475278960922971,4.163891808347317,3.9638918351694072,0.49896808774513607,0.03212892183326588
3.9464813503641256,3.7201475154790025,-5.473860242301479,4.163891808347317,3.9638918351694072,0.49890457718670106,0.03310322181137826
3.963684098161538,3.738217244878447,-5.472445967173019,4.163891808347317,3.9638918351694072,0.4988190252690605,0.03437208539755843
3.980855168537957,3.756318442169266,-5.470969723156803,4.213891809092375,4.013891835914465,0.49946419413805604,0.023149548938792064
3.998020299419779,3.7744596560354635,-5.46985824594884,4.213891809092375,4.013891835914465,0.4994352045264824,0.02376766444014966
4.015204870722869,3.7926463204334846,-5.468982006997076,4.263891809837433,4.063891836659523,0.49978819151113746,0.014554155651632206
4.032349436074113,3.8108233280122157,-5.468186642075617,4.263891809837433,4.063891836659523,0.49978131144242927,0.01478866130130374
4.049478453330704,3.82899863200152,-5.467579248233534,4.263891809837433,4.063891836659523,0.499764691009628,0.015340386307693965
4.066577210850441,3.847166229580279,-5.46709153176767,4.313891810582491,4.113891837404581,0.49995032664175026,0.007047991258286812
4.083696215989887,3.865379432798325,-5.466730128987589,4.313891810582491,4.113891837404581,0.4999483448020976,0.007187216942202035
4.1008179571710865,3.8836078564563454,-5.466443204559984,4.313891810582491,4.113891837404581,0.49994443690667917,0.0074541345890342114
4.117933714303121,3.9018448556364085,-5.4661311894326685,4.363891811327549,4.163891838149639,0.4999999999825207,4.180827637867424e-06
4.13504487966827,3.9200843379529564,-5.466049133133671,4.363891811327549,4.163891838149639,0.49999999071841045,-9.634100669964063e-05
4.152168160486081,3.9383260235725635,-5.466068722097032,4.363891811327549,4.163891838149639,0.4999999944462091,-7.452376101535485e-05
4.170169243643945,3.9568047930355634,-5.466712731645885,4.413891812072607,4.213891838894697,0.49998068435290277,-0.004394971156295391
4.188838342522604,3.9754423286334903,-5.468198735683514,4.413891812072607,4.213891838894697,0.4999995173706425,-0.0006947153626780667
4.206610444900868,3.9937866797437707,-5.4688651508549295,4.413891812072607,4.213891838894697,0.4999988462117929,0.0010741455445182346
4.2237715712321515,4.011976040304635,-5.468843643738917,4.463891812817665,4.263891839639755,0.49997524863304754,-0.00497509509137517
4.240938083704069,4.030170368361992,-5.4690249917231,4.463891812817665,4.263891839639755,0.4999730857616042,-0.005187916716939189
4.2581110455886755,4.048360358058493,-5.46926800867373,4.472982651737133,4.313891840384813,0.49417499581879837,0.07639626720902015
4.275331129532591,4.066598878691972,-5.467936662856002,4.472982651737133,4.313891840384813,0.4934405834950191,0.08107938100783318
4.292481577927011,4.084844338074169,-5.4657905731201675,4.515544533793284,4.363891841129871,0.49379103522064166,0.07887906159408553
4.309281058064973,4.102818062263332,-5.461833676683757,4.515544533793284,4.363891841129871,0.4935145472775989,0.08061995422374224
4.3260695219104965,4.120916436951805,-5.458390897744533,4.515544533793284,4.363891841129871,0.49304434347553605,0.0834979752527476
4.342769539402055,4.139057583920488,-5.454729722934974,4.523282967774083,4.413891841874929,0.47468002072366416,0.1598124588502421
4.358902122528495,4.156723969634767,-5.448481622233936,4.523282967774083,4.413891841874929,0.47276401135645146,0.1658046120015797
4.374670523373665,4.1742895851749875,-5.441173762707734,4.5246898425324,4.463891842619987,0.44088329828812434,0.245695447420212
4.3895627030829045,4.191088378305443,-5.431400669465683,4.5246898425324,4.463891842619987,0.43717489612534133,0.2534617951498195
4.403667299577299,4.20741858064189,-5.419396405601826,4.565854680230727,4.5138918433650455,0.45376119366217804,0.2167746296430777
4.420172896447891,4.2270554988599445,-5.4033855355327445,4.565854680230727,4.5138918433650455,0.45344635080319506,0.21752392264245057
4.43423518250973,4.2442153706148495,-5.39509367399203,4.565854680230727,4.5138918433650455,0.4503592069871894,0.22474791956671125
4.448363474953634,4.261749592428035,-5.385169202353048,4.57333919377108,4.5638918441101035,0.42716080092530107,0.27343957318163814
4.461716331468396,4.278679396548514,-5.373862126232724,4.57333919377108,4.5638918441101035,0.42336027793302866,0.28068980927054366
4.474589304350767,4.295437423393405,-5.361596369427261,4.61560914319862,4.613891844855162,0.44883194043476554,0.22824337032293207
4.487863103114565,4.313135168921861,-5.35106708958661,4.61560914319862,4.613891844855162,0.4468624855265513,0.23267927520329557
4.501146478529177,4.331221106737404,-5.340964209239298,4.61560914319862,4.613891844855162,0.4439483174471108,0.23910408019265939
4.514100375167439,4.349204450837692,-5.3306479722547095,4.623294607542118,4.66389184560022,0.4253847407058353,0.2768485420874658
4.526543554168142,4.366909244392826,-5.318497316821224,4.623294607542118,4.66389184560022,0.42201762527891207,0.283212178778927
4.5387518947103205,4.386847679850644,-5.304179609364349,4.665601077586952,4.713891846345278,0.4531520928447856,0.21822206128433885
4.550903986940318,4.408377292856915,-5.290862877862527,4.665601077586952,4.713891846345278,0.45413495817985877,0.21588196716545283
4.563304625384455,4.428354429073274,-5.281432661885792,4.665601077586952,4.713891846345278,0.4518413828413053,0.22130689449757313
4.575402170331564,4.447430684814678,-5.2717827430049145,4.6732931619011255,4.763891847090336,0.43704322895953573,0.25373358502914356
4.586969471587624,4.466113420860435,-5.260977708169147,4.6732931619011255,4.763891847090336,0.43382341329904783,0.26030038742358275
4.598164013461421,4.48467727318804,-5.249582993809554,4.715600823283372,4.813891847835394,0.4635485773165656,0.19212896422967685
4.609706636556678,4.504269404340586,1.0424914443707467,4.715600823283372,4.813891847835394,0.4620129578288162,0.19618827643172354
4.621474464657243,4.524658242535712,1.0526371879326948,4.715600823283372,4.813891847835394,0.4602432149075731,0.2007702575204242
4.632814433163328,4.544780796674591,1.0617390988752955,4.723293118840875,4.863891848580452,0.44864853068013777,0.22865982006328744
4.6437375470075155,4.564539807091031,1.0709104629114405,4.723293118840875,4.863891848580452,0.44553796158018105,0.23561933284184589
4.654446895485637,4.584375114405505,1.0801209736836699,4.76560081677188,4.91389184932551,0.47339737286589123,0.1638471716796659
4.665046418773106,4.604434341341553,1.0895403288631422,4.76560081677188,4.91389184932551,0.47284910513279205,0.16554291910370633
4.675947793483532,4.62552210153679,1.096563480284853,4.76560081677188,4.91389184932551,0.47101106962180983,0.17110995158011133
4.68664897061161,4.646499774434533,1.1039550789227448,4.775002117719174,4.975002150501728,0.46003074235452057,0.20131375161063314
4.696968374166926,4.667172593150959,1.1125690129159251,4.775002117719174,4.975002150501728,0.45780407574164983,0.20692865144500883
4.706990166240216,4.687732399993973,1.1215942266856882,4.775002117719174,4.975002150501728,0.45516712083213684,0.2133987907207846
4.716792087974115,4.708298238334884,1.1307246345155229,4.775002117719174,4.975002150501728,0.4517785224530857,0.2214538372847168
4.726311848936788,4.728786517229221,1.1403414205407192,4.775002117719174,4.975002150501728,0.44762320910433645,0.23097515675992497
4.735566897668203,4.749216875193874,1.1502088606413066,4.775002117719174,4.975002150501728,0.44227138371202934,0.24273055975594704
4.744587147735212,4.769655299817786,1.1599036757926446,4.775002117719174,4.975002150501728,0.4350139106266929,0.25788988290557824
4.75321641268567,4.789722252627181,1.1709153598960658,4.775002117719174,4.975002150501728,0.426075258926508,0.27552757951984863
4.76139339000758,4.809409357032422,1.1829431512538184,4.775002117719174,4.975002150501728,0.4146823686713105,0.2966620661860846
4.769594781142853,4.831784663384393,1.197865658068764,4.775002117719174,4.975002150501728,0.3993747137799143,0.3231787007541893
4.7758693352578145,4.850200677077076,1.2116880682891964,4.775002117719174,4.975002150501728,0.38245567205849296,0.35053794014221373
4.784284005364435,4.874984919407366,1.2304533745143744,4.775002117719174,4.975002150501728,0.3437231526930198,0.4077260111414249
