2.627848762865174,0.02362352779458199,5.029223451253235,2.6250020856816767,0.025002076740980428,4.981346072860486e-20,-0.9152704371577803
2.6279849605851027,0.02298806118015051,5.020172897528117,2.6250020856816767,0.04166874365599981,3.91936482869029e-32,0.9636559228442405
2.6294630264783496,0.018435255802888406,4.999746419658484,2.6250020856816767,0.06944652184769953,4.3463417008346874e-31,0.9611642063544037
2.631276756813911,0.012664588588437553,5.034299476439812,2.6250020856816767,0.10463170755719499,5.307462409446798e-30,0.9583438426990047
2.63282580024382,0.008215195552123689,5.078294087667724,2.6250020856816767,0.14475516494529103,6.541185648411216e-29,0.9552522368847758
2.6337825199737637,0.0058726167731393275,5.131156064630265,2.6250020856816767,0.18817080345286702,1.0525115162185386e-27,0.9514912452401489
2.6337340149418313,0.005963606743843997,5.17214322938514,2.6250020856816767,0.2337812293753591,9.806039554555912e-27,0.9481794760977176
2.633383491241677,0.006658402762084847,5.211693753971405,2.6250020856816767,0.2808548469152517,7.547676626637959e-26,0.9448988160361687
2.6333480682379733,0.006711479470526527,5.253210983128989,2.6250020856816767,0.3289039255579,5.346154856950089e-25,0.9415020089342336
2.6332570929676784,0.006868210109116646,5.294361827502185,2.6250020856816767,0.3289039255579,3.0066799865047705e-24,0.9382829384124451
2.6334972358459456,0.007209704167783215,5.3361246773966045,2.6250020856816767,0.3289039255579,1.6165681459947422e-23,0.9349288450199114
2.634218795676258,0.007822562767744401,5.3786678322742265,2.6250020856816767,0.3289039255579,8.213143493003029e-23,0.9314644717850071
2.6345312178153435,0.008205958744115449,5.42026027415189,2.6250020856816767,0.3289039255579,4.12048100707474e-22,0.9277912149652667
2.6344286549312255,0.00832597470202856,5.46089427935324,2.6250020856816767,0.3289039255579,2.0415666841958692e-21,0.9238939250077027
2.634321298341506,0.008441083032606045,5.5013999557376785,2.6250020856816767,0.3289039255579,9.805416919327707e-21,0.919806607979343
2.6342104828042885,0.008550091730175069,5.541694705710798,2.6250020856816767,0.3289039255579,4.551366298046469e-20,0.9155309260507285
2.634097289872191,0.008651756475746453,5.581805218348464,2.6250020856816767,0.3289039255579,2.0442497671776409e-19,0.9110577790231194
2.633980619202367,0.008747469491758864,5.621767460702768,2.6250020856816767,0.3289039255579,8.900360859823655e-19,0.9063755952819219
2.6338668745837843,0.008832382742804512,5.661457621450002,2.6250020856816767,0.3289039255579,3.738225408330367e-18,0.9014946147793415
2.6337585437129967,0.008905507706288063,5.700895408856769,2.6250020856816767,0.3289039255579,1.5160826040377965e-17,0.8964081188863049
2.6336738189705216,0.008919419798747441,5.739925719570542,2.6250020856816767,0.3289039255579,5.898045295467044e-17,0.8911393721872871
2.6336595915330534,0.008931298450082892,5.778556958946677,2.6250020856816767,0.3289039255579,2.1924115207445037e-16,0.8857077929142321
2.633520644289046,0.009000532867283084,5.8175452398817935,2.6250020856816767,0.3289039255579,8.154148122113106e-16,0.8799108047667066
2.6333297423348156,0.009090414988813578,5.855851585346881,2.6250020856816767,0.3289039255579,2.9087799466576e-15,0.8739215606268602
2.6331135429562806,0.009188782326674527,5.893756213818947,2.6250020856816767,0.3289039255579,1.0024784512083204e-14,0.8677078518313501
2.632866817446171,0.009281961988435228,5.931289042861499,2.6250020856816767,0.3289039255579,3.344821351770139e-14,0.8612580242617343
2.6333915143546474,0.008274753780552757,5.969668419079378,2.6250020856816767,0.3289039255579,1.0420704389979156e-13,0.8547834320851895
2.635184701324736,0.005290701924110408,6.016448695807682,2.6250020856816767,0.3289039255579,3.6529367381772566e-13,0.8471558992312562
2.6360525625386106,0.003820452116487516,6.047158970219457,2.6250020856816767,0.3289039255579,8.431997403933293e-13,0.8417656889977423
2.635910468073922,0.0038548952532053704,6.084018694549667,2.6250020856816767,0.3289039255579,2.5010249806561966e-12,0.8343668697566993
2.635768929248341,0.003883987512795173,6.120586450632885,2.6250020856816767,0.3289039255579,7.195236447643909e-12,0.8267164996217586
2.6356279933835243,0.0039077900459023596,6.156826163275394,2.6250020856816767,0.3289039255579,2.0067898140370407e-11,0.8188200357409945
2.635488545593317,0.003926211597365281,6.1927255470438,2.6250020856816767,0.3289039255579,5.427045439880851e-11,0.8106797390205134
2.635349506340267,0.003939251119655651,6.2283478301315816,2.6250020856816767,0.3289039255579,1.4264504667581157e-10,0.8022794742750206
2.635212559599406,0.00394724523422596,6.263532379282904,2.6250020856816767,0.3289039255579,3.6301215615544347e-10,0.793658468641605
2.635077454761504,0.003949939864973828,-6.268024242360361,2.6250020856816767,0.3289039255579,8.966755678866699e-10,0.7848026876874081
2.6349449047051294,0.00394755843576533,-6.233594131906902,2.6250020856816767,0.3289039255579,2.1503409231080714e-09,0.77571827923792
2.6348156671629077,0.003940314440990633,-6.199559945179191,2.6250020856816767,0.3289039255579,5.008057570606973e-09,0.7664122004657878
2.634689780867115,0.003928448821506336,-6.165931425596398,2.6250020856816767,0.3289039255579,1.1332100400272059e-08,0.7568912283440621
2.6345664634599775,0.003912263517610981,-6.132714370316561,2.6250020856816767,0.3289039255579,2.492818679710424e-08,0.747161177204787
2.634446749180972,0.003892242341015262,-6.099830143713252,2.6250020856816767,0.3289039255579,5.343745244632315e-08,0.7372045609434204
2.634335763754814,0.003866719043815081,-6.067515111155124,2.6250020856816767,0.3289039255579,1.1106850152641636e-07,0.7271043359484215
2.6342611137501617,0.0038280316997791886,-6.035767183021684,2.6250020856816767,0.3289039255579,2.2364561238492098e-07,0.7168988984305198
2.634205550236757,0.0038147802367110017,-6.00450537955331,2.6250020856816767,0.3289039255579,4.3792994948534896e-07,0.7065593732233346
2.6340880315958675,0.003776014574690123,-5.973270431140887,2.6250020856816767,0.3289039255579,8.469689295266078e-07,0.6958521185436966
2.633953042862105,0.00372965528328173,-5.9428664495040255,2.6250020856816767,0.3289039255579,1.587099940830557e-06,0.685101192594882
2.6338391206549883,0.0036863710076655565,-5.9186724566737645,2.6250020856816767,0.3289039255579,2.5887689109086946e-06,0.676319589040028
2.635844182955836,0.0005551675350776719,-5.894141798757622,2.6250020856816767,0.3289039255579,3.7329963232358207e-06,0.6695023137873262
2.6374950147201517,-0.0017314465949276325,-5.863101742564281,2.6250020856816767,0.3289039255579,6.187288593397672e-06,0.6597210803212419
2.6373462447985254,-0.0018007708055947091,-5.828384164668363,2.6250020856816767,0.3289039255579,1.195882613358512e-05,0.6462717772056148
2.6372605644569074,-0.0018433192496161155,-5.799942943041216,2.6250020856816767,0.3289039255579,2.0177383262446783e-05,0.634989830601737
2.637154787210953,-0.0018986829332447996,-5.772089830869611,2.6250020856816767,0.3289039255579,3.328960107516009e-05,0.6236447209591092
2.637061470655226,-0.0019510941599083509,-5.7447050616054005,2.6250020856816767,0.3289039255579,5.376196160499227e-05,0.6122417512954297
2.6369715388584254,-0.002003993539799964,-5.717820050787418,2.6250020856816767,0.3289039255579,8.504137336574608e-05,0.6007956037247828
2.636902628068544,-0.0020468808001243843,-5.696686056089815,2.6250020856816767,0.3289039255579,0.00012093368060298169,0.5916235036385609
2.636820166423906,-0.0021004972139522238,-5.670552300365329,2.6250020856816767,0.3289039255579,0.00018501396397905897,0.5800698036893441
2.636727005792885,-0.00216498088172834,-5.639798095060824,2.6250020856816767,0.3289039255579,0.00030076936860185135,0.5661735827858363
2.636657279221346,-0.0022159367114813477,-5.614778012663403,2.6250020856816767,0.3289039255579,0.00044142404487571967,0.5546337997460791
2.636597398702662,-0.002261456005120621,-5.5904077818625195,2.6250020856816767,0.3289039255579,0.0006349498372774015,0.5431963879122388
2.636547121319351,-0.002301511176737492,-5.5665344671118735,2.6250020856816767,0.3289039255579,0.00089780397314454,0.531805535441078
2.636508729095455,-0.002333209044998341,-5.5431584199077175,2.6250020856816767,0.3289039255579,0.0012485352915273089,0.520478565884329
2.636484905672008,-0.0023530481760580813,-5.520277322432881,2.6250020856816767,0.3289039255579,0.00170853166178567,0.5092321701908287
2.6364788810543747,-0.0023567175634511273,-5.497888026116453,2.6250020856816767,0.3289039255579,0.0023017946762068984,0.4980834551623372
2.636494501572235,-0.0023387649767858676,-5.4759867494514145,2.6250020856816767,0.3289039255579,0.00305450306539252,0.48705015876873325
2.6365361356516086,-0.0022926085990597755,-5.454568910700914,2.6250020856816767,0.3289039255579,0.003994365728072362,0.47615042509025285
2.6366086456557003,-0.002210427510714652,-5.433628858221617,2.6250020856816767,0.3289039255579,0.005149759660833729,0.4654026212691391
2.6367068745502884,-0.00209508979087758,-5.413047507749836,2.6250020856816767,0.3289039255579,0.006559876343775154,0.454748466445817
2.6368596530182913,-0.0019088456356239902,-5.393060311073476,2.6250020856816767,0.3289039255579,0.008228742069466687,0.44437283434905894
2.6370576641704044,-0.0016590499764816968,-5.373505491852939,2.6250020856816767,0.3289039255579,0.01019374899748865,0.4341885460285595
2.6373078226943303,-0.0013299589292845582,-5.354388993575924,2.6250020856816767,0.3289039255579,0.01247344316703941,0.42422329825656924
2.637618969850678,-0.0009048992477307394,-5.335710351045748,2.6250020856816767,0.3289039255579,0.015079520705606017,0.41450494921186487
2.6379935433907953,-0.0003732947987895585,-5.317439797195882,2.6250020856816767,0.3289039255579,0.01802432993867893,0.40503424647595243
2.638433791679141,0.00027607953690633735,-5.299542189483934,2.6250020856816767,0.3289039255579,0.021317117260802564,0.39580801543420807
2.63893825847264,0.001049383199664078,-5.281954340878758,2.6250020856816767,0.3289039255579,0.024973022959663763,0.3867998122684284
2.6384884636879935,0.003372198445548591,-5.2639491063979635,2.6250020856816767,0.3289039255579,0.030016466876206127,0.3759290053896387
2.6376047903452022,0.006449794201078163,1.03769567933078,2.6250020856816767,0.3289039255579,0.03643867025411326,0.36395996204735437
2.63763466316405,0.008189891677362837,1.0561538691191978,2.6250020856816767,0.3289039255579,0.04291332634926948,0.3534148774707959
2.638188626733889,0.009181242452456218,1.0749769867692958,2.6250020856816767,0.3289039255579,0.04976516870669709,0.3434744865477506
2.638823876842334,0.010373497081417327,1.0929043722325833,2.6250020856816767,0.3289039255579,0.05687956771239408,0.3341607730896543
2.639667795218843,0.012013723868454562,1.1058705356376581,2.6250020856816767,0.3289039255579,0.06181996142254714,0.3281752875365005
2.6407123709568374,0.014117649552522593,1.1112623069082608,2.6250020856816767,0.3289039255579,0.062721088178541,0.3271204997417885
2.6419423375398594,0.016646796722088908,1.1194166440969051,2.6250020856816767,0.3289039255579,0.06469856676574867,0.32484272216244037
2.6432915929407734,0.019471079290475757,1.1351563083718217,2.6250020856816767,0.3289039255579,0.07059493987996285,0.3183278035014818
2.644511488956393,0.02215306894743385,1.1503629997601112,2.6250020856816767,0.3289039255579,0.07678146199051489,0.3118848111854411
2.6458974329869047,0.025295905615113412,1.1654362635665318,2.6250020856816767,0.3289039255579,0.08281673614216781,0.3059310428635724
2.6474705714938835,0.029045012696602868,1.1784662182432066,2.6250020856816767,0.3289039255579,0.08726900170569543,0.30172263900960594
2.649189136924793,0.033276941749212696,1.1905227655209256,2.6250020856816767,0.37760331167213057,0.09866258487725396,0.29155840953855705
2.6509655592460053,0.03780777063792229,1.2029548272119441,2.6250020856816767,0.37760331167213057,0.10321275069588941,0.28771044501630727
2.65270060601034,0.04239868533730373,1.216221929781686,2.6250020856816767,0.37760331167213057,0.10849725237512278,0.2833730595479744
2.654342784297331,0.04689534191374811,1.2306658432537014,2.6250020856816767,0.37760331167213057,0.1149951082298871,0.2782151564283619
2.6558149923632666,0.051182201342202305,1.2474162594607652,2.6250020856816767,0.37760331167213057,0.12398687543430331,0.2713602131915318
2.6571955304737855,0.055430913895616385,1.265849262579592,2.6250020856816767,0.37760331167213057,0.1350129155489569,0.2633410651020238
2.6585549246502804,0.05991259992967102,1.2852853036130578,2.6250020856816767,0.37760331167213057,0.14740926060566356,0.254754244990707
2.659945104140002,0.06481977477149314,1.3051072273911584,2.6250020856816767,0.37760331167213057,0.16043892576004604,0.24613658839738095
2.661402442066411,0.07040310341466594,1.3244406396077,2.6250020856816767,0.37760331167213057,0.1729345056414985,0.23819936162694222
2.662995650566348,0.07701489525280536,1.3417608985343645,2.6250020856816767,0.37760331167213057,0.18268015450033556,0.2321972254716227
2.6647950160897036,0.08502121238686478,1.355129096627608,2.6250020856816767,0.4267362362756309,0.20746493508027827,0.21753176792073292
2.6660093533968983,0.09068816876486174,1.361186850523068,2.6250020856816767,0.4267362362756309,0.2080801891565804,0.2171769589394159
2.668968626313191,0.10503277183867432,1.374643278384791,2.6250020856816767,0.4267362362756309,0.20704271955379797,0.2177754834727823
2.670875568463872,0.11487461597690718,1.3829076498461108,2.6250020856816767,0.4267362362756309,0.2048948501478678,0.21901823531763065
2.6725213540519785,0.12372080418326803,1.3871136533624342,2.6250020856816767,0.4267362362756309,0.19912922391592444,0.222379505878173
2.6742430791345466,0.13298904009698553,1.3878428685233009,2.6083354187666563,0.47615818692923606,0.16457595362843178,0.24347609186523234
2.675384753355079,0.13920983896147554,1.3902526404257973,2.6083354187666563,0.47615818692923606,0.1604159274590449,0.24615147418740158
2.6767713738535797,0.14702521649886968,1.400589346728988,2.6083354187666563,0.47615818692923606,0.16211802697155572,0.24505267261722263
2.678051582257977,0.15491306869505017,1.411118312670446,2.6083354187666563,0.47615818692923606,0.16390557650172402,0.243904919789923
2.6792838964519543,0.1629369331523769,1.4216934270758808,2.6083354187666563,0.47615818692923606,0.1654040075749388,0.24294759399674581
2.6807293021433143,0.17271240497527707,1.4346832226133888,2.6083354187666563,0.47615818692923606,0.16693147748886006,0.24197611113152284
2.6816111085128096,0.17929120663655773,1.4432075919245326,2.6083354187666563,0.47615818692923606,0.16765077298870765,0.24152014369671848
2.682828057890479,0.18921435914248974,1.4559336728890073,2.5805576405749564,0.5257728224004115,0.13040945578369037,0.26664153375871247
2.683460193245608,0.1948170250487138,1.4650690420787786,2.5805576405749564,0.5257728224004115,0.13272289033513085,0.2649747675281635
2.6842251721117503,0.2025099453545991,1.4790621298170668,2.5805576405749564,0.5257728224004115,0.13718972992234443,0.26180255256747276
2.6847078109146167,0.20790844753197746,1.4883140123697838,2.5805576405749564,0.5257728224004115,0.13980776883353113,0.2599701553400917
2.685244765816366,0.21479331694863468,1.4997693618862329,2.5805576405749564,0.5257728224004115,0.14283335716686388,0.2578759935637629
2.685698902021798,0.22183093519839403,1.5110597099823073,2.5805576405749564,0.5257728224004115,0.14553516752775048,0.25602634687412773
2.686083568849007,0.22903621677579267,1.5222697508927079,2.5805576405749564,0.5257728224004115,0.14790286838538477,0.25442064053001046
2.68645146877712,0.23785225053302916,1.5356331536134795,2.5805576405749564,0.5257728224004115,0.15031914494065846,0.25279611160330995
2.6866340923093706,0.24380760451190042,1.544476193386504,2.5805576405749564,0.5257728224004115,0.15167474411745122,0.2518907668097523
2.6867910757831854,0.2513327237012888,1.5555112280997125,2.5453724548654617,0.5755159158418813,0.11657161923013523,0.27699066592667765
2.686856259708243,0.25984385889348793,1.5729199982570896,2.5453724548654617,0.5755159158418813,0.12255613418069553,0.27243070289087323
2.686810331609278,0.2649572225765162,1.5840924007706463,2.5453724548654617,0.5755159158418813,0.1268508657705048,0.26923891268962663
2.685899606645128,0.26926202565693735,1.5946952009252535,2.5453724548654617,0.5755159158418813,0.13348496974910112,0.2644293399476849
2.6844499176814463,0.27376046598654113,1.6082943112813226,2.5453724548654617,0.5755159158418813,0.14407449219841367,0.257023977420167
2.6835784633954702,0.27992623911290515,1.6199337103295488,2.5453724548654617,0.5755159158418813,0.149735285628601,0.25318737592835694
2.683087768714927,0.28866487302292754,1.6335281307170846,2.5453724548654617,0.5755159158418813,0.15287870849721144,0.25109025842137833
2.682682879359712,0.2946731987298694,1.6423278157449301,2.5453724548654617,0.5755159158418813,0.15443556601461148,0.2500599900847644
2.6820879670173685,0.3023581086399769,1.6530667458338366,2.5453724548654617,0.5755159158418813,0.15580067637871567,0.24916104940424932
2.6814017959192284,0.3101452785389469,1.6635962934543167,2.521915664392385,0.6253446502881282,0.16171900612339857,0.24530974006172968
2.6804610851669253,0.3195654118002249,1.676832756895939,2.521915664392385,0.6253446502881282,0.16496915367844783,0.24322497194036674
2.679557531034215,0.32760809465400165,1.687825905618501,2.521915664392385,0.6253446502881282,0.16732221856631402,0.24172829820216601
2.6785376895560873,0.3359233389182066,1.6981533854204631,2.521915664392385,0.6253446502881282,0.16855527899101103,0.24094812216639605
2.677434055745774,0.3442064867478809,1.7088089986312507,2.521915664392385,0.6253446502881282,0.1699566657212779,0.24006480050681134
2.6762284053204795,0.35256377800710403,1.7193322649880534,2.521915664392385,0.6253446502881282,0.1709384923594705,0.2394480279108131
2.674927970693462,0.3609682270510568,1.7298440207051444,2.521915664392385,0.6253446502881282,0.1716102667258098,0.239027005862251
2.6735341140134565,0.3693855587295616,1.7403215953295492,2.506277804076509,0.6752304823021822,0.20822149640521842,0.21709552455156245
2.672208682254446,0.3769469536747412,1.7473848648594876,2.506277804076509,0.6752304823021822,0.20804639689893234,0.21719643625465546
2.669852570589631,0.3896801961860117,1.7606918791776744,2.506277804076509,0.6752304823021822,0.2088774841124471,0.2167177537474041
2.667722664227597,0.40042311898822724,1.772505476439296,2.506277804076509,0.6752304823021822,0.20982545161489444,0.21617261651996644
2.665631288447077,0.41044674659420366,1.7811021685553552,2.506277804076509,0.6752304823021822,0.2076203728778232,0.2174420916558193
2.6647579716918024,0.4144819594195983,1.784806933938259,2.506277804076509,0.6752304823021822,0.20689187245747317,0.21786260250704026
2.661110348147661,0.43065865446758167,1.8002226528238847,2.4958525638635125,0.7251543842972048,0.2647226512311955,0.1857779483018469
2.658222315007901,0.44278910418823436,1.8086655158637275,2.4958525638635125,0.7251543842972048,0.2622770092898667,0.18709713410337536
2.6550502106198124,0.4556209099341011,1.816844020475908,2.4958525638635125,0.7251543842972048,0.25814781956424776,0.18932926815717432
2.6518607790818347,0.46809919884417184,1.8251269674345652,2.4958525638635125,0.7251543842972048,0.25377724289558085,0.19169926051584585
2.648610136049701,0.4803994200112349,1.8334714923083613,2.488902403711716,0.7751036725421326,0.3227106540969835,0.15471265520726885
2.645460317419049,0.49196002198197775,1.839367946898366,2.488902403711716,0.7751036725421326,0.3196056719909207,0.15638374058368987
2.640207461634631,0.5107255380211679,1.8471635578385397,2.488902403711716,0.7751036725421326,0.31122154309768946,0.16088310114544058
2.635909834520854,0.5256982970011332,1.8541263570702702,2.484268963576644,0.8250698922200612,0.3796469812841301,0.12305871120535028
2.63140329868995,0.540750364075441,1.8677207429254346,2.484268963576644,0.8250698922200612,0.3851424319620422,0.11983612707596958
2.626417364842032,0.556651672297539,1.8832616401373095,2.484268963576644,0.8250698922200612,0.3918299436289028,0.11585332638942902
2.620649861826214,0.5742802076035307,1.8858120754641348,2.481180003384906,0.8750474071830654,0.4462904451172344,0.07928904895628275
2.613922584850931,0.5948796229197253,1.8900359147983334,2.481180003384906,0.8750474071830654,0.44280516621537963,0.08196671386756393
2.606882377555836,0.615990518678359,1.8936178487583013,2.4791206963212975,0.9250324595815301,0.48121127430258925,0.046096165448404
2.5995084726672566,0.6379393347998423,1.89632236549537,2.4791206963212975,0.9250324595815301,0.4799441356777602,0.04765407346961403
2.5917631301094968,0.6608009785360647,1.8983751912082052,2.4777478243103404,0.9750225428910548,0.4983222361470772,0.013664129305726469
2.583811858274391,0.6841539777142849,1.8992562371211275,2.4777478243103404,0.9750225428910548,0.4982050538203013,0.01413402614783732
2.5744196145444356,0.7116866275854612,1.899845368759932,2.4768325749533955,1.0250159840509134,0.4970668194553435,-0.018077539622419425
2.5625608062712306,0.7338794960167743,1.900072726072275,2.4768325749533955,1.0250159840509134,0.4926891368914266,-0.0285984122311026
2.5486020647341547,0.7597953412554777,1.8995351116628787,2.4762224061154265,1.0750116651690644,0.4592904931401351,-0.06858036503629306
2.540023090686166,0.7826101064056079,1.8973078921960094,2.4758156223227847,1.1250088383629004,0.4263411599010948,-0.09381786444145623
2.533000611983761,0.803451628404174,1.893638711210004,2.4758156223227847,1.1250088383629004,0.4207762412397625,-0.09758491570757477
2.5263536165373193,0.8234517778260724,1.889401961267092,2.4758156223227847,1.1250088383629004,0.41505671591266535,-0.10135647100325262
2.5185020719092233,0.8474578165365596,1.8842349044004734,2.475544425779906,1.1750070026915027,0.3824493101520154,-0.12142072503588897
2.512406187775678,0.8664083566320979,1.8791422018425548,2.475544425779906,1.1750070026915027,0.3751952314790414,-0.1256394385277353
2.5067767913661,0.8842356206206965,1.8741575437366151,2.458696950311334,1.2250058224000717,0.40405375012407635,-0.10836925286223231
2.5001377288555577,0.9056038802526505,1.869830352418007,2.458696950311334,1.2250058224000717,0.39677971091606845,-0.11285707725030558
2.494471954294278,0.9241962044377594,1.8628715758913104,2.458696950311334,1.2250058224000717,0.39277167801744867,-0.11528659483786996
2.490037586078376,0.9391022034039782,1.858232441837478,2.430798618320953,1.2750050725717952,0.4515492288112939,-0.07510739403470013
2.484082292754408,0.959405269578129,1.853733621895976,2.430798618320953,1.2750050725717952,0.4492368945902041,-0.07696849152013385
2.477809802055013,0.9811676871052359,1.8505349280049175,2.428866378777622,1.3250046029070426,0.4290169707154981,-0.09196844951775052
2.4717892897918645,1.0022218535287983,1.846768530462584,2.428866378777622,1.3250046029070426,0.4237947967846524,-0.09555430522851849
2.4660343685698667,1.022699616007479,1.8426698325221327,2.428866378777622,1.3250046029070426,0.41809691208865324,-0.09936357955134245
2.460407047233506,1.0430413107654122,1.8382723008566748,2.4275781978899245,1.375004313469379,0.3979718485618523,-0.1121287532987536
2.4550142839077527,1.0628863332343563,1.832722056420251,2.4275781978899245,1.375004313469379,0.3921752207143804,-0.11564571639688515
2.4498497188927075,1.0824795909897649,1.8254879407394635,2.4267193884561022,1.4250041383390313,0.377685797515787,-0.12419876135055374
2.4449880193710296,1.1013460718345893,1.8222597458760308,2.4267193884561022,1.4250041383390313,0.36876571326556423,-0.1293243801826457
2.440179177295997,1.1201129050017347,1.819778179488554,2.4267193884561022,1.4250041383390313,0.3573990871193828,-0.13573330028035624
2.435773535389483,1.1376531087845123,1.8136430167648236,2.4261468279687106,1.4750040345188087,0.346246032952371,-0.14191444744940196
2.4315867341620603,1.1547501549402437,1.8076935184736644,2.4261468279687106,1.4750040345188087,0.33958208645790566,-0.14556694812825233
2.425984527498107,1.1765253423038224,1.8032066042525703,2.4257651038590198,1.5250039743633699,0.32532675175920667,-0.15330223841403778
2.4224325151579276,1.1906124204241753,1.7999806184247742,2.4257651038590198,1.5250039743633699,0.31641858685627433,-0.15809610831780863
2.4188643732980317,1.2061311802032666,1.7931243805453896,2.4257651038590198,1.5250039743633699,0.3105838876968315,-0.1612246686511536
2.414806153865495,1.2244261313715246,1.7846577634970227,2.4257651038590198,1.5250039743633699,0.30289546622212565,-0.16533813035380107
2.411598291277855,1.2394565540314986,1.777009958603826,2.4255106098340935,1.575003940402815,0.30611416967862587,-0.16361702510631004
2.40851087932937,1.2544967308021686,1.7696276770205848,2.4255106098340935,1.575003940402815,0.3010554339856236,-0.16632157600833108
2.405574581361577,1.2693623787316373,1.7623950338058858,2.4255106098340935,1.575003940402815,0.29509942982078546,-0.16950357475953848
2.4028062105445382,1.2839380586992366,1.7550318347691916,2.425340942992845,1.6250039218145205,0.3030092367749163,-0.16527731358506026
2.4006516826526525,1.2957108257236065,1.7488705499670762,2.425340942992845,1.6250039218145205,0.29973456805743104,-0.16702738721355137
2.3974844775511706,1.3137327961933067,1.7409563570914695,2.425340942992845,1.6250039218145205,0.29184986417684294,-0.17123941931696696
2.3949702617955424,1.3286229218778498,1.7348352242180876,2.4252278349660044,1.6750039120397768,0.3018446413983979,-0.16589980075791377
2.392628933925357,1.3431639212868394,1.7263709081957244,2.4252278349660044,1.6750039120397768,0.2990232936754899,-0.16740741711481522
2.3903432597978167,1.3581091531840634,1.719371517601985,2.4252278349660044,1.6750039120397768,0.2933020669772353,-0.1704636689469995
2.3882038522432136,1.372701796412537,1.711896149020246,2.4252278349660044,1.6750039120397768,0.28755024690380165,-0.17353672237158957
2.3862224266175236,1.387025273094073,1.704332305469238,2.425152439307795,1.725003907197076,0.30543009486173495,-0.16398291300653156
2.384301883175821,1.4016936743481079,1.6983608823409924,2.425152439307795,1.725003907197076,0.29932371129664714,-0.1672469089487637
2.3824709529773465,1.4162513565300312,1.6927648343600605,2.425152439307795,1.725003907197076,0.2919449379256326,-0.17118863043567978
2.38074238792629,1.4307469035360612,1.6856666616836635,2.425102189951502,1.7750039050461397,0.3117292874712204,-0.16061106722734086
2.3790363548484237,1.4460482599423603,1.678581065665593,2.425102189951502,1.7750039050461397,0.3070055031448466,-0.1631401902557763
2.3774256492652412,1.4614460545236128,1.671503150609805,2.425102189951502,1.7750039050461397,0.30132291446849013,-0.16617863201551752
2.3759537973811184,1.4765708984239243,1.6642728865730814,2.425102189951502,1.7750039050461397,0.2951402118863481,-0.16948179029516397
2.3746167975675316,1.4914462620945148,1.6569724056336383,2.4250687072070973,1.8250039043271955,0.31987690317573814,-0.15623788219640744
2.3733387394064547,1.5069593644607675,1.649292663836287,2.4250687072070973,1.8250039043271955,0.3157110016878527,-0.15847592240324737
2.3721018985125735,1.5232268789133823,1.6440889634681375,2.4250687072070973,1.8250039043271955,0.30685668750214046,-0.16321980935800495
2.3709429192277067,1.5393610623576652,1.6399022707383077,2.4250464021958287,1.875003904350531,0.32876905698696146,-0.15144257118136317
2.369930585751529,1.5549390198038253,1.631181025591654,2.4250464021958287,1.875003904350531,0.326371737840736,-0.1527381746476606
2.3690086844091294,1.571356448028956,1.6251917363059154,2.4250464021958287,1.875003904350531,0.31915296177728986,-0.1566271444737133
2.3677966567267177,1.5878336807224454,1.6179192703056156,2.4250315468956094,1.9250039047486756,0.34511437988460025,-0.14253664697361013
2.365631733886662,1.6022601932216212,1.614756039327816,2.4250315468956094,1.9250039047486756,0.3323242788874689,-0.14951682447872872
2.3629516113112903,1.6277276663153621,1.605650177417468,2.4250315468956094,1.9250039047486756,0.3145120436226183,-0.15911921848358912
2.3624527533363135,1.6436273444469691,1.5987806116995933,2.425021654507081,1.9750039053311548,0.3459086286309215,-0.14210004482203098
2.3620362046187626,1.660549599352656,1.5923606457069575,2.425021654507081,1.9750039053311548,0.34037459867151953,-0.14513396032240766
2.3617212514602404,1.677764147505279,1.5861164644825354,2.425021654507081,1.9750039053311548,0.33331270892596104,-0.14898042746320017
2.3614895804281115,1.6979763344776018,1.578360767288718,2.4250150665617896,2.025003906001929,0.3637408228765341,-0.1321729641022824
2.361413644647932,1.7157120825646874,1.5719947394229432,2.4250150665617896,2.025003906001929,0.3584027860997263,-0.13517221236688826
2.361432738668139,1.734343856743271,1.5677777316097607,2.425010677690059,2.0750039067138943,0.38417498834205177,-0.120406571602103
2.3615138199742276,1.7532429144889328,1.56508460748013,2.425010677690059,2.0750039067138943,0.3755747514788471,-0.12542040371997476
2.3616647847507704,1.7719428798154944,1.5600139578065524,2.425010677690059,2.0750039067138943,0.3685443754000348,-0.1294504083673942
2.3619155491765387,1.7904793922206252,1.5543867959392246,2.4250077519899604,2.1250039074445772,0.39678671191171777,-0.11285280789188823
2.362286294910131,1.8099916394676967,1.5492731890242004,2.4250077519899604,2.1250039074445772,0.39133630776177963,-0.1161497912987629
2.3627619760517327,1.8297564945156868,1.5442674505606022,2.4250077519899604,2.1250039074445772,0.3844384321014671,-0.12025137086320814
2.3633252675307173,1.8491169144429005,1.5390787355195759,2.441672467236749,2.1750039081835464,0.3581569095517129,-0.1353097425778803
2.3639613694613093,1.8676253101503537,1.5334305524864749,2.441672467236749,2.1750039081835464,0.3510469675402952,-0.13926513106582494
2.364673675933089,1.8852770060377146,1.527399145243323,2.4694489432491498,2.2250039089260882,0.29628236919485323,-0.16887167967347871
2.365409642533441,1.900999383884658,1.5200253917769182,2.4694489432491498,2.2250039089260882,0.2912215844601861,-0.1715750567488955
2.3663464486773265,1.9180384114812998,1.5119938649646425,2.4694489432491498,2.2250039089260882,0.28480663144936513,-0.17500333246762512
2.367036531017975,1.9292660947695204,1.5077316483161138,2.4694489432491498,2.2250039089260882,0.2786867408361771,-0.17827795438621452
2.367950365421697,1.9432671438233609,1.5030986608451078,2.5046332611953535,2.275003909670132,0.21687188929946213,-0.2121481391246215
2.368872221005999,1.9566928474208645,1.4982221815292407,2.5046332611953535,2.275003909670132,0.20859530250634425,-0.21688020236369476
2.3696817638134853,1.9668945912716378,1.4877637981363112,2.5046332611953535,2.275003909670132,0.20944945537647175,-0.21638872700556888
2.3705577700908673,1.9765911323432164,1.4756717233602463,2.5046332611953535,2.275003909670132,0.21239049805936264,-0.21470208555791925
2.371626147457839,1.9872714534843627,1.4665836237293368,2.5046332611953535,2.275003909670132,0.21056364086141488,-0.2157487445501708
2.3727777968993866,1.9978480433556758,1.4571637083953406,2.5046332611953535,2.275003909670132,0.2087572231047694,-0.21678697657513057
2.3740442999880553,2.007576524629057,1.4469917878252065,2.5447561426300833,2.325003910414792,0.16761045344479603,-0.241545677274283
2.375300981846765,2.015803725914587,1.4358548130198845,2.5447561426300833,2.325003910414792,0.17082266692909476,-0.23952069942298226
2.376499813514421,2.0237180956876077,1.4249302383770055,2.5447561426300833,2.325003910414792,0.17378906842791877,-0.2376668604744172
2.3778091006538222,2.0323266955912693,1.4144600434042054,2.5447561426300833,2.325003910414792,0.17521248744804394,-0.2367826251628956
2.379218997735185,2.0409933094052732,1.4040754136648017,2.5447561426300833,2.325003910414792,0.17627718909851853,-0.23612342742121062
2.381042525538586,2.051442591102976,1.3916689609613015,2.5447561426300833,2.325003910414792,0.17713662030907587,-0.23559267290976127
2.38233790695873,2.058441840046539,1.3833986750043736,2.5447561426300833,2.325003910414792,0.1774598479078093,-0.23539336828514523
2.384039011438375,2.0671740801906306,1.3731574863052622,2.5447561426300833,2.325003910414792,0.17752870935866957,-0.23535092950968517
2.385820009374104,2.075842485892034,1.3631457753299154,2.58817140208798,2.3750039111596974,0.1508223495647804,-0.2524595421449686
2.387588597479416,2.0840042029487886,1.3516320479732737,2.58817140208798,2.3750039111596974,0.15337575572000045,-0.2507607389453492
2.388912096488145,2.0898529856383945,1.3432251560548856,2.58817140208798,2.3750039111596974,0.15526637633252446,-0.2495124039234886
2.39103810943023,2.098788760732793,1.330330147095162,2.58817140208798,2.3750039111596974,0.15808022222379123,-0.2476689571439169
2.392970773698881,2.1064602091765288,1.3195136888456358,2.58817140208798,2.3750039111596974,0.1601328320972556,-0.24633479790926993
2.394999617466981,2.114195633665968,1.3087073171958337,2.58817140208798,2.3750039111596974,0.16192579353848335,-0.24517647846211799
2.3975877642192707,2.123588972298098,1.2958284096451813,2.58817140208798,2.3750039111596974,0.16363264542370132,-0.24407975839443408
2.3993990417774977,2.129899344346862,1.2872792137266853,2.58817140208798,2.3750039111596974,0.1645074153445812,-0.24351989471756252
2.4017533920994367,2.137816053987521,1.276629262956454,2.58817140208798,2.3750039111596974,0.16531336807749208,-0.2430053799851356
2.4047048926276915,2.1473325475938605,1.2638771255565244,2.6337815822092328,2.4250039119046978,0.15475680305736642,-0.24984808220230859
2.4066647476897316,2.1534242919374798,1.2553649205166526,2.6337815822092328,2.4250039119046978,0.15649947794758648,-0.24870245730400242
2.409610093785899,2.162248339703485,1.2419759367840026,2.6337815822092328,2.4250039119046978,0.15989858561289463,-0.24648661274767014
2.4117007683503964,2.168296897643371,1.233324526441018,2.6337815822092328,2.4250039119046978,0.16161465203052072,-0.2453770222800441
2.414440296034739,2.175973265496534,1.2227453016069387,2.6337815822092328,2.4250039119046978,0.16325939826707528,-0.24431909437713772
2.4172541135837697,2.1836028997023273,1.2118580062460484,2.6337815822092328,2.4250039119046978,0.16507028456955233,-0.24316043190216652
2.4201491650209714,2.1911961572833967,1.2006320623052622,2.6337815822092328,2.4250039119046978,0.16706429337118692,-0.2418918458087429
2.4231242318990844,2.198746636843545,1.1889562713375998,2.6337815822092328,2.4250039119046978,0.1693538113320498,-0.24044435790848673
2.4261822018268546,2.206218005651781,1.1767439135751308,2.6337815822092328,2.4250039119046978,0.17210939418111185,-0.2387146970492492
2.4294117348457718,2.2138661924681564,1.166750915972509,2.6808550440086534,2.4750039126497354,0.1748090168293168,-0.23703291905339208
2.432843724181639,2.2218128858864095,1.1584106009592015,2.6808550440086534,2.4750039126497354,0.17456969053939492,-0.23718151383733
2.4364429678736386,2.229926222846297,1.1469797800133306,2.6808550440086534,2.4750039126497354,0.17706733798951513,-0.23563541484932304
2.4408479673363974,2.2395164304870647,1.1347674853596432,2.6808550440086534,2.4750039126497354,0.17844550921182525,-0.23478663561606128
2.4446760525013254,2.2476164303903,1.1245697570710242,2.6808550440086534,2.4750039126497354,0.17920437674288336,-0.2343205584739736
2.4485925773826747,2.255700699173982,1.1142951562343082,2.6808550440086534,2.4750039126497354,0.17976616433103837,-0.23397610531942736
2.4526113524210658,2.263776336185366,1.1040540274006816,2.6808550440086534,2.4750039126497354,0.1800044070376109,-0.23383017829580666
2.4567207305678203,2.271829117717253,1.0938211615496818,2.6808550440086534,2.4750039126497354,0.17992446148422572,-0.23387913624565704
2.460911423495771,2.2798382882573094,1.0835860198328773,2.728904027295509,2.5250039133947855,0.19546484052171964,-0.2245360492056081
2.465463465804122,2.2883249234989123,1.0736630223604322,2.728904027295509,2.5250039133947855,0.19644933213428437,-0.2239550506825827
2.4702223171763507,2.2970001842441228,1.0638527050972646,2.728904027295509,2.5250039133947855,0.19679152135262007,-0.22375338769980646
2.4750567098206524,2.305605737495158,1.0540618149402547,2.728904027295509,2.5250039133947855,0.1968741948228434,-0.22370468713504044
2.4799848399285302,2.3141838253177784,1.044254857648942,2.728904027295509,2.5250039133947855,0.19664847432289426,-0.22383767237394414
2.4849917065476124,2.322704716677162,-5.24873855322051,2.728904027295509,2.5250039133947855,0.19611203957501816,-0.2241539689588401
2.490065034460333,2.331147657490696,-5.258541850664869,2.728904027295509,2.5250039133947855,0.19526051740636025,-0.22465678171014714
2.4931399426572867,2.336175314300645,-5.264439533421364,2.728904027295509,2.5250039133947855,0.19460723370183036,-0.225043152048232
2.5003920869324574,2.347773076873967,-5.278130724100471,2.777603357849206,2.5750039141398413,0.22218374018165926,-0.20914442762704488
2.505883095217184,2.3563435890711606,-5.286119685211248,2.777603357849206,2.5750039141398413,0.2210133882701857,-0.20980413836392842
2.5120101925502425,2.365730612981489,-5.295485330946352,2.777603357849206,2.5750039141398413,0.21999518979331492,-0.21037902818789667
2.5181486104194697,2.374924349498425,-5.304542207170071,2.777603357849206,2.5750039141398413,0.21843170511973692,-0.21126354284657378
2.524303110126512,2.3839866752512684,-5.313816391263668,2.777603357849206,2.5750039141398413,0.21674786920748484,-0.2122185669541552
2.530539003648439,2.3929752649221907,-5.322938484698949,2.777603357849206,2.5750039141398413,0.21447796793416665,-0.21351008477390276
2.536783188148952,2.4018067720019456,-5.332141464464001,2.826736252377044,2.625003914884899,0.24922667636608245,-0.19417589926939116
2.543250784241323,2.410771316197968,-5.343963612490449,2.826736252377044,2.625003914884899,0.2526835573122832,-0.19229361588752336
2.553600701462903,2.4188761083332118,-5.358831560420857,2.826736252377044,2.625003914884899,0.2695942541231197,-0.18315579973078977
2.565327615536958,2.4274316388833785,-5.371853238652102,2.826736252377044,2.625003914884899,0.28614253253639116,-0.17428913537159707
2.574601717581791,2.4382177019809284,-5.380834092465258,2.826736252377044,2.625003914884899,0.28539133199308403,-0.1746907190735677
2.583611534071535,2.4495272825895036,-5.388558796124827,2.8761581885915746,2.6750039156299565,0.3178288358254738,-0.1573387428549583
2.5929369522658163,2.4610746530802903,-5.39433572837777,2.8761581885915746,2.6750039156299565,0.3130421934757355,-0.15990741568983646
2.6028413995176596,2.4731725812599947,-5.400717767827524,2.8761581885915746,2.6750039156299565,0.3076342335651617,-0.1628037733222354
2.612467314855362,2.484844228928509,-5.4060382837545715,2.8761581885915746,2.6750039156299565,0.3003911041066869,-0.16667657805357217
2.6221615600830486,2.4964269812637525,-5.4133707103863555,2.8761581885915746,2.6750039156299565,0.2947367681962008,-0.16969729656066168
2.6317784977750502,2.5077251674072905,-5.4207099157878895,2.92577281864182,2.7250039163750146,0.3322702208168006,-0.14954614752352513
2.6420835358257477,2.519665253520909,-5.4276908913165585,2.92577281864182,2.7250039163750146,0.3287228866964232,-0.1514675449186641
2.6530330262116504,2.532179827130971,-5.434168049907014,2.92577281864182,2.7250039163750146,0.32311130197427873,-0.15449680557250212
2.6637891981485335,2.5443190430247604,-5.440958431192394,2.92577281864182,2.7250039163750146,0.317253165959151,-0.15764796524907687
2.6744528228232074,2.556185037668948,-5.447807101519449,2.92577281864182,2.7250039163750146,0.3106887033866989,-0.1611685280569518
2.6851005099835596,2.5678722002081944,-5.45415038096913,2.9588492444873165,2.7750039171200727,0.38439620184158885,-0.12027625651803509
2.696455213833609,2.580115479857586,-5.466646946494922,2.9588492444873165,2.7750039171200727,0.38837658840631534,-0.11791887048096139
2.708801878814173,2.593110962794185,-5.477222549131514,2.9588492444873165,2.7750039171200727,0.38908713366457565,-0.1174954623195209
2.721889132771018,2.6066867095217443,-5.479085368689078,2.99756686910165,2.8250039178651307,0.43281776982633213,-0.08929467186367634
2.736411866127522,2.6217331663892374,-5.482532743375998,2.99756686910165,2.8250039178651307,0.4281531781911302,-0.09256833292311994
2.7514890828203438,2.6372114342942226,-5.48666065475002,2.99756686910165,2.8250039178651307,0.42292048326371906,-0.09614548837396375
2.7633714360619415,2.649318006301616,-5.489973492102001,3.0400452956931843,2.875003918610189,0.4546930747780406,-0.07251525031033912
2.781837797960293,2.6679841284690173,-5.494478653231435,3.0400452956931843,2.875003918610189,0.45153182006025816,-0.07512154443338415
2.7979393422980916,2.6841374505858777,-5.497556966625795,3.0400452956931843,2.875003918610189,0.4472721853069545,-0.07852190681413163
2.813822742501868,2.6999758246597665,-5.500983590141848,3.085030928017723,2.925003919355247,0.4688988800582962,-0.059660388870401815
2.8297017532399806,2.7156803631517796,-5.505854330029147,3.085030928017723,2.925003919355247,0.46820649933310066,-0.06034121884868393
2.846125232936908,2.7317885439852194,-5.5086134367105135,3.085030928017723,2.925003919355247,0.4655129673620246,-0.06292826430709908
2.8660950982541973,2.751302619654199,-5.511411802339426,3.1316880367694595,2.975003920100305,0.47980756250882556,-0.04781917886369447
2.8797453783602265,2.764544030053191,-5.513087419508616,3.1316880367694595,2.975003920100305,0.47847152785562325,-0.04940746156453857
2.896981924268326,2.78123342097855,-5.515236801108533,3.1316880367694595,2.975003920100305,0.47636618063669894,-0.051819423311729396
2.9141766474614137,2.7977979075618986,-5.5174556697657495,3.17945947022207,3.025003920845363,0.48695148562643786,-0.03830993635121993
2.9315877143381766,2.8144996645165268,-5.519388563213429,3.17945947022207,3.025003920845363,0.48592629751963945,-0.03980575959449728
2.949256614965396,2.831394255261049,-5.520964947499117,3.17945947022207,3.025003920845363,0.4843970932568574,-0.04194301636376019
2.9669070133030413,2.8482278046913105,-5.52219459910972,3.227973794375905,3.075003921590421,0.4916911524317249,-0.030502206840852697
2.9856080352803644,2.8666768128874267,-5.522737149071942,3.227973794375905,3.075003921590421,0.48992923905403457,-0.03360869936534727
3.004837553047347,2.88587087236923,-5.523776082081761,3.276983386189088,3.125003922335479,0.4941088795496785,-0.025654759952041806
3.022982059826705,2.9032593408172485,-5.524916953601648,3.276983386189088,3.125003922335479,0.4934597633669464,-0.02703943400362452
3.0409341342982996,2.920242919231283,-5.5260659352509265,3.276983386189088,3.125003922335479,0.4927996728428992,-0.028379923312179645
3.062465630908771,2.9405596118536454,-5.527526000597628,3.326323162341925,3.175003923080537,0.4965964856342619,-0.019477301188786655
3.0769058190028495,2.954152416769011,-5.528290644530909,3.326323162341925,3.175003923080537,0.496373366612821,-0.02010767862675933
3.0950393650261585,2.97119855451313,-5.529124832738768,3.326323162341925,3.175003923080537,0.4959878954485632,-0.021153109735381204
3.113198153259612,2.988244885138249,-5.529797956148628,3.375883065195648,3.225003923825595,0.4984260569693313,-0.01323396922889808
3.1313413700693733,3.00524807385848,-5.530646626162424,3.375883065195648,3.225003923825595,0.49832616261106094,-0.013648106008397387
3.1495413747838157,3.02227871984808,-5.531181178376466,3.375883065195648,3.225003923825595,0.49813861818572563,-0.014393662199104318
3.1677479819281675,3.039298536626405,-5.531789904032638,3.4255897203658736,3.2750039245706533,0.49953203821167486,-0.007212371140592033
3.1860023058020595,3.0563437617427,-5.532163063502042,3.4255897203658736,3.2750039245706533,0.4994930729632606,-0.007506775692570744
3.2042792259324617,3.0733994355457943,-5.532479696809825,3.475394208796987,3.3250039253157113,0.49997264561333793,-0.0017434027877195613
3.2262295969433463,3.0938725944191274,-5.53260844436207,3.475394208796987,3.3250039253157113,0.4999706838868392,-0.0018048363718833338
3.2408726685244886,3.1075291300647176,-5.532679178323623,3.475394208796987,3.3250039253157113,0.4999685413909011,-0.0018696263879021124
3.2628204188089933,3.127995594506065,-5.532815025223175,3.5252639151836807,3.3750039260607694,0.49991015464170946,0.003159691148797217
3.277433427226738,3.1416206696425366,-5.532727872767597,3.5252639151836807,3.3750039260607694,0.4999028978184589,0.0032848289830700317
3.295717420249698,3.1586718697693446,-5.532582806854793,3.5252639151836807,3.3750039260607694,0.49989320004661253,0.0034449724424192585
3.314003342620591,3.175729169504134,-5.532431382952386,3.5751770939016603,3.4250039268058274,0.49948609961304113,0.007558255822332605
3.332279564765116,3.19278392615748,-5.532166296002144,3.5751770939016603,3.4250039268058274,0.49943297815757676,0.007939491709551438
3.350544924624206,3.209839815492006,-5.531819056708374,3.5751770939016603,3.4250039268058274,0.4993746954620262,0.008337777958258519
3.36880387748408,3.226902110113537,-5.531458215422679,3.6251192465124347,3.4750039275508855,0.49879191641261605,0.011592320476923712
3.3907014131167497,3.2473833888073873,-5.530977577176744,3.6251192465124347,3.4750039275508855,0.49863582903813264,0.012319348385971374
3.405253507419528,3.2610062795507115,-5.530614038112775,3.6251192465124347,3.4750039275508855,0.4985118706940074,0.012867632629409043
3.4188758433511586,3.274698938827437,-5.529124573158503,3.6750807068699243,3.5250039282959436,0.49845163959562927,0.0131258213054819
3.4415889252317484,3.29891875723715,-5.525354487245674,3.6750807068699243,3.5250039282959436,0.4994756279173061,0.007634911427899516
3.4594903681992726,3.3161231566573868,-5.524711415444349,3.6750807068699243,3.5250039282959436,0.4995057424407096,0.007412331302179664
3.4776310359939027,3.3333172121568397,-5.524371576782285,3.7250550311838118,3.5750039290410016,0.49911810036083043,0.00990297706316845
3.4957542457506046,3.350507303772437,-5.523952259015275,3.7250550311838118,3.5750039290410016,0.4990301288737985,0.010385583948057109
3.513859038016956,3.3676970906112196,-5.523513587934045,3.7750379246211043,3.6250039297860597,0.498668272126184,0.012171792611235244
3.5319329256438827,3.3848724344055565,-5.523085178797508,3.7750379246211043,3.6250039297860597,0.49853605334147855,0.012762509281075696
3.5499780577654896,3.402038175215295,-5.522483213901517,3.7750379246211043,3.6250039297860597,0.49839904441377036,0.013347216449902
3.5680297610409726,3.419229824496645,-5.521906843718628,3.8250265255160802,3.6750039305311177,0.4981138751690295,0.014489179056484058
3.5860647200111444,3.4364247317962997,-5.521276470206063,3.8250265255160802,3.6750039305311177,0.4979452296791551,0.015124263099591362
3.604083912719913,3.4536269219955447,-5.520611944112507,3.8250265255160802,3.6750039305311177,0.4977380606383597,0.015869924584160033
3.622087969802805,3.470837956404128,-5.519915584102221,3.8750189279252942,3.725003931276176,0.4975922750175004,0.01637446986734381
3.640073114694335,3.4880558753473636,-5.51919969832408,3.8750189279252942,3.725003931276176,0.49737409621878914,0.01710201421195623
3.6580381874078016,3.505281689410909,-5.5184756028443065,3.8750189279252942,3.725003931276176,0.49709976145318163,0.017975464806866626
3.675951333009362,3.522483145151776,-5.51774195741333,3.9250138630537257,3.775003932021234,0.4971247410228254,0.017897678666871197
3.6938615766014635,3.5397065067374562,-5.516934270367213,3.9250138630537257,3.775003932021234,0.49686636041000953,0.018686800701838147
3.7117623939329416,3.5569476458131657,-5.516114253595567,3.9250138630537257,3.775003932021234,0.49653887473059544,0.019641981345351667
3.729639072227421,3.574194456182733,-5.5152556851315735,3.975010486615115,3.825003932766292,0.4967778359401009,0.01894969167823901
3.7475085883622796,3.591463534374557,-5.514410588483756,3.975010486615115,3.825003932766292,0.4964792943918988,0.019810869618503535
3.7653609267815478,3.608745431574497,-5.513541759675833,3.975010486615115,3.825003932766292,0.496103841067705,0.020844091394295772
3.7831822260424754,3.626029559378215,-5.512626174311048,4.025008236882086,3.87500393351135,0.4965538541165953,0.01959929434660479
3.800966294787483,3.643312182370492,-5.511716934820816,4.025008236882086,3.87500393351135,0.4962408243896105,0.020473082053218405
3.8187311497076957,3.6606069521430324,-5.510801404545848,4.075006739963703,3.925003934256408,0.4967363674127566,0.019071609091352748
3.8365100422033347,3.677944059745575,-5.509946486535539,4.075006739963703,3.925003934256408,0.4964620112254321,0.019859595764725624
3.855381558034816,3.6913168557498652,-5.510660123811119,4.075006739963703,3.925003934256408,0.4923560329422295,0.029247234584633963
3.874244346106563,3.704384589523145,-5.511104209762892,4.125005746678002,3.975003935001466,0.4895487371618397,0.034243864242119004
3.8919963034253167,3.721016805989146,-5.509937307587947,4.125005746678002,3.975003935001466,0.4879595430601693,0.036782853912701974
3.909493162116722,3.73811857665559,-5.508381823625307,4.125005746678002,3.975003935001466,0.4868123408413724,0.0385161924436066
3.9269074298946807,3.755200575416895,-5.506521103962764,4.175005090579091,4.025003935746525,0.48985466231072866,0.033734095050941715
3.9442641120055244,3.772291050402285,-5.504825995750949,4.175005090579091,4.025003935746525,0.48911398479929735,0.034956007610642104
3.9616859590746536,3.7894957209535827,-5.503354191647995,4.175005090579091,4.025003935746525,0.4880603776005242,0.03662676411296739
3.9790311738421593,3.806674389610217,-5.501740941189179,4.225004660139272,4.075003936491583,0.4910950685442007,0.031586225304204296
3.9964282613405873,3.8239589773640645,-5.50030741612749,4.225004660139272,4.075003936491583,0.49035937066405216,0.03287648247981556
4.013817784439521,3.8412830530142807,-5.4988611853218465,4.225004660139272,4.075003936491583,0.48943023006978553,0.0344393856560119
4.031140778826126,3.858592207019056,-5.497363433659314,4.275004380373892,4.12500393723664,0.49240698989205883,0.029148889810143075
4.048485488649467,3.875974684066689,-5.4962254728586455,4.275004380373892,4.12500393723664,0.49170154606577415,0.030482974375278138
4.065813145673299,3.893372468869539,-5.49546404923996,4.275004380373892,4.12500393723664,0.49066436795531476,0.03234761154317112
4.083153040828969,3.9108151448504245,-5.494265180935794,4.325004200729283,4.175003937981698,0.49345258819831594,0.027054353009331233
4.100487572125355,3.9282975615992806,-5.492963833979117,4.325004200729283,4.175003937981698,0.49291661251763486,0.02814698040426422
4.117831056518411,3.9458295194112702,-5.491731986669357,4.325004200729283,4.175003937981698,0.49220309689681235,0.029540484844367443
4.135133150013511,3.963362159127568,-5.490453440391043,4.375004087092741,4.225003938726756,0.49482868874136177,0.02402831339251632
4.152476868281176,3.980979754222896,-5.489343617400226,4.375004087092741,4.225003938726756,0.4943767553009763,0.025061561136369148
4.169825383008543,3.998640565317581,-5.488211626039126,4.375004087092741,4.225003938726756,0.49380536119253493,0.02631107773068897
4.18712569196486,4.0162968010452165,-5.486994362820815,4.42500401649458,4.275003939471814,0.4961394912809125,0.02074816492332565
4.204386140650237,4.033960258553132,-5.485798572695722,4.42500401649458,4.275003939471814,0.495862968304555,0.02148116412121781
4.221657116288549,4.051676081405416,-5.484656298580072,4.42500401649458,4.275003939471814,0.4954873071785789,0.02243919887857282
4.238944383295517,4.069440949188873,-5.483693348374816,4.475003973560481,4.325003940216872,0.49739419273073193,0.017036286940807166
4.256248568149259,4.087253387013253,-5.4828422192259225,4.475003973560481,4.325003940216872,0.4971690849775838,0.017758761760647834
4.275464204319444,4.107152256882632,-5.482537036699643,4.525003948104565,4.37500394096193,0.4983820869366846,0.013417823377289695
4.2949818905156585,4.127365387414922,-5.482452600288161,4.525003948104565,4.37500394096193,0.49814935097197977,0.01435203352033132
4.312884921777206,4.145851190420945,-5.481929658796097,4.525003948104565,4.37500394096193,0.49793859585556177,0.015148704441709127
4.3302193212627875,4.163760398793689,-5.4812458833743225,4.575003933474847,4.425003941706988,0.49898049412311946,0.01064826297688759
4.347521101098947,4.181660348415151,-5.480724866140928,4.575003933474847,4.425003941706988,0.49889737618905167,0.011074250063004554
4.364849462639446,4.199600868981457,-5.480218914334907,4.575003933474847,4.425003941706988,0.49878669224951355,0.011617386154589848
4.382172233151339,4.21755017603076,-5.479692544129573,4.625003925405341,4.475003942452046,0.49950522304781625,0.007416226705995399
4.399509274452301,4.235531331039947,-5.479319820121595,4.625003925405341,4.475003942452046,0.49946335850590173,0.007723760814419833
4.416850703509618,4.253527949692743,-5.47896567950645,4.625003925405341,4.475003942452046,0.4994070855288732,0.008118841093824658
4.434181807881802,4.271527455771472,-5.478608610226082,4.675003921217957,4.525003943197104,0.4998353390111056,0.004277669394799011
4.451514696310483,4.289543795550273,-5.478409689953372,4.675003921217957,4.525003943197104,0.4998204748051172,0.004466605020835512
4.468834546350134,4.307554213567837,-5.478363772662947,4.7250039192710975,4.575003943942162,0.499982084461833,0.0014109033892837353
4.4861534488302635,4.325566786617997,-5.478244491989509,4.7250039192710975,4.575003943942162,0.49998176395788635,0.0014234679889659763
4.503481886275355,4.3435876782227325,-5.4781587425284055,4.7250039192710975,4.575003943942162,0.4999804166818888,0.0014751148060263564
4.520816201786545,4.361614656082132,-5.478081307647104,4.775003918584107,4.62500394468722,0.4999851077365845,-0.0012863587183642444
4.538153611957841,4.379646162344146,-5.478099305846239,4.775003918584107,4.62500394468722,0.49998324075012957,-0.0013646126818478432
4.55549451417606,4.397679394583757,-5.478143302341183,4.775003918584107,4.62500394468722,0.49998141424241543,-0.0014370524398992224
4.572835736804254,4.415712759713987,-5.478203405964102,4.808337251671845,4.6750039454322785,0.4967707368782425,0.018970617825297742
4.590094809602369,4.43367104835683,-5.477573024399158,4.808337251671845,4.6750039454322785,0.4964160993102943,0.01998846517966224
4.6072476328618945,4.451554785645981,-5.476758193010909,4.808337251671845,4.6750039454322785,0.49602411064216373,0.021057068840095727
4.624415686934489,4.469476634189027,-5.4758681326776495,4.8472261407654065,4.7250039461773365,0.49147225542918527,0.030904561664520935
4.641466501926217,4.487309488990198,-5.4746670530560575,4.8472261407654065,4.7250039461773365,0.4905760411345292,0.03250162571429094
4.658398178212746,4.505064225202627,-5.473245787028734,4.873152066893312,4.775003946922395,0.46941412337503563,0.059149268216750484
4.674744401658826,4.522263825439213,-5.470846539823413,4.873152066893312,4.775003946922395,0.46663357933736405,0.06186342453123239
4.696049398767924,4.5439217952218325,-5.467194920288304,4.9071026845947925,4.825003947667453,0.45326416684343673,0.07370263907302821
4.7104778341947995,4.558546907141483,-5.46345015979064,4.9071026845947925,4.825003947667453,0.4495254562628515,0.07673822624803828
4.726398432142657,4.575511279776796,-5.459036354243031,4.9071026845947925,4.825003947667453,0.44575912899865594,0.07970179109691378
4.741577875081378,4.591968466000056,-5.456495262491855,4.975002120699406,4.975002150501728,0.3667849502068337,0.13045036272785482
4.755598702864894,4.6071974253225605,-5.4543034460019015,4.975002120699406,4.975002150501728,0.358344651464064,0.13520473451162962
4.7674628291869725,4.620264627551476,-5.447025740319249,4.975002120699406,4.975002150501728,0.35690933082527593,0.13600677157589103
4.779409738950283,4.633575430882497,-5.441099951182068,4.975002120699406,4.975002150501728,0.3531507308109222,0.13809894214823393
4.791155502461984,4.64680952071486,-5.435046636270652,4.975002120699406,4.975002150501728,0.34895531721845724,0.14042136077267608
4.802721893338975,4.660003415758213,-5.428956060519454,4.975002120699406,4.975002150501728,0.3441414703006381,0.14307090786491683
4.814092651713181,4.673132878422521,-5.422672009363347,4.975002120699406,4.975002150501728,0.3388186321714346,0.14598372814512772
4.82517508569867,4.686098178493389,-5.4162064065040285,4.975002120699406,4.975002150501728,0.33301186522601317,0.14914373596588093
4.836035624208653,4.698982388263501,-5.4093052644512705,4.975002120699406,4.975002150501728,0.3268712591391689,0.15246839834710113
4.846520075032375,4.711597933893655,-5.402682587410021,4.975002120699406,4.975002150501728,0.31965749140049093,0.1563558756230481
4.856671840292027,4.723979901018669,-5.395867469300793,4.975002120699406,4.975002150501728,0.3117826867576202,0.16058245462969967
4.8665986110985235,4.736264684208604,-5.389205158653746,4.975002120699406,4.975002150501728,0.3025583135062547,0.16551835047717556
4.876324802997504,4.748444271240964,-5.383621018705267,4.975002120699406,4.975002150501728,0.29058480159433103,0.17191525146798292
4.8857375467377,4.760357852229022,-5.377447583228846,4.975002120699406,4.975002150501728,0.2779162557340727,0.17869063062460033
4.894399431163209,4.771491905319907,-5.3692395304689535,4.975002120699406,4.975002150501728,0.26734942471561074,0.18436320984160215
4.902554360609449,4.782166571125806,-5.3611922485431105,4.975002120699406,4.975002150501728,0.2558238487460326,0.19058846568338828
4.9103034138791255,4.792466130856564,-5.352883287795617,4.975002120699406,4.975002150501728,0.24353220910842469,0.197289725331651
4.917601574872252,4.802338973776278,-5.3442772668803284,4.975002120699406,4.975002150501728,0.23070487647438515,0.20437424128482307
4.924457064371773,4.811784676158124,-5.335226010859615,4.975002120699406,4.975002150501728,0.21755113428087045,0.2117626602371443
4.930902317739253,4.820843464738404,-5.325416553566547,4.975002120699406,4.975002150501728,0.20438678686346837,0.2193129283235129
4.938314902683159,4.83153199463823,-5.312498259613592,4.975002120699406,4.975002150501728,0.18790708229111355,0.22903785143886002
4.943625353004529,4.839370409157601,-5.30287125332095,4.975002120699406,4.975002150501728,0.17409868044276872,0.23747423852260252
4.948472546921859,4.846674392973321,-5.292582909061696,4.975002120699406,4.975002150501728,0.16103097710119477,0.24575375001980393
4.952044635608727,4.852185277791113,-5.284064435280864,4.975002120699406,4.975002150501728,0.15098452897399642,0.2523511946560626
4.956966525817913,4.859945309287792,-5.270951349341478,4.975002120699406,4.975002150501728,0.13630017342066858,0.2624295988836658
4.960606569989835,4.865845855104412,-5.259564700378554,4.975002120699406,4.975002150501728,0.12518746924442975,0.27046750739613845
4.963862703936182,4.871262273958502,-5.24779789035102,4.975002120699406,4.975002150501728,0.11513651711568475,0.27810491011181804
