2.7154751763920295,0.031703778416432016,5.284517644192241,2.6750020864267348,0.07500207748603849,1.1974852489455271e-08,-0.9621951168327079
2.7159455351468864,0.030867656351697192,5.264878016045574,2.6750020864267348,0.09166874440105788,2.208595778249578e-09,-0.9685062991185179
2.7171851364788413,0.028841669083069732,5.21299924621254,2.6750020864267348,0.11944652259275759,2.997654661233613e-09,0.9674680467762637
2.7199314540524178,0.023872868136150416,5.188072831224574,2.6750020864267348,0.15463170830225306,7.905816109120383e-09,0.9638800965204473
2.7228972618589733,0.01782875954031482,5.203722849096663,2.6750020864267348,0.19475516569034912,2.0905062702395726e-08,0.9597779983496857
2.725357728024809,0.013255882396050467,5.215369831943551,2.6750020864267348,0.23817080419792508,3.980037677405339e-08,0.9567406826201692
2.7280026977823546,0.008583210264660579,5.243899361203834,2.6750020864267348,0.2837812301204172,7.719003727684459e-08,0.9533118600700679
2.728719375104058,0.007381859845430938,5.282006141027371,2.6750020864267348,0.3308548476603098,1.5646600873043147e-07,0.9492712109124204
2.7286923628604036,0.007427886335355183,5.324528546198694,2.6750020864267348,0.3308548476603098,2.4846629472284003e-07,0.9463872336970098
2.728666002883907,0.007470500108134104,5.374879440712274,2.6750020864267348,0.3308548476603098,4.2556731137130235e-07,0.9427666238900856
2.7285986294950373,0.007554293807569223,5.416323371268442,2.6750020864267348,0.3308548476603098,6.584570500183587e-07,0.939600584803393
2.7284709750250347,0.007705370944071532,5.457388781259683,2.6750020864267348,0.3308548476603098,1.0093800704447975e-06,0.9362841069385084
2.7283682641731133,0.00781773747489467,5.498387077972058,2.6750020864267348,0.3308548476603098,1.534868815039358e-06,0.9328024586752817
2.7282536237997075,0.007933394286059325,5.5392266872415705,2.6750020864267348,0.3308548476603098,2.31524587758537e-06,0.929148838817377
2.7281365659410053,0.0080426288066473,5.579914333793739,2.6750020864267348,0.3308548476603098,3.4640692377936065e-06,0.9253177850061767
2.7285839955328246,0.009199834510381422,5.620055461870017,2.6750020864267348,0.3308548476603098,5.012999298481073e-06,0.9215673767696781
2.729641447310831,0.011493167228026735,5.659656203705844,2.6750020864267348,0.3308548476603098,7.011190694700407e-06,0.9179512124354079
2.729954827073586,0.012398679913465216,5.6995649686744985,2.6750020864267348,0.3308548476603098,1.0058136314840355e-05,0.9138177894395525
2.7297992272652447,0.012499164434094823,5.7477107660460405,2.6750020864267348,0.3308548476603098,1.572732557410222e-05,0.9083165474961721
2.7296732179684344,0.01257155691846279,5.7874880232069925,2.6750020864267348,0.3308548476603098,2.2591712897452043e-05,0.9035211137381605
2.7295489054258066,0.012635344240299773,5.827045306615908,2.6750020864267348,0.3308548476603098,3.218144328613832e-05,0.8985165204859742
2.7294644195029907,0.012674403753575092,5.858456414852502,2.6750020864267348,0.3308548476603098,4.241392549560675e-05,0.8943734723243479
2.7294389044062317,0.012663016610952482,5.904848211466819,2.6750020864267348,0.3308548476603098,6.31583652577913e-05,0.8879991412845389
2.7294727913876002,0.012651788787502838,5.943102428074445,2.6750020864267348,0.3308548476603098,8.701530589887712e-05,0.8824970402199503
2.7292640965585147,0.012717958685904307,5.982102245096474,2.6750020864267348,0.3308548476603098,0.00012060336672981062,0.8765191097845773
2.7290979775559254,0.012762722284499262,6.020332897927956,2.6750020864267348,0.3308548476603098,0.00016493458208394858,0.8704015511260488
2.729014308757778,0.012783206414395565,6.058678212608678,2.6750020864267348,0.3308548476603098,0.0002239935945114016,0.8640239178041529
2.7288951439081828,0.012811273433165127,6.096592495957398,2.6750020864267348,0.3308548476603098,0.0003016343729156522,0.8574140152442673
2.7286726028933543,0.01284703887587213,6.133779373273297,2.6750020864267348,0.3308548476603098,0.0004025513936466699,0.85058512864655
2.728504188833009,0.012871050624427838,6.17090399296922,2.6750020864267348,0.3308548476603098,0.0005332878766133849,0.8434993498116681
2.7284215804050582,0.01288015551244115,6.207995916385461,2.6750020864267348,0.3308548476603098,0.0007010321689840272,0.8361649345941471
2.7268326294401497,0.013713174660850314,6.242704727765337,2.6750020864267348,0.3308548476603098,0.0009283000053142096,0.828138824362395
2.7247760460161157,0.014907984958458798,6.276405301357076,2.6750020864267348,0.3308548476603098,0.0012241752343976533,0.8196950844521376
2.7243198126915775,0.015147989517700466,-6.254451637863337,2.6750020864267348,0.3308548476603098,0.0015759017384080734,0.811480548030725
2.724254536485679,0.015148743788088836,-6.21887439242637,2.6750020864267348,0.3308548476603098,0.002003983229215536,0.8031757703531668
2.7242126854848525,0.015148930762322266,-6.183655687984881,2.6750020864267348,0.3308548476603098,0.0025282436002047977,0.7946524780611759
2.7241975023826708,0.015150497338288105,-6.148805873360635,2.6750020864267348,0.3308548476603098,0.0031646380149116067,0.7859191774897596
2.724214843257924,0.015156135752796729,-6.114334769373509,2.6750020864267348,0.3308548476603098,0.00393018156897399,0.7769878110842106
2.7242615058715245,0.01516721148648692,-6.080166555847635,2.6750020864267348,0.3308548476603098,0.004846139864636772,0.7678407166561609
2.724364207372366,0.015192294714386989,-6.046489060518811,2.6750020864267348,0.3308548476603098,0.0059242578251013445,0.7585593948495504
2.7245182834724737,0.015233279306537284,-6.0132085444522465,2.6750020864267348,0.3308548476603098,0.007186451155957678,0.7491246269172378
2.7246801583300524,0.015281716759304231,-5.986864714717835,2.6750020864267348,0.3308548476603098,0.008341835838436748,0.741473375614456
2.7249921589258435,0.015383581414633696,-5.947748993087715,2.6750020864267348,0.3308548476603098,0.010344062390990385,0.7298205339010408
2.725316664017134,0.015502202173607316,-5.915580870612044,2.6750020864267348,0.3308548476603098,0.012277172261251874,0.7199810802692701
2.725743600757493,0.015648303095000315,-5.883870495744901,2.6750020864267348,0.3308548476603098,0.01445445305921506,0.7101041329512761
2.726246595284609,0.015871880555756945,-5.852549484625936,2.6750020864267348,0.3308548476603098,0.01689689732860766,0.7001653747825789
2.7268635869244093,0.016164878800838167,-5.821768632026026,2.6750020864267348,0.3308548476603098,0.01958980531912292,0.690272249496372
2.7276224455554576,0.016556026527840828,-5.791543998568616,2.6750020864267348,0.3308548476603098,0.022519216000593652,0.6804895990655213
2.7284778828896634,0.017030425461074472,-5.761694477686964,2.6750020864267348,0.3308548476603098,0.025716869709152615,0.6707231636715238
2.729214992660035,0.01746484973088336,-5.738318066361055,2.6750020864267348,0.3308548476603098,0.02844364436771146,0.6630003077988664
2.7303001223868844,0.018150136802116634,-5.704208525764847,2.6750020864267348,0.3308548476603098,0.03283647657556121,0.6514989077359243
2.7315568723281434,0.022125012290910462,-5.674937893048945,2.6750020864267348,0.3308548476603098,0.03653943038174534,0.6425375711069767
2.7329061767370604,0.02577829134244425,-5.650662088043155,2.6750020864267348,0.3308548476603098,0.039628938940243115,0.635484426748963
2.734735786425052,0.028815104076542752,-5.616391041455282,2.6750020864267348,0.3308548476603098,0.044607673933288745,0.6247957927658971
2.7362523456752985,0.030040054001714722,-5.588754364069707,2.6750020864267348,0.3308548476603098,0.04909424697015688,0.6157657931134535
2.7380071726685067,0.03154443130708273,-5.561733515440526,2.6750020864267348,0.3308548476603098,0.053564500150303576,0.6072442587054878
2.7398788185073,0.033237444315384224,-5.535086038202484,2.6750020864267348,0.3308548476603098,0.05812033075774195,0.5989774694809822
2.7418377035715285,0.03510618609855065,-5.50872714731671,2.6750020864267348,0.3308548476603098,0.06277431006519626,0.5909091293579971
2.743525697168627,0.03679454059368048,-5.487974348633048,2.6750020864267348,0.3308548476603098,0.06645100995526758,0.5847717776234072
2.7461471789289718,0.03955562417799996,-5.457170607646055,2.6583354195117144,0.37890392630295805,0.06821241749010194,0.5818988460610901
2.748351584730221,0.04200922870003154,-5.431682409359607,2.6583354195117144,0.37890392630295805,0.07313355989752943,0.5740830520904174
2.7506282705038885,0.04467625335537306,-5.406488761428372,2.6583354195117144,0.37890392630295805,0.07808933879657506,0.5664967773116867
2.7529340837648952,0.047517988818912116,-5.3814906023934705,2.6583354195117144,0.37890392630295805,0.08312516942085207,0.5590473775648037
2.755352665061311,0.0506554686930194,-5.35689078331658,2.6583354195117144,0.37890392630295805,0.0880412237341663,0.5520003516459702
2.757874941876848,0.054096816565360584,-5.332656998695073,2.6583354195117144,0.37890392630295805,0.09280380500045866,0.5453640709216561
2.7604473339835742,0.05778953020472599,-5.308724399481545,2.6583354195117144,0.37890392630295805,0.0974553681938081,0.5390466125266398
2.7630318245215673,0.061695248433759176,-5.285034227072457,2.6583354195117144,0.37890392630295805,0.10203011494147152,0.5329776673558997
2.7656719220818164,0.06589798040963757,-5.261665881279692,2.6583354195117144,0.37890392630295805,0.10638912890126202,0.5273168843279705
2.7683091066592294,0.07031530925738849,1.0444458754581785,2.6583354195117144,0.37890392630295805,0.11053675127560743,0.5220325339165959
2.770838453695836,0.07478234534070083,1.066214188104771,2.6583354195117144,0.37890392630295805,0.11434207249431383,0.5172654728528985
2.7731232102612893,0.07900741974524195,1.085551401720688,2.6583354195117144,0.37890392630295805,0.11755281577825212,0.5132998470089658
2.7756425344783136,0.08391680146718272,1.1071114966152515,2.6583354195117144,0.37890392630295805,0.12103437590596158,0.5090548315298211
2.778250917795301,0.08928455675445157,1.1296615698214871,2.6583354195117144,0.37890392630295805,0.12452789740143547,0.5048496382793606
2.780787744811258,0.09482503648528962,1.151782230010849,2.6583354195117144,0.37890392630295805,0.12774826355682772,0.501018860515013
2.7832611314365074,0.10055412815297338,1.1737664944718957,2.6583354195117144,0.37890392630295805,0.1307698342763048,0.49746228251444746
2.7856805982751816,0.10650818199428969,1.195560947602024,2.6583354195117144,0.37890392630295805,0.13350546433345883,0.49427228088110864
2.788019453853334,0.11264328648417532,1.2172144920157106,2.6305576413200145,0.4276033124171887,0.13150321362029044,0.49660435196783403
2.790317075920976,0.11909823057593094,1.2406447180241869,2.6305576413200145,0.4276033124171887,0.13549756747226518,0.4919665140442635
2.7925432340307346,0.1258139746592093,1.2641970350884142,2.6305576413200145,0.4276033124171887,0.1393688878930761,0.4875252760026596
2.7945760191410827,0.13246488356428365,1.286217124595211,2.6305576413200145,0.4276033124171887,0.1426893335761394,0.4837557406659583
2.796477800468283,0.13922644359803904,1.3074264948318348,2.6305576413200145,0.4276033124171887,0.14557191974423395,0.48051150532021736
2.7982737951661196,0.14617024599279027,1.3284894386671855,2.6305576413200145,0.4276033124171887,0.14821162662955348,0.47756259217888597
2.7996115980219756,0.15177626605665928,1.3453156299488145,2.6305576413200145,0.4276033124171887,0.15025498002282237,0.47529375540749697
2.801465851129908,0.16034842288980045,1.3702779252581625,2.6305576413200145,0.4276033124171887,0.15299872120764238,0.47226556222860294
2.8028858802170404,0.16771756629556123,1.39077685712203,2.6305576413200145,0.4276033124171887,0.15485583766837413,0.4702274283318941
2.804127730009373,0.1749286151334779,1.4099414849891232,2.6305576413200145,0.4276033124171887,0.15618098661087074,0.46877862622968736
2.8051791829002237,0.1818127096988924,1.4274446130342064,2.6305576413200145,0.4276033124171887,0.15699228296559467,0.4678938451303789
2.8062121437737826,0.18946725372127915,1.4478246586274204,2.5953724556105198,0.476736237020689,0.15936201246478002,0.46531890419337185
2.8070887001424616,0.1973210095705742,1.4682171291586463,2.5953724556105198,0.476736237020689,0.16184078714474287,0.462640080512156
2.8078281895910884,0.2052577333159693,1.488491965190854,2.5953724556105198,0.476736237020689,0.16411522722772806,0.46019474600564503
2.8084109052269177,0.2133581396139803,1.5086285227897809,2.5953724556105198,0.476736237020689,0.16610312837976327,0.45806706507381745
2.8088364485479396,0.22156561714567324,1.5286772168742333,2.5953724556105198,0.476736237020689,0.16785323085932535,0.45620107662821385
2.809100943064232,0.22987036697666774,1.5486413384459172,2.5953724556105198,0.476736237020689,0.16935629430320281,0.4546037023680427
2.8092016676256026,0.23825759580982186,1.5685377267374676,2.5953724556105198,0.476736237020689,0.17061400618035166,0.4532706928557795
2.8091369809217888,0.24669092832105655,1.588408057230607,2.5953724556105198,0.476736237020689,0.17166396891629185,0.4521603452036733
2.8089045019704493,0.25519037547598344,1.6082149797477674,2.5953724556105198,0.476736237020689,0.1724462712175885,0.45133449213491317
2.8085024285232247,0.2637248235923746,1.6279960603674297,2.5953724556105198,0.476736237020689,0.17299308982861028,0.4507579534801125
2.807930281523136,0.2722750689611715,1.6477532125016463,2.555248998222424,0.5261581876742942,0.18448015774042711,0.43877482699313197
2.807158284935138,0.2811344003935847,1.6671364802668212,2.555248998222424,0.5261581876742942,0.18612796299674314,0.4370745191626264
2.8061748270507874,0.29042097711323756,1.6858906919129417,2.555248998222424,0.5261581876742942,0.18686642880947207,0.43631393027601706
2.8050150181766984,0.2996590978953382,1.704822486704189,2.555248998222424,0.5261581876742942,0.18755778282803914,0.4356026398043502
2.8037141904540768,0.30867387672679136,1.7236711919278382,2.555248998222424,0.5261581876742942,0.18822588185076944,0.43491597886515865
2.802235086032489,0.3176949207644242,1.743662798422886,2.555248998222424,0.5261581876742942,0.18928106664752695,0.43383286791897047
2.8005668962119987,0.3267142462132,1.7634720085524695,2.555248998222424,0.5261581876742942,0.19002632890142243,0.4330688934098721
2.7986977348057636,0.3357894934976766,1.7830563846964527,2.555248998222424,0.5261581876742942,0.19035059539377897,0.43273674345257973
2.7961638735254084,0.3469380986463033,1.8053710666112892,2.555248998222424,0.5261581876742942,0.18943217417252745,0.43367789912167476
2.7943432909577783,0.354329524001205,1.820278701576336,2.511833359714848,0.5757728231454696,0.2111598738548994,0.41171017967864354
2.7917747638748427,0.3640035055244155,1.8394136467118412,2.511833359714848,0.5757728231454696,0.2122466418632923,0.41062565270991613
2.7888427494158687,0.37428462611609525,1.856996774691493,2.511833359714848,0.5757728231454696,0.211585252750352,0.41128553916858435
2.7887111059372387,0.3883006705054033,1.8763090665851367,2.511833359714848,0.5757728231454696,0.20367957475703213,0.419208471302952
2.788728661919171,0.40249015535922794,1.8958902583202861,2.511833359714848,0.5757728231454696,0.19480089921917823,0.4281935777316941
2.786073924249825,0.41565120130299604,1.918486988467255,2.511833359714848,0.5757728231454696,0.1904881247437989,0.4325959175094549
2.7826898882395312,0.4247104797871035,1.9382685729024025,2.511833359714848,0.5757728231454696,0.19051792822201932,0.4325654033171429
2.7791502890330175,0.43363655746486174,1.9578509283773382,2.511833359714848,0.5757728231454696,0.19026754175369331,0.43282180142950155
2.7755018949845827,0.4423477278800316,1.9767640134609292,2.466222933792356,0.6255159165869394,0.22598619112301907,0.3970049049979629
2.77117157957389,0.4521662491076217,1.9941838401136307,2.466222933792356,0.6255159165869394,0.22577298586710898,0.39721512664253256
2.7664320584403495,0.462429690944278,2.0116478415652055,2.466222933792356,0.6255159165869394,0.224750139060515,0.39822410780959516
2.761586529038233,0.47248912173352053,2.0290185140505868,2.466222933792356,0.6255159165869394,0.22347270542201292,0.3994852899908592
2.756574660405338,0.48242545282062466,2.046484237984806,2.466222933792356,0.6255159165869394,0.22196093527977523,0.4009794081537643
2.7514271671439836,0.4922081201169757,2.064020826334365,2.466222933792356,0.6255159165869394,0.22020419806471256,0.4027178705836201
2.7461521190712954,0.5018196152975793,2.0816384985071688,2.466222933792356,0.6255159165869394,0.21821299202480382,0.40469140005014936
2.740754616915231,0.51125711047656,2.0993469423628666,2.435815983167483,0.6753446510331863,0.2738877045349711,0.3502450158326209
2.734149046759498,0.5223589790904946,2.1152428532410283,2.435815983167483,0.6753446510331863,0.27152817145429026,0.3525408830572778
2.7283614190832814,0.5317819940627615,2.1280042975918287,2.435815983167483,0.6753446510331863,0.26861121970486623,0.3553782811314201
2.719640249781415,0.5455038544781452,2.1470793814364146,2.435815983167483,0.6753446510331863,0.2637773998437361,0.36007930775793207
2.712338190350833,0.5565443376836736,2.163186702767314,2.435815983167483,0.6753446510331863,0.25951302004491933,0.36422689427548094
2.7048987199385213,0.567390968324176,2.179471028597219,2.415544682716535,0.7252304830472402,0.3258171632254834,0.2990707610376939
2.696329677906663,0.5794913187167019,2.1942790880569993,2.415544682716535,0.7252304830472402,0.3223159204539797,0.30258786869783827
2.6863043681841745,0.5932657395668013,2.2042477687676394,2.415544682716535,0.7252304830472402,0.31306432441328147,0.3118189565663956
2.6760543623712483,0.6070878610287807,2.211661210275971,2.4020304823117997,0.7751543850422629,0.37471221952233447,0.24790527496314474
2.665950043191101,0.6204696132406298,2.227942881736421,2.4020304823117997,0.7751543850422629,0.3725790985508114,0.250243773963547
2.6545443584849284,0.6349900807229325,2.2396962269136536,2.393021015096395,0.8251036732871907,0.43061215920386564,0.18021881511811944
2.6416370393171267,0.6511960695067387,2.2484687685157914,2.393021015096395,0.8251036732871907,0.4261254035721851,0.18628689140199994
2.6279859697444863,0.6680096402961926,2.2575817119023927,2.387014702950365,0.8750698929651193,0.47057075543684596,0.11558617720609443
2.6137737492357243,0.6852609631384219,2.2609021828841147,2.3830104934016827,0.9250474079281235,0.49423936868328117,0.05070235913356247
2.5983599634339125,0.7038937032517936,2.2626336079095357,2.3830104934016827,0.9250474079281235,0.49359892930471344,0.05345868515978203
2.5825271641335608,0.7229621716181978,2.264864844194179,2.3803410175001054,0.9750324603265882,0.49967441086623027,-0.01203077092471716
2.569827980766446,0.7381894065340475,2.2653773722384467,2.3803410175001054,0.9750324603265882,0.499607802165094,-0.013204479496176313
2.550561170162556,0.7613690891277667,2.2641304282728147,2.3785613616965064,1.0250225436361127,0.48688242058996845,-0.07671169856152438
2.534935187234698,0.7802051399769336,2.2615123046462466,2.3773749157966835,1.0750159847959715,0.46159755166875194,-0.13247892420837493
2.5200958060674203,0.7982455752495436,2.256235634263161,2.3773749157966835,1.0750159847959715,0.4580430470234467,-0.13865973028509282
2.5023785304094073,0.8117908850429085,2.249365002877128,2.3765839384051612,1.1250116659141225,0.4192981861551545,-0.19524065276312885
2.488924454806785,0.8228972597120308,2.245513916367614,2.3765839384051612,1.1250116659141225,0.4080752001143421,-0.2093349209431783
2.472470091349958,0.84127993636654,2.2351803374802066,2.376056600813839,1.1750088391079585,0.3727879846009044,-0.2500153243703961
2.4608194616428882,0.8563445920198607,2.224602380882274,2.376056600813839,1.1750088391079585,0.3666477386272231,-0.2566831508862656
2.4497158046825565,0.8709797360843101,2.213566706218864,2.376056600813839,1.1750088391079585,0.36012050009702945,-0.26367055186694965
2.4388822129261083,0.8856191453931839,2.2017379814160942,2.375705016607085,1.225007003436561,0.335349371682956,-0.2894188223712688
2.4287880075084214,0.8996232488297107,2.1885984853307003,2.375705016607085,1.225007003436561,0.32982993232654356,-0.2950219098567878
2.4193391211052226,0.9130975471514233,2.176193081874254,2.375705016607085,1.225007003436561,0.32361040697129245,-0.3012891423212798
2.4101360079259972,0.9265811613175625,2.163066254038973,2.375705016607085,1.225007003436561,0.31696200352925585,-0.30794026918925554
2.4012685692104423,0.9399510432079676,2.1497210813081247,2.375470595085551,1.2750058231451298,0.3020037025024782,-0.32275555906342956
2.392975744068128,0.9528329433265537,2.135730802110804,2.375470595085551,1.2750058231451298,0.29680480633673534,-0.3278661094580606
2.3850721895277935,0.9655022709913776,2.1213930497633977,2.375470595085551,1.2750058231451298,0.29139298445366646,-0.3331696003909582
2.377461644864873,0.9780999968431239,2.106917465108514,2.3919809440483526,1.3250050733168532,0.2563527579123875,-0.367301651543567
2.3703950185152376,0.9901915224737117,2.0928569913073884,2.3919809440483526,1.3250050733168532,0.25133261412042507,-0.37218928709743027
2.363968044933415,1.0015460456059309,2.0788199627237867,2.3919809440483526,1.3250050733168532,0.24664652726924668,-0.3767570632953978
2.3578666787749007,1.01267716221958,2.0632983487116183,2.3919809440483526,1.3250050733168532,0.24261917788459497,-0.3806882981482692
2.3519249938449462,1.0239412756341384,2.04854425010599,2.3919809440483526,1.3250050733168532,0.23754602450208714,-0.38564958765626
2.3464685088374875,1.0346745983985475,2.0320336567714934,2.402987804029562,1.3750046036521006,0.22845478802549163,-0.3945731222859302
2.341475425846445,1.0449732251689756,2.0144586166316705,2.402987804029562,1.3750046036521006,0.22724131058140068,-0.39576798837483074
2.3366415169854626,1.0553696543948607,1.9972054583020646,2.402987804029562,1.3750046036521006,0.2254514503248806,-0.3975322231521635
2.3320347182455308,1.0657554500706485,1.9798353338589247,2.402987804029562,1.3750046036521006,0.22346262288198793,-0.39949524906439693
2.3276458885507836,1.076124983681428,1.9623650111594442,2.402987804029562,1.3750046036521006,0.22123612180361868,-0.4016963846809778
2.3234771382103645,1.0864751007615858,1.9448016910164219,2.4103256723825224,1.425004314214437,0.22883884137484453,-0.39419516106034924
2.3193965181104534,1.0971446379648064,1.9274769617336005,2.4103256723825224,1.425004314214437,0.22764599296650825,-0.3953694037886992
2.315474022272472,1.1079430354576267,1.9101544116353728,2.4103256723825224,1.425004314214437,0.22603729298180103,-0.39695452299474654
2.311777696999897,1.1187052014773258,1.8928028001177923,2.4103256723825224,1.425004314214437,0.22419327598223424,-0.3987737389797361
2.308291622640679,1.129457057576337,1.8753508948698459,2.4103256723825224,1.425004314214437,0.22209823263702677,-0.400843641562061
2.3050273110241797,1.140161150672256,1.857853718091059,2.4103256723825224,1.425004314214437,0.21974461331990675,-0.4031730838026554
2.302005013783729,1.150723348538504,1.8406270556285191,2.4152175511878995,1.4750041390840893,0.2400419797801939,-0.3832072584760404
2.298978960909192,1.162057448526033,1.8240458822693848,2.4152175511878995,1.4750041390840893,0.23820141688211013,-0.3850079960323438
2.2960397435486914,1.1737978059200902,1.8070854621803107,2.4152175511878995,1.4750041390840893,0.23578807121290465,-0.38737156440082576
2.293366918365125,1.1853495019575906,1.7901519438351936,2.4152175511878995,1.4750041390840893,0.23318985566528258,-0.3899195577593886
2.2909060592498847,1.1968526355342437,1.7731287795643607,2.4152175511878995,1.4750041390840893,0.23027894529378112,-0.39277874005672386
2.288669526346423,1.2082557479717142,1.7559743389807778,2.418478778791471,1.5250040352638667,0.25862554215239975,-0.3650902400760553
2.2898530408478397,1.219785746570217,1.7386299331303035,2.418478778791471,1.5250040352638667,0.2630590795120007,-0.3607778902881815
2.2910331283741563,1.2320199015251472,1.7219440276214963,2.418478778791471,1.5250040352638667,0.2661750103546642,-0.35774762275570504
2.2891316922681018,1.2451784201721825,1.7061237434351184,2.418478778791471,1.5250040352638667,0.26207863603849013,-0.36173142313006357
2.287442101934804,1.258346570334254,1.6905146354688212,2.4206529168407886,1.575003975108428,0.292399381940425,-0.3321844776444033
2.2859167946983696,1.2719267318255127,1.6738813231649536,2.4206529168407886,1.575003975108428,0.29028971921699065,-0.3342489975315819
2.2845987443473987,1.2858447433422082,1.655785995670172,2.4206529168407886,1.575003975108428,0.28825159850149124,-0.3362416063808641
2.283561998491569,1.299504565189567,1.639435722792918,2.4206529168407886,1.575003975108428,0.28486597324314256,-0.33954792604566264
2.282662671148813,1.3140226102342734,1.625315296655487,2.4221023411480855,1.6250039411478732,0.3177926821450172,-0.3071117549082645
2.2819300917737557,1.3295159160760939,1.611328429895657,2.4221023411480855,1.6250039411478732,0.3132871773357245,-0.31159756888430723
2.2813948448069876,1.3453946307375748,1.5978938797010442,2.4221023411480855,1.6250039411478732,0.3073136961132101,-0.3175170303640221
2.2810848951981875,1.3608501227080616,1.5840192536973963,2.4230686353886424,1.6750039225595785,0.34084960144712195,-0.28379215679102543
2.2809750877610533,1.377544632774617,1.571246093515302,2.4230686353886424,1.6750039225595785,0.33583277995668404,-0.28892608936525244
2.281066856610103,1.3945351808268889,1.5586054793418642,2.4230686353886424,1.6750039225595785,0.3295902990366812,-0.2952642609557966
2.281373908331638,1.4110849591124808,1.5457949844513614,2.423712853684836,1.725003912784835,0.3626690219381358,-0.26095402418334024
2.2819106393463375,1.4282259559986272,1.5349493987004634,2.423712853684836,1.725003912784835,0.3573056199657782,-0.26665451580728516
2.282631686592193,1.4458751129927947,1.525021735569062,2.423712853684836,1.725003912784835,0.35005291664570654,-0.27426857201501753
2.283505448355461,1.463163956747204,1.5144478564478885,2.424142362729921,1.775003907942134,0.3817427293582193,-0.2401054447496217
2.284646056385185,1.4814942548302703,1.502806995069875,2.424142362729921,1.775003907942134,0.3770351314987288,-0.24534425627331236
2.2860689107288703,1.5008615868591733,1.4938080238180544,2.424142362729921,1.775003907942134,0.36909833261440234,-0.25403356170846625
2.2879649330381895,1.5242460863145144,1.4856167972089414,2.424428737104209,1.8250039057911978,0.3963721225323426,-0.22335362241170897
2.289341482179875,1.539547256790275,1.476502931303268,2.424428737104209,1.8250039057911978,0.39260400969833437,-0.22774297813407351
2.2917242932004367,1.563213518607192,1.4648367787296401,2.4246196900706036,1.8750039050722536,0.41915610313374707,-0.1954237006683065
2.2935061781648116,1.579518154730149,1.4578127911113246,2.4246196900706036,1.8750039050722536,0.41529965486151976,-0.2003446004683903
2.2964994067323445,1.6047046158147165,1.4463157636779378,2.4247470279049064,1.9250039050955892,0.438411043886071,-0.1692683588542132
2.299284023774492,1.6261914796256214,1.438682100038061,2.4247470279049064,1.9250039050955892,0.43429690757626405,-0.17511310318419038
2.3021161218858506,1.6487172265845533,1.431206871430504,2.4247470279049064,1.9250039050955892,0.4283251531603782,-0.1833313395471723
2.304145402770752,1.677213753518405,1.4252760742211894,2.424831953041961,1.9750039054937338,0.44579730880930163,-0.15833929246497835
2.3064575224427593,1.7057437805934565,1.4198615262626153,2.4248885995333107,2.025003906076213,0.45996188659323517,-0.13535399176249363
2.3099728654916127,1.728379125778087,1.41369715007147,2.4248885995333107,2.025003906076213,0.45681977639616056,-0.1407316002266833
2.3136329048321542,1.7511155903551554,1.4080403126048704,2.424926389851359,2.075003906746987,0.4724875982515128,-0.11167951619362115
2.317475009358672,1.7740635399919746,1.4024924956472624,2.424926389851359,2.075003906746987,0.4704125739508484,-0.11590317186422516
2.3215110025899577,1.7974614452192004,1.3971105572740086,2.4249516058136176,2.125003907458952,0.4828224800755093,-0.08791256413950499
2.3256933000209727,1.8210074679064938,1.393452476846362,2.4249516058136176,2.125003907458952,0.48124644935049543,-0.09190952200276403
2.329993308482422,1.8447602380301955,1.389365756024405,2.4416351024923513,2.175003908189635,0.47953118178478404,-0.09608062831645814
2.3343843754388534,1.868374451577619,1.385234674189784,2.4416351024923513,2.175003908189635,0.4777367482315104,-0.10026925154673916
2.3388524297894637,1.8918884497530293,1.3808981722154179,2.4416351024923513,2.175003908189635,0.47554442378665107,-0.10517453360022666
2.3434093494547774,1.9153003853975825,1.3764111307187465,2.469424116532632,2.2250039089286044,0.4644460014115209,-0.12733521381402657
2.3480405711835015,1.9385708744801953,1.3722076192975459,2.469424116532632,2.2250039089286044,0.46072529979181365,-0.13401889297909697
2.3526605941861654,1.9612565009206904,1.3662435359697118,2.5046168056936984,2.2750039096711463,0.4427944351825352,-0.16285533790120188
2.3573588181451406,1.983469140300306,1.3578985558838694,2.5046168056936984,2.2750039096711463,0.43910105398384314,-0.16827210746552157
2.3620836345697054,2.004954130306162,1.350734446090395,2.5046168056936984,2.2750039096711463,0.4342161366278943,-0.17522628334874235
2.366919913168605,2.0262101346442964,1.3430585284242538,2.544745275006415,2.32500391041519,0.4130291112059818,-0.20320087825605804
2.37173484256048,2.046584028088935,1.33444270765177,2.544745275006415,2.32500391041519,0.40758573148585314,-0.2099340710285954
2.376613608711919,2.066440237222709,1.3253022348695194,2.544745275006415,2.32500391041519,0.40158070402656487,-0.21719060024614623
2.3816167827750174,2.086022973847042,1.315878783127732,2.5881642610071025,2.37500391115985,0.38269158685830795,-0.23904126173700901
2.3861867355318704,2.1052415756446976,1.3056456771415135,2.5881642610071025,2.37500391115985,0.37598352222068804,-0.24650556202535134
2.387559534053773,2.122572878663428,1.2966367935296208,2.5881642610071025,2.37500391115985,0.36462023857562004,-0.25886419452976395
2.389427332434238,2.1467461905471037,1.2836843155456823,2.5881642610071025,2.37500391115985,0.3458759490557718,-0.2786088237816612
2.3950005137951145,2.1651979894114426,1.2707625511366294,2.633776921374412,2.4250039119047555,0.33755773264064526,-0.2871651115623344
2.401196430076979,2.184698389613212,1.255908624133252,2.633776921374412,2.4250039119047555,0.33097950107456164,-0.2938582749904822
2.4064626437681724,2.200521422496319,1.243081898133041,2.633776921374412,2.4250039119047555,0.3250913208597436,-0.2998010504606695
2.4118296068593494,2.215975236936071,1.2300246099024996,2.633776921374412,2.4250039119047555,0.31866215780522555,-0.30624380578344723
2.417296221397688,2.2310786173974986,1.2166819917072755,2.680852028127088,2.475003912649756,0.3214712460242753,-0.30343431172197555
2.422975984877528,2.2461363118474953,1.2033751093323488,2.680852028127088,2.475003912649756,0.3169008392789799,-0.30800124716278754
2.4288098921899337,2.261006087136895,1.1899047445982645,2.680852028127088,2.475003912649756,0.31177930009389615,-0.3130946700532069
2.433563489038539,2.272702375490802,1.17902721944741,2.680852028127088,2.475003912649756,0.30729284525776046,-0.3175376415083129
2.440809323970102,2.2898436013069716,1.1623556302029445,2.680852028127088,2.475003912649756,0.3000380117450962,-0.3246898331967685
2.446981862145556,2.303842294366307,1.1483768404180212,2.728902096454875,2.5250039133947935,0.31346972656311817,-0.3114161865429851
2.453440209636364,2.3179328629248612,1.1347222409024258,2.728902096454875,2.5250039133947935,0.30925749943010467,-0.31559406390128175
2.4601580652399875,2.3320986622718287,1.1211409840942783,2.728902096454875,2.5250039133947935,0.3041348451391471,-0.3206555402550344
2.466915115739047,2.345837998913778,1.1071752256324372,2.728902096454875,2.5250039133947935,0.29880479383646075,-0.3259020826104878
2.4737343976393085,2.3592359295686975,1.0928894935784306,2.728902096454875,2.5250039133947935,0.2931005758144971,-0.33149781554670943
2.4807219892067316,2.3725071680799097,1.079376657204828,2.7776021372334383,2.5750039141398435,0.3149186486486057,-0.3099754450434421
2.4880799473808874,2.3860160001546973,1.0648539417819607,2.7776021372334383,2.5750039141398435,0.3114258218609906,-0.31344533327394963
2.4958390064014946,2.399808713229593,1.0515790861447871,2.7776021372334383,2.5750039141398435,0.30611758122689225,-0.31869885328876235
2.5035538221845464,2.413105402271766,-5.245569066971352,2.7776021372334383,2.5750039141398435,0.3008308386160736,-0.3239099804468162
2.5113373183313623,2.4260891756176246,-5.2596629391185,2.7776021372334383,2.5750039141398435,0.29502603812944883,-0.3296109702817409
2.519209427597726,2.438807518933844,-5.274071939112712,2.826735491955696,2.6250039148848994,0.32464881978961285,-0.3002459607015602
2.5276826584104874,2.4520691830788994,-5.286702495219803,2.826735491955696,2.6250039148848994,0.3201147880362762,-0.30479200059121203
2.5365811783790306,2.465637495985657,-5.300204844654174,2.826735491955696,2.6250039148848994,0.31495613527516986,-0.3099381442488979
2.5454566892134878,2.4787505599772715,-5.313713289940257,2.826735491955696,2.6250039148848994,0.309338765740868,-0.3155136025146862
2.554363383096904,2.4915437185857563,-5.327457491115114,2.826735491955696,2.6250039148848994,0.3031934621538918,-0.3215835633779305
2.5633845402543507,2.504125016179316,-5.341288217369602,2.8761577226112602,2.675003915629957,0.338358544367982,-0.2863460870180079
2.573197730470742,2.517423207672776,-5.354252615527585,2.8761577226112602,2.675003915629957,0.3339052086399611,-0.29088887663422647
2.5834429062461837,2.530950688094112,-5.366731448481953,2.8761577226112602,2.675003915629957,0.32800189537294455,-0.29686884554944826
2.5932633911009173,2.5438633702893707,-5.379282956059891,2.8761577226112602,2.675003915629957,0.32154584163400535,-0.30335959119674505
2.6020760062212105,2.555904397785211,-5.391247021634519,2.9257725382356385,2.7250039163750146,0.3569291742349338,-0.2670523038776619
2.6116438159918314,2.568259237362822,-5.403438537439839,2.9257725382356385,2.7250039163750146,0.3531786926097257,-0.2709996792145297
2.6231100079758676,2.581932517295602,-5.416064985303174,2.9257725382356385,2.7250039163750146,0.34808093825568226,-0.276321508548231
2.6345284751470732,2.595228484647512,-5.42795507365407,2.9257725382356385,2.7250039163750146,0.34183540272179225,-0.28277880734837046
2.645884271035756,2.608126583223914,-5.440250124983046,2.9257725382356385,2.7250039163750146,0.3350714928075376,-0.2897019109236194
2.6571954819620025,2.6206676571017695,-5.452869218417264,2.958849079036465,2.7750039171200727,0.38727382863618076,-0.233860772270852
2.669918314487651,2.6344250553528905,-5.463744513746444,2.958849079036465,2.7750039171200727,0.3821446689381711,-0.23965500079908608
2.6832008130816885,2.6484907247733673,-5.474334099625962,2.958849079036465,2.7750039171200727,0.3753967179323415,-0.24715220399351578
2.6962998373527203,2.66209805124622,-5.484825246296689,2.9975667735018394,2.8250039178651307,0.41629967688483194,-0.19907715730431008
2.7101736723677092,2.6761995332868835,-5.491713385407059,2.9975667735018394,2.8250039178651307,0.410667402878059,-0.20614142237713262
2.7241586842862624,2.6902873449165323,-5.4968347727249,2.9975667735018394,2.8250039178651307,0.40291971339521826,-0.21558712288413828
2.738485222150345,2.7045368419495617,-5.506478353533809,3.040045241656813,2.875003918610189,0.4357658533217597,-0.1730444538946352
2.7533185978083097,2.718929819407178,-5.517768796592043,3.040045241656813,2.875003918610189,0.43358941051454325,-0.17610251400050403
2.768740555410357,2.7335888720711026,-5.527401878141917,3.040045241656813,2.875003918610189,0.42968016349732996,-0.1814922512613939
2.784591231639247,2.7484183228476287,-5.534912894998195,3.0850308981656114,2.925003919355247,0.45509845855787917,-0.14360286255020027
2.8044880492440463,2.766727556254457,-5.542908736414022,3.0850308981656114,2.925003919355247,0.45119585854374855,-0.14993612685320323
2.817936484993222,2.7789740675801475,-5.54821128018553,3.0850308981656114,2.925003919355247,0.4478665361097648,-0.1551638150346314
2.8346359646471253,2.793969513121228,-5.554782213378168,3.131688020662308,2.975003920100305,0.46826420705234645,-0.12013287150665375
2.8516256394756336,2.809046480658667,-5.559590870411658,3.131688020662308,2.975003920100305,0.4656468926411454,-0.12511021725924099
2.86930656642377,2.824574898973406,-5.565360824963457,3.131688020662308,2.975003920100305,0.4625668867456214,-0.13074873011573074
2.8868017213562176,2.8397481654612644,-5.570990668314836,3.1794594617384737,3.025003920845363,0.47860995128952666,-0.09825191928977339
2.907879822844734,2.8577852067910303,-5.57955656274662,3.1794594617384737,3.025003920845363,0.4775011363779646,-0.10080710031004758
2.9224738075554733,2.8701222313756407,-5.583167056084991,3.1794594617384737,3.025003920845363,0.47576126751292147,-0.10469889603958493
2.940772200992404,2.885482733993035,-5.5876610450981,3.227973790015967,3.075003921590421,0.48756207250191086,-0.07467972539544776
2.959294674949625,2.9008735000452432,-5.591278533034273,3.227973790015967,3.075003921590421,0.48652633357487274,-0.07775588191736982
2.9780999184282955,2.9164145318785124,-5.594612564473279,3.2769833840033837,3.125003922335479,0.4937570480522512,-0.052791323025244474
2.9969705349340874,2.9319027765867407,-5.596813289127627,3.2769833840033837,3.125003922335479,0.4932154768782769,-0.05504410941410631
3.0167366292629065,2.9474609605656816,-5.5996063384219195,3.2769833840033837,3.125003922335479,0.4928449371576509,-0.05653471121735376
3.0379433042916064,2.962699962260338,-5.603212195651856,3.326323161273297,3.175003923080537,0.49794619544056995,-0.03023449056897609
3.059200265107494,2.9778347789876047,-5.606929042913323,3.326323161273297,3.175003923080537,0.4983704316512457,-0.02692739674889344
3.078606243224412,2.9933804290782557,-5.608428038212316,3.326323161273297,3.175003923080537,0.4982305733066401,-0.028060525272284198
3.0980936265422274,3.0089619270568075,-5.60967361299989,3.375883064686158,3.225003923825595,0.499843638550931,-0.008336763479915299
3.117611896035733,3.0245292442216147,-5.610148563796453,3.375883064686158,3.225003923825595,0.4998319035169958,-0.008643979819778158
3.137106813795019,3.0400762494016735,-5.61023821057714,3.375883064686158,3.225003923825595,0.49980511882360296,-0.009307294825176782
3.1566644480681347,3.0556543891073407,-5.6106249155755545,3.425589720129011,3.2750039245706533,0.49986424757541165,0.007767893894103928
3.1762294455230577,3.07122452642634,-5.610551863170577,3.425589720129011,3.2750039245706533,0.4998434515712823,0.00834174716050895
3.199699777902161,3.0899231672329837,-5.610075238146728,3.4753942086896106,3.3250039253157113,0.4989160512068597,0.021957298419719606
3.2192169959733183,3.1054912551596647,-5.609397009829647,3.4753942086896106,3.3250039253157113,0.4987983699139248,0.023119473190365225
3.238695587510426,3.1210657557924177,-5.608435828581582,3.4753942086896106,3.3250039253157113,0.49867408799400464,0.024286722949950157
3.2581632159083256,3.1366639664337956,-5.6074154755486125,3.5252639151362133,3.3750039260607694,0.4972212490580944,0.03517702609602513
3.2776247063834836,3.1522870834972725,-5.606328807809749,3.5252639151362133,3.3750039260607694,0.49691762463718897,0.03705302661793475
3.296986134673989,3.1678671444411766,-5.604690553698212,3.5252639151362133,3.3750039260607694,0.49660246229776456,0.038905542971335416
3.316306380355125,3.183463932922815,-5.602973428774731,3.5751770938811958,3.4250039268058274,0.4950449955731697,0.04701007779651967
3.3355661488396287,3.199067123781317,-5.600912582903218,3.5751770938811958,3.4250039268058274,0.49458870329135135,0.04913488382740505
3.354763661552573,3.2146944498106205,-5.59873227342211,3.5751770938811958,3.4250039268058274,0.49403101365196656,0.05161495606487132
3.3738896865029773,3.230339110508372,-5.596554460718321,3.6251192465038304,3.4750039275508855,0.4927378903402324,0.056958219303286484
3.3929314583828276,3.2459917661870508,-5.594138388509065,3.6251192465038304,3.4750039275508855,0.4920595999651203,0.05957322751401706
3.4119071640466903,3.2616704639775875,-5.591588925224545,3.6251192465038304,3.4750039275508855,0.4912256606511181,0.06264210278939775
3.430835607174714,3.2773875842836278,-5.589011387403803,3.6750807068663947,3.5250039282959436,0.4904726097990112,0.06529243857965317
3.4496588707466493,3.293098069172051,-5.586091484871056,3.6750807068663947,3.5250039282959436,0.48960708378465734,0.06821486880560435
3.4684132111996826,3.3088414036160962,-5.583109689862039,3.7250550311823996,3.5750039290410016,0.48939532994224366,0.06891152034926007
3.4881246759971756,3.3245663448444356,-5.580004668111072,3.7250550311823996,3.5750039290410016,0.4880613200577055,0.07315247675792191
3.5091228367983387,3.3402285038349335,-5.576764325640908,3.7250550311823996,3.5750039290410016,0.48562740982745567,0.08033381697344621
3.5288868420996673,3.3559691068956328,-5.573319281580727,3.7750379246205528,3.6250039297860597,0.485823712697736,0.07977768493497317
3.5472723559620922,3.3718312550482032,-5.5698405887963185,3.7750379246205528,3.6250039297860597,0.4846571562262744,0.08303013124394143
3.5655884486965936,3.3877433929524843,-5.566312512091426,3.7750379246205528,3.6250039297860597,0.4832053580614967,0.08691523964630621
3.5838329226825314,3.403701854613308,-5.5628194142656096,3.82502652551587,3.6750039305311177,0.4849268283172814,0.08228920545710561
3.6019956735651766,3.4196998071471834,-5.559059212606801,3.82502652551587,3.6750039305311177,0.4837226010110538,0.08555036197222887
3.6201001560711576,3.4357626345586043,-5.555314783742515,3.82502652551587,3.6750039305311177,0.48219904692508786,0.08951388021100026
3.638107870450553,3.4518639108090765,-5.5514738918332025,3.875018927925216,3.725003931276176,0.4847139455761374,0.08287462866895545
3.6560467605361158,3.4680348594477257,-5.54781245404321,3.875018927925216,3.725003931276176,0.4834598458813908,0.08624627927847328
3.6739545182289213,3.484299139262247,-5.544076966741145,3.875018927925216,3.725003931276176,0.48189925031982717,0.09027431837020727
3.691737229849572,3.500576804248105,-5.540176368436477,3.9250138630536977,3.775003932021234,0.4850343783130449,0.08199192520037779
3.709518089420185,3.5169789603158828,-5.536428881110508,3.9250138630536977,3.775003932021234,0.48382790884945825,0.0852699310368461
3.727304877969246,3.5334971358901726,-5.532921064062503,3.9250138630536977,3.775003932021234,0.4822269818486197,0.08944271067218912
3.7448835405639374,3.549945744869067,-5.528807327888023,3.9750104866151053,3.825003932766292,0.4858689926147198,0.0796488769849828
3.762458123733542,3.566514807817576,-5.525632911378959,3.9750104866151053,3.825003932766292,0.4846020631705563,0.08318072339121874
3.779950668541632,3.5830965870991847,-5.522693216139797,3.9750104866151053,3.825003932766292,0.4829502790938957,0.08758087288580452
3.7974294163997824,3.5997924772456864,-5.518822213213988,4.0250082368820825,3.87500393351135,0.4868384444935782,0.07684139200159446
3.8149328248942993,3.6166403798607725,-5.51538945500155,4.0250082368820825,3.87500393351135,0.48573006258064205,0.08004346080878166
3.8358911579041877,3.6369610779064843,-5.511299517318618,4.0250082368820825,3.87500393351135,0.4839921420998127,0.08483082003243703
3.849772450471229,3.65051441286435,-5.508444358779223,4.075006739963702,3.925003934256408,0.48827930788912377,0.07247588870670696
3.8670547377527793,3.6674968444521276,-5.504657280391816,4.075006739963702,3.925003934256408,0.48740685922988786,0.07514843460532239
3.884394822397886,3.684650367260976,-5.501453644361651,4.075006739963702,3.925003934256408,0.48613532042552987,0.07888716964190334
3.901647483477171,3.7018286089911348,-5.497881349437129,4.125005746678001,3.975003935001466,0.4900818273789035,0.0666273303059377
3.9228249944655555,3.7226812003774343,-5.495380332797534,4.125005746678001,3.975003935001466,0.4885822826124004,0.07152525028840384
3.9407605539921144,3.740186455406472,-5.49363403735555,4.175005090579091,4.025003935746525,0.4914305402097358,0.061901915080238235
3.9549951384764803,3.7541995961615786,-5.492125826827028,4.175005090579091,4.025003935746525,0.4905908930611262,0.06488312515288785
3.972234638793955,3.7716853830606984,-5.48934695447703,4.175005090579091,4.025003935746525,0.4897157179094431,0.0678547794547697
3.989397223004733,3.7891938206633586,-5.486460056480527,4.175005090579091,4.025003935746525,0.48863060038483574,0.0713725125391187
4.006476890212878,3.8067161556848568,-5.483424890014592,4.225004660139272,4.075003936491583,0.4924021894306533,0.05826679813690161
4.023521939070791,3.8243061862037715,-5.480588621741225,4.225004660139272,4.075003936491583,0.49174883036744554,0.06073454934382427
4.040558464288919,3.841970530441359,-5.478306981992923,4.275004380373892,4.12500393723664,0.49453365782697173,0.04938512443602905
4.057634527237433,3.8597717629654067,-5.4759129727772615,4.275004380373892,4.12500393723664,0.4941093427537167,0.05127374757891312
4.074709469580409,3.8776514854488804,-5.473708774036479,4.275004380373892,4.12500393723664,0.4935362919961805,0.053720803218457736
4.091721774455063,3.8955480152973934,-5.471406362352752,4.325004200729283,4.175003937981698,0.49599281511004445,0.04226128982286559
4.108733988051658,3.913526785447983,-5.46934320664614,4.325004200729283,4.175003937981698,0.495675950067831,0.04390532077296938
4.12577166329486,3.931594532388428,-5.467536541141655,4.325004200729283,4.175003937981698,0.49523110369367235,0.04611574429794851
4.142772788890177,3.949685530186013,-5.465790698927435,4.375004087092741,4.225003938726756,0.49723115365680787,0.03511415459374745
4.163106961392405,3.971408141267971,-5.463699594471752,4.375004087092741,4.225003938726756,0.496956342281405,0.03681907604811974
4.176661092164063,3.9859360484057627,-5.462494130183633,4.375004087092741,4.225003938726756,0.4966996523063343,0.038343720833015515
4.193579868755588,4.004124221464226,-5.4608501906117555,4.42500401649458,4.275003939471814,0.4982847385807804,0.027627167994501267
4.210499762604391,4.022373348998457,-5.459447955341115,4.42500401649458,4.275003939471814,0.4981460327043552,0.02872390619861509
4.2308066519999175,4.044335001702615,-5.457968654520294,4.42500401649458,4.275003939471814,0.49790547183913886,0.030533208564341274
4.24432146576294,4.058988229571491,-5.4569535158659646,4.475003973560481,4.325003940216872,0.49908982188558404,0.020119219061038862
4.264553400782465,4.080977511767151,-5.455464114582206,4.475003973560481,4.325003940216872,0.49901369422267616,0.020944276577288035
4.278012813586623,4.095638605974476,-5.4545147489603245,4.475003973560481,4.325003940216872,0.4989439342072165,0.021672835815434555
4.294852874631996,4.114013832959188,-5.453730296803653,4.525003948104565,4.37500394096193,0.49965224638851247,0.012433623705174979
4.311706931711863,4.132436982202869,-5.453001581837622,4.525003948104565,4.37500394096193,0.49962633442302695,0.012888649180883727
4.329249192762382,4.151047153381053,-5.45154070747597,4.575003933474847,4.425003941706988,0.4999365595490594,0.005310086140276837
4.347783779543193,4.1699944783737175,-5.448880787124262,4.575003933474847,4.425003941706988,0.49992506721449087,0.005771067187804624
4.365592932650029,4.188847734211061,-5.4472627812551915,4.575003933474847,4.425003941706988,0.4999111059894701,0.006285771299672005
4.382361639899127,4.207409447695882,-5.446990990076618,4.625003925405341,4.475003942452046,0.49999626782936973,-0.001287923467755192
4.399108749179876,4.225953471422008,-5.446829111193754,4.625003925405341,4.475003942452046,0.4999949688083787,-0.0014953571753468786
4.415844009863833,4.244483680579079,-5.4468341321868765,4.625003925405341,4.475003942452046,0.4999941937475791,-0.0016064143847231982
4.435948707120447,4.2667434168250065,-5.446954928816008,4.675003921217957,4.525003943197104,0.499850365104758,-0.008155452281859987
4.449355328586291,4.281586424488013,-5.447190137437727,4.675003921217957,4.525003943197104,0.49983788134436263,-0.008488872564211047
4.466122455398894,4.30013711026297,-5.4475577956330445,4.675003921217957,4.525003943197104,0.49982068641736216,-0.008927764776350822
4.486255118831683,4.322394185008247,-5.448024674955588,4.7250039192710975,4.575003943942162,0.499535361279328,-0.014372670431554102
4.4996794939426445,4.337222705258593,-5.448480472491407,4.7250039192710975,4.575003943942162,0.49949783222602495,-0.014942041092189995
4.516468974933077,4.355742727610676,-5.449125235895066,4.7250039192710975,4.575003943942162,0.4994436406864701,-0.015727926690544125
4.533257201579919,4.374235545300999,-5.4497199882591,4.775003918584107,4.62500394468722,0.4991156236027053,-0.019831818920722166
4.5500488722055366,4.392707822277599,-5.450475501629718,4.775003918584107,4.62500394468722,0.49902387765022554,-0.020835798344474132
4.5668453659316395,4.41115499782355,-5.451416925732002,4.808337251671845,4.6750039454322785,0.49999534522044153,-0.0014383315651887996
4.583686984187216,4.429629180405197,-5.451655528676308,4.808337251671845,4.6750039454322785,0.4999957241041025,-0.001378551375511683
4.600540329493737,4.448115568244627,-5.45172523674882,4.808337251671845,4.6750039454322785,0.4999952913893345,-0.0014466246180333542
4.617395995401738,4.4666015091589655,-5.451791140789194,4.8472261407654065,4.7250039461773365,0.499844792145416,0.008305949928633316
4.634255264395975,4.485089197547122,-5.451625426793853,4.8472261407654065,4.7250039461773365,0.49982415010842335,0.00884110744121247
4.647721734653329,4.499866880060212,-5.451243877791194,4.8472261407654065,4.7250039461773365,0.4998110655368804,0.009164171495321893
4.6712571276104855,4.525710336064211,-5.450668065905478,4.873152066893312,4.775003946922395,0.4966989523283674,0.03834779631449714
4.687978365191947,4.544103595019902,-5.4492792433086805,4.9071026845947925,4.825003947667453,0.49449293350385637,0.04956945962446113
4.704585507529084,4.562442902855108,-5.447241899992437,4.9071026845947925,4.825003947667453,0.4939760506288441,0.05185306193331751
4.721134001403877,4.5807957671430595,-5.445014509596593,4.9071026845947925,4.825003947667453,0.4933542715745984,0.05447547673985098
4.739844005689588,4.597976506094113,-5.443078588911998,4.975002120699406,4.975002150501728,0.470945264050263,0.11483247779729688
4.759199709481151,4.6138766735106795,-5.439249621107857,4.975002120699406,4.975002150501728,0.46579905396281795,0.12482575596206424
4.7758254486237135,4.63057998135511,-5.4339424337193964,4.975002120699406,4.975002150501728,0.4625682779516059,0.13074623230962712
4.7910126142543525,4.647950248937104,-5.427513463501843,4.975002120699406,4.975002150501728,0.4605622751278227,0.13430498237674415
4.806068989554781,4.665393643493052,-5.421497632939337,4.975002120699406,4.975002150501728,0.4579336867837821,0.1388460535667284
4.820914866825177,4.6827985980677935,-5.415517514624557,4.975002120699406,4.975002150501728,0.4547209573812819,0.1442259249118114
4.8355722114686746,4.70020144447179,-5.409276182258381,4.975002120699406,4.975002150501728,0.45089446470728184,0.15041571407416354
4.8500031335350835,4.717554948329201,-5.402745242546823,4.975002120699406,4.975002150501728,0.4462981134013144,0.15757566903530829
4.864177840230359,4.734834434014792,-5.395903337843167,4.975002120699406,4.975002150501728,0.44072538353102597,0.1659076851316903
4.875306973176377,4.748575001753626,-5.390160426335698,4.975002120699406,4.975002150501728,0.4353948515878061,0.17356877854582753
4.891735407911868,4.769165173107061,-5.381328386538365,4.975002120699406,4.975002150501728,0.4252539297516227,0.18744784670701287
4.905118220896052,4.786237146883589,-5.373025248489248,4.975002120699406,4.975002150501728,0.4145755722112958,0.20125867103497375
4.91812610327093,4.803124168287784,-5.36509308132748,4.975002120699406,4.975002150501728,0.4004736046413063,0.2185103138120874
4.930375737002747,4.819273169731345,-5.356606903711222,4.975002120699406,4.975002150501728,0.3829730605383952,0.23872502661108164
4.941834510919846,4.834699810681178,-5.34614679072554,4.975002120699406,4.975002150501728,0.36213355552275306,0.2615259987762164
4.952590089170511,4.849495576759398,-5.33486182004991,4.975002120699406,4.975002150501728,0.3360295202682632,0.28872545826876017
4.962435532284134,4.863390346736054,-5.322466492086763,4.975002120699406,4.975002150501728,0.30450399868447775,0.32029145389136104
