2.817006069403776,3.570234793848215e-05,5.236654720987163,2.775002087916851,0.025002076740980428,4.392447564921164e-25,-0.9896906132406748
2.817013492825266,-0.00011072289857594342,5.218681856339261,2.775002087916851,0.06591123856657127,5.181973707113734e-34,-0.9957943478558156
2.8171535956978655,-0.0001951118967546961,5.175009698767004,2.775002087916851,0.11425851908106976,5.7870688369134916e-33,0.9953591616540471
2.8172653042206353,-0.000277553124769625,5.157862119443588,2.775002087916851,0.1639582045342364,3.196159863080515e-31,0.9945141019113135
2.8171013336438975,-0.00017162820418725744,5.201018382365269,2.775002087916851,0.21390373545964583,3.4284227626777824e-29,0.993292274957762
2.817010462285017,1.5385373698606486e-05,5.253185999529061,2.775002087916851,0.2638939058042109,1.8125093176040946e-27,0.9919990486581123
2.816917932435736,0.00015130407999741635,5.296632617164148,2.775002087916851,0.3138921511169774,3.590386483155843e-26,0.9908295973504948
2.8168224417518406,0.00029719349928747363,5.340030822299281,2.775002087916851,0.3138921511169774,2.313270419433407e-25,0.9899974929661619
2.8167013378543366,0.00045937547926300226,5.392056137803764,2.775002087916851,0.3138921511169774,2.0758080878192304e-24,0.9888998530235393
2.816638311382075,0.0005497670196081827,5.426842763185423,2.775002087916851,0.3138921511169774,8.767996699501024e-24,0.9881010547266127
2.816532340091296,0.0006670405316597794,5.470125194232989,2.775002087916851,0.3138921511169774,5.14114131699795e-23,0.9870247943104797
2.8164246794391943,0.0008317603403682483,5.513238184788137,2.775002087916851,0.3138921511169774,2.9031930598830725e-22,0.98585703659795
2.8162665334094985,0.00098004736586077,5.556053813345935,2.775002087916851,0.3138921511169774,1.5826771208532272e-21,0.9845890243955264
2.81613205816401,0.0010967769450420661,5.599178357906228,2.775002087916851,0.3138921511169774,8.453213910475668e-21,0.9832000260575449
2.816023530375011,0.001183832536924001,5.642035899033886,2.775002087916851,0.3138921511169774,4.325481313336591e-20,0.981699182580617
2.815913714085516,0.0012640931636358488,5.684892219300392,2.775002087916851,0.3138921511169774,2.148792327000573e-19,0.9800653775639909
2.8157565152348667,0.0013681655753980948,5.727847170629863,2.775002087916851,0.3138921511169774,1.0450521079152444e-18,0.9782770825364369
2.815612147308453,0.0014534680495241759,5.770653695999252,2.775002087916851,0.3138921511169774,4.900154922810866e-18,0.976338736100455
2.8154638001929957,0.0015336233162699386,5.813386497887245,2.775002087916851,0.3138921511169774,2.2254174455098568e-17,0.9742326755525075
2.814957981854999,0.0012258376131679682,5.85598519237835,2.775002087916851,0.3138921511169774,1.0200673447072204e-16,0.9718782029550799
2.8144520593479587,0.000910944194583152,5.898485309829687,2.775002087916851,0.3138921511169774,4.516292242066442e-16,0.9693178615712097
2.8142974013661934,0.0009699742494966301,5.940926315687796,2.775002087916851,0.3138921511169774,1.85676271696049e-15,0.9666147104489553
2.8141415585761482,0.001022177139700986,5.983256379643987,2.775002087916851,0.3138921511169774,7.38743902354091e-15,0.9636852376210114
2.8139847294383387,0.0010677249682373713,6.025493864393677,2.775002087916851,0.3138921511169774,2.846603588116968e-14,0.960510582697002
2.8138271520680984,0.0011066814623763577,6.067574375247388,2.775002087916851,0.3138921511169774,1.0603948189932888e-13,0.957077223440183
2.813668901793143,0.001139213724346888,6.109513821414921,2.775002087916851,0.3138921511169774,3.821665077429721e-13,0.953364872451036
2.813510169858011,0.0011653603763104314,6.1512972496689375,2.775002087916851,0.3138921511169774,1.3323084004885696e-12,0.9493547500596569
2.8133515858255524,0.0011850459434477045,6.192908979079284,2.775002087916851,0.3138921511169774,4.491992324694328e-12,0.9450276367344759
2.8131941505215767,0.0011981854772944445,6.234333052563224,2.775002087916851,0.3138921511169774,1.4644446258972008e-11,0.9403639626515237
2.8130347634885897,0.0012071935776791776,6.275537442481617,2.775002087916851,0.3138921511169774,4.615272002687524e-11,0.9353443093714515
2.8128560924077046,0.0012317954700158396,-6.249981755716709,2.775002087916851,0.3138921511169774,1.4034697221867972e-10,0.9299577063508875
2.8126498971883134,0.0012195837045290148,-6.209535669094542,2.775002087916851,0.3138921511169774,4.119798621569103e-10,0.9241843457382388
2.812486504342756,0.0012042630954134381,-6.168954735919135,2.775002087916851,0.3138921511169774,1.1771260907421593e-09,0.9179551588930515
2.81235523315765,0.0011897102994584685,-6.128913425348846,2.775002087916851,0.3138921511169774,3.222490996562613e-09,0.9113464865852141
2.812214343366433,0.0011660353103550847,-6.089023338596797,2.775002087916851,0.3138921511169774,8.569680167200228e-09,0.9042534891388059
2.8132332207392725,0.004598806148253587,-6.049477133732929,2.775002087916851,0.3138921511169774,1.9601947533309968e-08,0.8976666456756603
2.8143666552578175,0.008317521153607288,-6.010263724886764,2.775002087916851,0.3138921511169774,4.305700114432152e-08,0.8908420089798774
2.814218329413672,0.008273372092199693,-5.971225660689536,2.775002087916851,0.3138921511169774,1.0479634587182997e-07,0.8823889095093589
2.8140447149934786,0.008213048999316186,-5.924669828530307,2.775002087916851,0.3138921511169774,2.9293566716318024e-07,0.8715081623173684
2.81390581685881,0.008158040403063893,-5.886441494759674,2.775002087916851,0.3138921511169774,6.633050187281203e-07,0.8618824928154329
2.813797503862059,0.00811086187233201,-5.856179352015733,2.775002087916851,0.3138921511169774,1.2453077082007097e-06,0.8537947283819778
2.8136397330867027,0.008035035210987473,-5.811126309086694,2.775002087916851,0.3138921511169774,3.0930857163135787e-06,0.8409465776464684
2.813538497218479,0.007981766640348553,-5.781563841752508,2.775002087916851,0.3138921511169774,5.517680192408051e-06,0.8319654832272063
2.8133916121897222,0.007897798254052901,-5.737703587321662,2.775002087916851,0.3138921511169774,1.2681452508160257e-05,0.8177940932797523
2.813274357662978,0.007824760653914353,-5.7016434231586715,2.775002087916851,0.3138921511169774,2.454631871498754e-05,0.8053502240023469
2.813161743921487,0.007749184823087063,-5.666273501913613,2.775002087916851,0.3138921511169774,4.595043710724595e-05,0.7924158678863011
2.8130546869771447,0.00767208069024683,-5.631459622658374,2.775002087916851,0.3138921511169774,8.347415096550843e-05,0.7789529765972385
2.8129540503396715,0.0075944732833068684,-5.597228934345291,2.775002087916851,0.3138921511169774,0.00014722502984579919,0.7649821226589888
2.8128617224683836,0.0075181537546544774,-5.563601005687716,2.775002087916851,0.3138921511169774,0.00025225254904586895,0.7505275463581433
2.8127786026901873,0.007444746476940267,-5.5305923273627835,2.775002087916851,0.3138921511169774,0.00042017380703376775,0.7356157450071683
2.812715538319326,0.007389417339130233,-5.504628911238383,2.775002087916851,0.3138921511169774,0.0006198074169406457,0.7233656744622745
2.812604162291242,0.007309321598352625,-5.4664022448353515,2.775002087916851,0.3138921511169774,0.0010777340095858526,0.704436341851568
2.812648739730994,0.007726781115795944,-5.4353220991835105,2.775002087916851,0.3138921511169774,0.0016464330640072401,0.6885959983812746
2.813716714206489,0.012216952114659563,-5.404293992774629,2.775002087916851,0.3138921511169774,0.002319722834955998,0.674819174405078
2.814447679917313,0.015344106466050889,-5.373740888124579,2.775002087916851,0.3138921511169774,0.0032786159832686773,0.6599447803424674
2.8143840880366824,0.015259085528576577,-5.3442131853147155,2.775002087916851,0.3138921511169774,0.004749152678491509,0.6428064917004197
2.814445722862235,0.015348259140926857,-5.315966988459761,2.775002087916851,0.3138921511169774,0.006642881569118592,0.6260766284015966
2.8145861848967098,0.015563508126499315,-5.288588722028833,2.775002087916851,0.3138921511169774,0.009053837831357537,0.6094936894370344
2.814730118032948,0.01579336767179207,-5.261548726422044,2.775002087916851,0.3138921511169774,0.012151226407403178,0.5925912722194493
2.814976423165257,0.0162093521666975,1.0476703092559496,2.775002087916851,0.3138921511169774,0.015886799142189826,0.5761046150844604
2.815297580254537,0.01678705213542031,1.0730187472474555,2.775002087916851,0.3638918441669558,0.02465592409623378,0.5464813162815645
2.8157813291221405,0.01770562828962241,1.0972045246979198,2.775002087916851,0.3638918441669558,0.030624654178733907,0.5305046045127306
2.8162728217210873,0.018687561084037796,1.1159231863689778,2.775002087916851,0.3638918441669558,0.03587566299022888,0.5181905534447597
2.817101673273932,0.020445246136111095,1.143339921446419,2.775002087916851,0.3638918441669558,0.04468519439008586,0.5000911179711303
2.817932537484209,0.022325200120452138,1.1653864686557933,2.775002087916851,0.3638918441669558,0.05264997973266934,0.48571821196628373
2.818884129340285,0.024610534670021167,1.186770150149805,2.775002087916851,0.3638918441669558,0.061076371868670674,0.4720076465166503
2.819938021144946,0.027298916863873757,1.2075521410671737,2.775002087916851,0.3638918441669558,0.06988029624650852,0.45893535576731104
2.82108966816695,0.030423314988613726,1.2277573101962256,2.775002087916851,0.3638918441669558,0.0789268680010777,0.446544434041632
2.8223269641996094,0.03399757077467669,1.2474160231188713,2.775002087916851,0.3638918441669558,0.08809204409517439,0.4348505570951795
2.8236365777024393,0.038031851402781314,1.2665573854905618,2.775002087916851,0.3638918441669558,0.09725325300654102,0.4238656820629112
2.825003583643836,0.04253047651020481,1.2852094140522572,2.775002087916851,0.3638918441669558,0.10629480689930851,0.4135963602948398
2.8264108281352254,0.04748857910154669,1.303392073981248,2.775002087916851,0.3638918441669558,0.1151090328545452,0.40404626439425173
2.8278391525082256,0.05289118340930621,1.3211026926259617,2.775002087916851,0.3638918441669558,0.12358713249132107,0.3952277591021316
2.829266662547969,0.05870429642965824,1.338286103109351,2.775002087916851,0.3638918441669558,0.13160050021981187,0.3871800021261438
2.8306515991054386,0.0647790773298329,1.354411353683967,2.775002087916851,0.3638918441669558,0.13872483452407655,0.38023167011133663
2.8319416695653103,0.07082218650558936,1.3684744153269446,2.73409292609126,0.4138917924668782,0.07905760764392167,0.44637197909618176
2.8329045495730885,0.07572374143500049,1.3889685402930474,2.73409292609126,0.4138917924668782,0.08792963205173968,0.4350512407348759
2.8333907598317634,0.07857094273841625,1.4027490948467685,2.73409292609126,0.4138917924668782,0.09477455357903816,0.42677580633922796
2.834263408358442,0.08398707609433664,1.4254077424607,2.73409292609126,0.4138917924668782,0.10611943079347205,0.41379074661334103
2.8349467544787696,0.08904102814648951,1.443602383691461,2.73409292609126,0.4138917924668782,0.11530972171367218,0.4038335694294164
2.8356097643823173,0.09458277341355448,1.4613886745933828,2.73409292609126,0.4138917924668782,0.12420953186667383,0.39459318069506666
2.8362150312686225,0.1006149995156651,1.478722605272333,2.73409292609126,0.4138917924668782,0.13270977784213306,0.3860859555587921
2.837356898490528,0.10763693275008279,1.4960694856058114,2.73409292609126,0.4138917924668782,0.13907363938710726,0.3798960845769557
2.8404762034916438,0.11693184077189223,1.5144580577870854,2.73409292609126,0.4138917924668782,0.13871996233209147,0.38023636058485755
2.8434351631601142,0.12495527820378882,1.5294746621867157,2.73409292609126,0.4138917924668782,0.13628070610975598,0.38259493111828546
2.8439369830039443,0.13334868412925793,1.5496778157950652,2.73409292609126,0.4138917924668782,0.14413601285162073,0.3750709311689633
2.8440193563840825,0.1389636760170827,1.5629275620428664,2.6857456455767617,0.46389178460046226,0.0912279206127954,0.43101799698387633
2.844028546752231,0.14595676942358438,1.5829757677246725,2.6857456455767617,0.46389178460046226,0.0991318117773445,0.4216885933384116
2.843911121564652,0.15049863140475495,1.601841957832702,2.6857456455767617,0.46389178460046226,0.10900951310058682,0.41060992028115484
2.8437073186321182,0.15587302576836315,1.619822946456949,2.6857456455767617,0.46389178460046226,0.1180067119477063,0.4009943907258391
2.8433722217327837,0.1616098734927185,1.63745189921828,2.6857456455767617,0.46389178460046226,0.12689779768481543,0.3918711701108042
2.8429111536467193,0.16770574822755435,1.6545063649423015,2.6857456455767617,0.46389178460046226,0.1353640784720347,0.383486640833234
2.8423002421409116,0.17430260714839463,1.6712677428807983,2.6857456455767617,0.46389178460046226,0.1433894766090515,0.37577727417242035
2.8415610361873345,0.1811022121828838,1.6869649380925047,2.6857456455767617,0.46389178460046226,0.15046725189307686,0.3691490330495193
2.8407119371253184,0.18798030392986576,1.701387841926895,2.6857456455767617,0.46389178460046226,0.15639471205047842,0.3637089621280629
2.8396337331721515,0.19570506129429788,1.718042929812125,2.6857456455767617,0.46389178460046226,0.16360243552330075,0.3572172901495043
2.8383692535044975,0.203730601487214,1.7332205281922568,2.6857456455767617,0.46389178460046226,0.16910181798457177,0.3523474539209599
2.8369800126093203,0.21182332216229227,1.7491881428575875,2.6360459601235946,0.5138917839943609,0.13150426679676291,0.38727513388356694
2.835513725504647,0.21958352164780948,1.7630670041746201,2.6360459601235946,0.5138917839943609,0.13604302652847075,0.3828258622257683
2.83403671278184,0.22689135757239676,1.7766160556144412,2.6360459601235946,0.5138917839943609,0.14074234772181568,0.37829628908726765
2.8325322829734496,0.2338488397131986,1.7924337960143624,2.6360459601235946,0.5138917839943609,0.14792089704983116,0.371516358806808
2.8308932166195575,0.24083082005130052,1.8091067200537239,2.6360459601235946,0.5138917839943609,0.15609992049967444,0.36397727096662935
2.8292229108084186,0.24747802107990324,1.82417007782401,2.6360459601235946,0.5138917839943609,0.16330103080929684,0.3574862038194049
2.826934345171278,0.2560316654519905,1.8407604738774248,2.6360459601235946,0.5138917839943609,0.169934684486321,0.3516158101366684
2.8246034247933345,0.26422869430783535,1.8556570423927612,2.6360459601235946,0.5138917839943609,0.17526715964394238,0.3469660667779282
2.82213376265398,0.2724371050158947,1.8711691435775317,2.6360459601235946,0.5138917839943609,0.18115308931309365,0.34189940373438765
2.819436500241281,0.28091665900729623,1.8861456477200522,2.5861004291981855,0.5638917845381126,0.16310478213776236,0.35766141283007435
2.8167673711741354,0.2888915940054222,1.9018700404000495,2.5861004291981855,0.5638917845381126,0.17034545042517232,0.3512555179681798
2.814668851889012,0.2949043101656237,1.9132386883256352,2.5861004291981855,0.5638917845381126,0.17536041260371513,0.34688527059920715
2.8114413415355948,0.3037075905359181,1.928064575520356,2.5861004291981855,0.5638917845381126,0.18089830949226957,0.34211736794397374
2.808676757808797,0.3110016044875792,1.938281581239067,2.5861004291981855,0.5638917845381126,0.18322279988644852,0.34013312844161625
2.805392167314279,0.3193902023738975,1.952938804967783,2.5861004291981855,0.5638917845381126,0.1887570184003209,0.33544699521964594
2.801839385318038,0.32802194394805895,1.9675679979645793,2.5861004291981855,0.5638917845381126,0.19392654880229304,0.33111501046420266
2.7980716165523134,0.3368297236255877,1.9821393967705738,2.5861004291981855,0.5638917845381126,0.19863380965886288,0.3272056639442642
2.7940657819861414,0.34582092789747776,1.99649707941677,2.5861004291981855,0.5638917845381126,0.2026614153034349,0.3238856144784301
2.790712233436869,0.353109917087032,2.0078633491550493,2.5361102588536206,0.6138917852548161,0.2022706614753743,0.3242067611720221
2.7855020338067593,0.36401744271134895,2.0248827784741175,2.5361102588536206,0.6138917852548161,0.2088434044742091,0.3188308827729356
2.7809125414577984,0.373256640676475,2.0388852350548454,2.5361102588536206,0.6138917852548161,0.21378190295212962,0.31482594707100686
2.7760654741467814,0.38268343239131397,2.05271191812497,2.5361102588536206,0.6138917852548161,0.2180894148721936,0.3113546920748804
2.772020016408815,0.3903185341911435,2.0636531444428217,2.5361102588536206,0.6138917852548161,0.2210880873329746,0.3089494307334295
2.7657027554472027,0.40185862026435437,2.079940174963075,2.5361102588536206,0.6138917852548161,0.22493020993195684,0.30588024307475625
2.7602005127041274,0.4115652826561256,2.0933436118037987,2.5361102588536206,0.6138917852548161,0.22737872892440816,0.3039312720619969
2.755649984713278,0.4193705924420339,2.1040031134593042,2.486112013540854,0.6638917859961087,0.2424208956974468,0.29206118541892034
2.74851680146112,0.4312540533367155,2.118162999229146,2.486112013540854,0.6638917859961087,0.2456111035034731,0.2895632513344293
2.742162682584363,0.4415430806261931,2.1304373062714324,2.486112013540854,0.6638917859961087,0.24795857613374675,0.28772883404322913
2.7376125819671078,0.45483863545520187,2.1407404904134393,2.486112013540854,0.6638917859961087,0.2348259872673115,0.2980338563009941
2.7330362687176333,0.46730504650321514,2.151571928091484,2.486112013540854,0.6638917859961087,0.2230650338499288,0.3073684793656699
2.726830808964703,0.4766170473386886,2.165012629057664,2.486112013540854,0.6638917859961087,0.2255947584144782,0.30535075515526966
2.7205919025348066,0.48571225522642614,2.1790847629607506,2.477021482316467,0.7138917867406959,0.35168551016123,0.20670159674373134
2.711897527097486,0.4978382353825186,2.208836137852855,2.477021482316467,0.7138917867406959,0.3756324834814974,0.1868543022997906
2.7053184984276015,0.506603493663853,2.2288138476799912,2.477021482316467,0.7138917867406959,0.3907224182697149,0.17379218107481575
2.695078600193183,0.5195473387815461,2.2480150833859422,2.4753688145310426,0.7638917874856985,0.48798355150192646,0.05508762274978074
2.681436218030635,0.5363015649867258,2.2579770374043417,2.4753688145310426,0.7638917874856985,0.4906304659863679,0.0485889497869485
2.6660615483238885,0.554964285937773,2.258330868915906,2.475068507850625,0.8138917882307504,0.4893015778697257,-0.05194967550948748
2.6507085473569667,0.5737061529856824,2.255867668839104,2.475014039382136,0.8638917889758079,0.42681412090217613,-0.13972986447925495
2.6367949231787584,0.5908125791079701,2.2505989459539113,2.475014039382136,0.8638917889758079,0.42262537809561357,-0.14395931411248208
2.6235743157269837,0.6072626144886648,2.244376956778201,2.475004209182949,0.9138917897208658,0.3366208152503497,-0.218792823913875
2.611848110654206,0.6220844976288937,2.2317045859648634,2.475004209182949,0.9138917897208658,0.33659996863215164,-0.2188093951324751
2.6009685915724603,0.6362970629299589,2.2174028075671033,2.475004209182949,0.9138917897208658,0.33873512461968,-0.21711004062933947
2.592528271352956,0.6476109089720374,2.207651161906559,2.4750024537790125,0.9638917904659239,0.2657513172662652,-0.2739042254964644
2.581746337720965,0.6623505088832786,2.19562966165449,2.4750024537790125,0.9638917904659239,0.26154592923932846,-0.27716135742318704
2.574228629978208,0.6729128654171941,2.183490791332414,2.4750024537790125,0.9638917904659239,0.2622035630973899,-0.27665167013216574
2.566687321939213,0.683774161785994,2.171497365398572,2.475002146087698,1.013891791210982,0.20945214801621484,-0.3183356877655402
2.559976127487726,0.6936981432871008,2.1596716761200914,2.475002146087698,1.013891791210982,0.2098085222179693,-0.3180459915191649
2.5543019487856995,0.7023305218051643,2.1452111577676436,2.475002146087698,1.013891791210982,0.21457445548140683,-0.31418577348519683
2.5484923654869114,0.7114380456918337,2.1316748798116265,2.475002146087698,1.013891791210982,0.21755821440626502,-0.3117817138433452
2.5426792508619602,0.7208325140894551,2.118481016563306,2.475002146087698,1.013891791210982,0.21956870101339399,-0.31016702920048356
2.5370890844548857,0.7301408039406923,2.104269747043636,2.475002093643033,1.06389179195604,0.18813087299628573,-0.3359745964565777
2.5318952237263836,0.7390730384527089,2.091992016539494,2.475002093643033,1.06389179195604,0.18997322308276887,-0.3344240263835929
2.526836650580197,0.7479778021989123,2.080764607432662,2.475002093643033,1.06389179195604,0.19046175721438807,-0.33401378382154345
2.522069680078081,0.7566360751196015,2.06553600289459,2.475002093643033,1.06389179195604,0.19536578968842336,-0.3299162826412878
2.51752642727352,0.7652528335844693,2.047867403699802,2.475002093643033,1.06389179195604,0.20304713287519127,-0.3235688047234103
2.5129027974270812,0.7743820535007497,2.0346322011293094,2.4750020850316146,1.113891792701098,0.18486786216930517,-0.3387346799302421
2.50866602336216,0.7829661980183822,2.019762862085719,2.4750020850316146,1.113891792701098,0.19019789186360161,-0.33423531517127747
2.50465239162215,0.7914790029246621,2.0050446921727105,2.4750020850316146,1.113891792701098,0.19557132139491304,-0.32974534930033583
2.500584106264718,0.8004184981680194,1.990628427538864,2.4750020850316146,1.113891792701098,0.20003024729137178,-0.3260520342577419
2.4965735532599993,0.8095835978341626,1.9763176556782662,2.4750020850316146,1.113891792701098,0.20400257779621683,-0.3227848871077965
2.4926104405675655,0.8190003766671516,1.962169387696849,2.4750020836804607,1.1638917934461561,0.19791441350910952,-0.3278010411687846
2.4888494889833552,0.8282991923781271,1.947868923614385,2.4750020836804607,1.1638917934461561,0.2028233250343164,-0.3237526057933996
2.485187100536127,0.8377435132547468,1.9336631925145253,2.4750020836804607,1.1638917934461561,0.20740647515092556,-0.3200015468938644
2.4815639860143968,0.8474869130597309,1.919611921168343,2.4750020836804607,1.1638917934461561,0.2113505594545124,-0.3167941807604765
2.478013745086809,0.8574596867425672,1.9057101986312912,2.4750020836804607,1.1638917934461561,0.2146825986673148,-0.3140984753030599
2.474002677335992,0.8680153209904802,1.892252268360696,2.475002083479156,1.2138917941912142,0.21551025067412188,-0.3134307736554899
2.467256301999326,0.8806464995210792,1.8805256282489293,2.475002083479156,1.2138917941912142,0.20595617175219558,-0.32118566885163224
2.4610989203893787,0.8929038414923394,1.8679588649249819,2.475002083479156,1.2138917941912142,0.19782111270561475,-0.32787831133717094
2.45814526361762,0.9028316205780982,1.852285472768608,2.475002083479156,1.2138917941912142,0.20304760949524103,-0.3235684133718334
2.4554214750265135,0.9124988390066857,1.8385441730727374,2.475002083479156,1.2138917941912142,0.2063347416797096,-0.32087632810481814
2.45274907158589,0.9225167954946585,1.8243409231335368,2.4750020834508013,1.2638917949362722,0.22193000591186834,-0.3082757009841527
2.4506119579216215,0.9309852349672081,1.8134597075987144,2.4750020834508013,1.2638917949362722,0.22515446342391354,-0.3057015220768934
2.4474843473482704,0.9440689558352862,1.7973491155173305,2.4750020834508013,1.2638917949362722,0.22905179290686178,-0.3026025089836627
2.4449883370342302,0.9552499018463578,1.7840680724786446,2.4750020834508013,1.2638917949362722,0.23154139492165687,-0.3006295001414033
2.4426045306409954,0.9666311475231772,1.7709435656905645,2.434092921621445,1.3138917956813303,0.3906487502954867,-0.17385726336595686
2.439416137797357,0.9827349218271522,1.7594360388981845,2.434092921621445,1.3138917956813303,0.3940093140447205,-0.17087368830755412
2.4356758369131715,1.0027599005181607,1.7546253088588026,2.434092921621445,1.3138917956813303,0.3872305010514568,-0.17686193236283032
2.4321413434957613,1.0223368222813356,1.7435198620099737,2.385745641106476,1.3638917964263884,0.4943431112819639,-0.03769529981051545
2.428870941091464,1.0415633790992391,1.7354707023653801,2.385745641106476,1.3638917964263884,0.4960037980949149,-0.03166060497001533
2.425516668006697,1.0615593356730422,1.7431491086638993,2.385745641106476,1.3638917964263884,0.49313973778822984,-0.04153256340830347
2.4213495555370095,1.0852344848377555,1.7480155828055624,2.417864279304435,1.4138917971714464,0.40042379142782125,-0.1650902160767448
2.4174324975659687,1.1071394554572063,1.7434212504992932,2.417864279304435,1.4138917971714464,0.39241092645360237,-0.17229654895019753
2.414159758080464,1.1265111557147662,1.7357822777976653,2.423704147582426,1.4638917979165045,0.37084629461489443,-0.190897150920339
2.411119285692619,1.1451463856593929,1.727712603795023,2.423704147582426,1.4638917979165045,0.3672683225161563,-0.19389220556348152
2.4083257258504283,1.1633448402261273,1.7191688595615937,2.423704147582426,1.4638917979165045,0.3636597448278876,-0.19689096748073376
2.405706934588732,1.1813947822801918,1.7105032386182832,2.4247660676296947,1.5138917986615625,0.3665903189509522,-0.19445726769136418
2.4037306116008015,1.1959062451790992,1.7035589130998636,2.4247660676296947,1.5138917986615625,0.36444566590404986,-0.19623966077565302
2.4009266717905007,1.2177470322213324,1.6929547547244113,2.42495919871458,1.5638917994066206,0.3728971613848062,-0.18917008389769785
2.3996024058056253,1.2287386224253645,1.6878256411812305,2.42495919871458,1.5638917994066206,0.371677419533151,-0.1901981789515378
2.3966918630081295,1.254753737006693,1.6763359454397502,2.42495919871458,1.5638917994066206,0.3668677899328799,-0.194226110930505
2.3948300801530245,1.273086758227329,1.6679125100934609,2.4249943154283233,1.6138918001516787,0.37979738190188106,-0.18329962996355176
2.3930774846905827,1.291879696617766,1.6598013059036691,2.4249943154283233,1.6138918001516787,0.3770809495133879,-0.18562207395501173
2.3914682733892167,1.3107658587093916,1.6517053163639785,2.4249943154283233,1.6138918001516787,0.3733698952343245,-0.18877087986595809
2.389994025884935,1.3290497220301258,1.6441283985533337,2.4250006874093684,1.6638918008967367,0.3886024619895764,-0.17565949532143943
2.388470358533951,1.3463683481376805,1.6396370862268252,2.4250006874093684,1.6638918008967367,0.38205636948627364,-0.18135635878430434
2.387075118622212,1.3642602266666621,1.6343362108517598,2.4250006874093684,1.6638918008967367,0.37521333203105367,-0.18721010335047927
2.385951826618035,1.3830847977299818,1.625962713214864,2.4250018360629744,1.7138918016417948,0.3938996138891966,-0.17097156542718073
2.384995943143135,1.4018885065787199,1.6162297159156689,2.4250018360629744,1.7138918016417948,0.3935807513952952,-0.1712558736694858
2.3842351099983485,1.4210066565189585,1.6055016156408646,2.425002040218942,1.7638918023868528,0.41456481168547527,-0.1518598204460001
2.383618588584337,1.4413718614779487,1.598870809145839,2.425002040218942,1.7638918023868528,0.41186393963543216,-0.1544441504327564
2.383093508732559,1.4621083021918668,1.5922224855235587,2.425002040218942,1.7638918023868528,0.40801648944687785,-0.15807640627715525
2.3827237914164314,1.4825994872409751,1.5853609538991937,2.425002075642436,1.813891803131911,0.4260010848248221,-0.14055801317268302
2.382484074456757,1.5037266271898222,1.5790525772614667,2.425002075642436,1.813891803131911,0.423092842834254,-0.14349177654439127
2.3823702694628768,1.5250076870841198,1.572727470340677,2.4250020815799456,1.863891803876969,0.4394065497431429,-0.126394701093566
2.382390350300925,1.546680713177695,1.5675423903835835,2.4250020815799456,1.863891803876969,0.4365168408925864,-0.12954700532731278
2.3825187943461543,1.5685609024997564,1.562408938180016,2.4250020825322585,1.913891804622027,0.45061100976605184,-0.11352799027311489
2.38275584983505,1.5905883563608914,1.5576018025989473,2.4250020825322585,1.913891804622027,0.4483537917993988,-0.11621236677138069
2.3831093881155603,1.6129075134200583,1.551534790956062,2.4250020825322585,1.913891804622027,0.4464164517852166,-0.11847656574281895
2.383726716179476,1.639628065843862,1.5448199410043666,2.4250020826773264,1.963891805367085,0.46109003110771896,-0.1002939130309849
2.3842381697305903,1.6579148592303667,1.5411092124579664,2.4250020826773264,1.963891805367085,0.4594976269228529,-0.10239824253918695
2.3849699857279045,1.6809797879022366,1.5366652167639372,2.4250020826982053,2.013891806112143,0.4715701438350286,-0.08533451801114589
2.3858123106801408,1.7042781625143562,1.5326909820488002,2.4250020826982053,2.013891806112143,0.470095241386894,-0.08757653872838711
2.386754562310797,1.7279049829489335,1.5285941922324462,2.4250020827010346,2.063891806857201,0.4801572869581571,-0.07102649899916424
2.3878040821220203,1.751807978722372,1.525322518866966,2.4250020827010346,2.063891806857201,0.47904300163628066,-0.07302860185220172
2.388938655408692,1.7758040428735757,1.522113143313455,2.4250020827013956,2.113891807602259,0.48691079149071864,-0.057520258281932746
2.389847785244026,1.7990685706804523,1.5190319065945852,2.4250020827013956,2.113891807602259,0.4860660858138077,-0.05936862486062178
2.3891097462288062,1.8179791693956115,1.5171379643187226,2.425002082701438,2.163891808347317,0.4902037842242087,-0.04969195918728153
2.3887140621545893,1.8380609779343207,1.5162231948040765,2.425002082701438,2.163891808347317,0.4874628308647998,-0.05628100656789892
2.3900695561708467,1.8624569324537301,1.513781225213659,2.425002082701438,2.163891808347317,0.4865614010152814,-0.05829156966534654
2.391483502677289,1.8867635841747568,1.5112585583961857,2.4250020827014445,2.213891809092375,0.49280380112877487,-0.04254332696153096
2.3929653907172312,1.9111908236707613,1.5093473314408958,2.4250020827014445,2.213891809092375,0.49231754177859977,-0.043966211322386206
2.3944832263866704,1.935661264464967,1.5080086687958618,2.4659112445270353,2.263891809837433,0.41613995564223094,-0.1503387380856921
2.395928926785439,1.9583774284764406,1.5066281337424983,2.4659112445270353,2.263891809837433,0.4063487929251319,-0.1596338523351406
2.3973356194362445,1.979502036950075,1.5030953978365822,2.5142585250415337,2.3138918105824913,0.2806570260315205,-0.26238817131527714
2.398628285228426,1.998743238588748,1.5036924245509222,2.5142585250415337,2.3138918105824913,0.2616076275197114,-0.2771135335351037
2.3995342830684088,2.0114458356166622,1.4886110761849525,2.5142585250415337,2.3138918105824913,0.2666015726486307,-0.27324627168197446
2.400695251817387,2.0239596067519425,1.4740363753106978,2.5142585250415337,2.3138918105824913,0.2711625959996687,-0.26971956093293314
2.4020812003408007,2.0376182737002058,1.46229737526039,2.5639582104947007,2.3638918113275493,0.18550206952626885,-0.33819680602698
2.403389710971558,2.049005836668549,1.4438193355581577,2.5639582104947007,2.3638918113275493,0.1933934194342714,-0.33155983980745285
2.404669964496229,2.058354178920638,1.4294928168352088,2.5639582104947007,2.3638918113275493,0.1990956726983817,-0.3268238073085383
2.4061691882882723,2.0683578884776797,1.414675512421115,2.5639582104947007,2.3638918113275493,0.2045121385282984,-0.3223672895932389
2.407892654949798,2.07886811188785,1.3988201078838736,2.5639582104947007,2.3638918113275493,0.21034568356430222,-0.31760961548840805
2.409762299865813,2.089195620160723,1.3846619255395327,2.5639582104947007,2.3638918113275493,0.21436810438873985,-0.3143523848335684
2.411798103984008,2.099613172556806,1.371115398321283,2.5639582104947007,2.3638918113275493,0.21732942908482825,-0.3119657192020212
2.414030935132528,2.110262394852814,1.357420791718438,2.61390374142011,2.4138918120726074,0.16842909776207468,-0.352939517841636
2.4160067076960026,2.119098665146412,1.342434673030883,2.61390374142011,2.4138918120726074,0.17439839366065968,-0.3477196187243916
2.4180299251254436,2.1274797918688595,1.3271221718681234,2.61390374142011,2.4138918120726074,0.18124113676197903,-0.3418241067542571
2.420291884357475,2.136292281349439,1.312137946143796,2.61390374142011,2.4138918120726074,0.18728342858877597,-0.3366896999999798
2.423248123554922,2.1470715730017655,1.2943616284446466,2.61390374142011,2.4138918120726074,0.19402502238533262,-0.33103289380758694
2.425403834407513,2.154504254092739,1.282716180119695,2.61390374142011,2.4138918120726074,0.19792910894789442,-0.32778887178134153
2.4282822464989646,2.1639690108704954,1.2683171489217582,2.61390374142011,2.4138918120726074,0.20226787983412728,-0.3242090480301921
2.431353581658998,2.173571703772005,1.2540572553850513,2.61390374142011,2.4138918120726074,0.20604713061056587,-0.3211113273169327
2.434640438951865,2.1833699290584097,1.2399720544472466,2.6638939117646747,2.4638918128176654,0.18312181210761105,-0.34021913230553413
2.437887470352571,2.1926282037010605,1.2252742793913867,2.6638939117646747,2.4638918128176654,0.18858679150783567,-0.33559036770983475
2.441049951310731,2.201201321909153,1.211200316183924,2.6638939117646747,2.4638918128176654,0.19409927414350403,-0.3309709853047207
2.4444056910480683,2.20994089710012,1.1979289334737389,2.6638939117646747,2.4638918128176654,0.19844920106648323,-0.32735837749687247
2.447876869290873,2.218675865873548,1.1860183960784085,2.6638939117646747,2.4638918128176654,0.20112097958252756,-0.325152825624777
2.4523448445032336,2.228107592148179,1.1717263959727948,2.6638939117646747,2.4638918128176654,0.20679564496589944,-0.3204999511039288
2.460687194017945,2.2392777466229212,1.161063995551004,2.6638939117646747,2.4638918128176654,0.214031581698264,-0.31462419839122224
2.46841026701877,2.250382251837417,1.149854853977428,2.7138921570774412,2.5138918135627235,0.21027174171804275,-0.31766966391246865
2.4728486650760573,2.2601080859533695,1.1363271139803688,2.7138921570774412,2.5138918135627235,0.21456897575085465,-0.31419019731450937
2.477466249807577,2.2698864763206643,1.1230316577677675,2.7138921570774412,2.5138918135627235,0.21829884173589906,-0.31118641704852246
2.482259666084463,2.2796953592764915,1.1094359073853317,2.7138921570774412,2.5138918135627235,0.22204904764958988,-0.30818049459869035
2.4872475163765415,2.2895565819182195,1.0957699972257566,2.7138921570774412,2.5138918135627235,0.2255006762287492,-0.3054256925252503
2.493537400937541,2.301552912667985,1.0797222298870175,2.7138921570774412,2.5138918135627235,0.22851915194728367,-0.3030252827545462
2.4978938445616574,2.309598901559106,1.069060353897063,2.76389185012742,2.5638918143077816,0.23621869943210314,-0.29693567869688764
2.503583355698302,2.319814230465129,-5.227232413119359,2.76389185012742,2.5638918143077816,0.24020135974462375,-0.293802701927403
2.5086712105784876,2.3286957277044085,-5.2382261762176325,2.76389185012742,2.5638918143077816,0.24294400122071075,-0.2916511831096593
2.515765165676287,2.3407208422181753,-5.252986896908667,2.76389185012742,2.5638918143077816,0.2460652394120474,-0.2892081361591061
2.522072829226447,2.351092613239482,-5.265066567146621,2.76389185012742,2.5638918143077816,0.24751332101600781,-0.2880765488237702
2.5286475005621725,2.3616016531833264,-5.277701710243843,2.76389185012742,2.5638918143077816,0.24893048474414242,-0.28697019503302457
2.5353985611647847,2.372092547867773,-5.29025153993334,2.8138917984273415,2.6138918150528396,0.2695037061276109,-0.27100176910210805
2.5441243621502405,2.3852504880862853,-5.304778854428593,2.8138917984273415,2.6138918150528396,0.2726328891275908,-0.26858352684632236
2.5502801695676087,2.394307358648332,-5.314154824510658,2.8138917984273415,2.6138918150528396,0.2736404293077861,-0.2678052352031025
2.558107024813175,2.4055590405520686,-5.325891553681651,2.8138917984273415,2.6138918150528396,0.2745000705038355,-0.26714130128435765
2.5660952997472624,2.4167636757143303,-5.337587416505364,2.8138917984273415,2.6138918150528396,0.2747296382218772,-0.26696401325952845
2.574233748826215,2.427900778524304,-5.349267775821336,2.8138917984273415,2.6138918150528396,0.27431077587253727,-0.2672874925784636
2.5824917780130185,2.438929883255433,-5.360969028908018,2.8638917905609262,2.6638918157978977,0.30591220758734866,-0.24286642140043257
2.5931620230443553,2.452804489277593,-5.374947716989415,2.8638917905609262,2.6638918157978977,0.30811789829404573,-0.24115436204234986
2.6010010824043146,2.4627696940468997,-5.382684302278425,2.8638917905609262,2.6638918157978977,0.3063669419652222,-0.2425136033959292
2.6111304134825293,2.4754452179274473,-5.392184175579394,2.8638917905609262,2.6638918157978977,0.3028368607560641,-0.24525065941109858
2.6226999202260632,2.4895411341553384,-5.406791082846497,2.9138917899548247,2.7138918165429557,0.3395625368401426,-0.21645034703166455
2.6309598481226377,2.499360515011505,-5.414901871019627,2.9138917899548247,2.7138918165429557,0.3400423191364765,-0.21606751278839942
2.644364771156365,2.515012956855644,-5.426141510821169,2.9138917899548247,2.7138918165429557,0.33787042310875953,-0.21779876444880764
2.6532656522492406,2.5252234925479033,-5.433746401305031,2.9138917899548247,2.7138918165429557,0.33606787510485947,-0.21923222868968628
2.664470942047325,2.5378396808191237,-5.443310473327303,2.9138917899548247,2.7138918165429557,0.33320303233591053,-0.22150449492985702
2.675728659211991,2.5502790184291673,-5.452969015543677,2.9638917904985767,2.763891817288014,0.371941439759929,-0.18997587516348513
2.687762904562055,2.5633239983647975,-5.4618521155447235,2.9638917904985767,2.763891817288014,0.3709967304816692,-0.1907707280786317
2.7006092424871024,2.577006488898977,-5.470426482498792,2.9638917904985767,2.763891817288014,0.36831863436949297,-0.19301531688911122
2.7116577058085447,2.5886051184819774,-5.47757962365993,2.9638917904985767,2.763891817288014,0.365062731741257,-0.195727594147174
2.728541242833961,2.6060059191936276,-5.487834565662544,3.01389179121528,2.813891818033072,0.40136306883674344,-0.16423289585844425
2.742113215080483,2.6197248267903746,-5.496888638752929,3.01389179121528,2.813891818033072,0.4011317570565275,-0.16444428340364592
2.756336054935529,2.6338779188519688,-5.504488615119196,3.01389179121528,2.813891818033072,0.3982034282397447,-0.1671059509915559
2.7708054772949744,2.6472232232576154,-5.51515578802607,3.0638917919565727,2.86389181877813,0.43546262921328843,-0.13068233199794754
2.787979301450468,2.661300102531415,-5.5247618794594,3.0638917919565727,2.86389181877813,0.44118510877624106,-0.12442365248008158
2.8054344040577988,2.676011653106295,-5.532811101834833,3.0638917919565727,2.86389181877813,0.44404271045045823,-0.12120398539053268
2.821680329752219,2.6910885023572444,-5.538080241253162,3.1138917927011605,2.913891819523188,0.4661078609487899,-0.09339599612909821
2.8386460853873796,2.7066661964050223,-5.542248899810339,3.1138917927011605,2.913891819523188,0.4647485783877068,-0.09530765004799635
2.8560542520172927,2.7225197764404765,-5.547280780985184,3.1138917927011605,2.913891819523188,0.4634560483039861,-0.09709472675904485
2.873186311914777,2.737975547601465,-5.550961992710617,3.1638917934461626,2.963891820268246,0.4799178123826193,-0.07146117986903133
2.8908374665680387,2.7537734910519838,-5.555042340123828,3.1638917934461626,2.963891820268246,0.4795379412049721,-0.0721456952039955
2.9088683894274325,2.769803626514218,-5.55776951953227,3.1638917934461626,2.963891820268246,0.47807120463192937,-0.07473396923981157
2.9266475279465887,2.7854931333991058,-5.561955717455167,3.213891794191215,3.013891821013304,0.49030971803861056,-0.04942033417763292
2.944913083862307,2.8015047532972694,-5.564458718261488,3.213891794191215,3.013891821013304,0.4899592895614716,-0.050313454616001896
2.9634218528639877,2.817672326085363,-5.566735200615627,3.213891794191215,3.013891821013304,0.4893367263873745,-0.051863494779895825
2.981874980254994,2.8337108274614593,-5.568857242005976,3.263891794936272,3.063891821758362,0.4964629743309206,-0.029780432552543923
3.0003755943553365,2.8497302477113475,-5.570198003584866,3.263891794936272,3.063891821758362,0.4962817072416425,-0.030536318858589317
3.019207159063922,2.865987842512368,-5.57154539734121,3.263891794936272,3.063891821758362,0.49603455797589796,-0.03153811248443794
3.0380289826452467,2.8821862035920436,-5.572777759293624,3.3138917956813296,3.1138918225034202,0.4994444422185682,-0.011787866227568444
3.056854912942331,2.898352853954867,-5.574011591635928,3.3138917956813296,3.1138918225034202,0.49948378998839577,-0.011362572476757204
3.0758536857195997,2.914653632451934,-5.574323901543115,3.3138917956813296,3.1138918225034202,0.49942793411945036,-0.011961801583405984
3.094815276576796,2.9309140369552313,-5.574897803264578,3.3638917964263877,3.1638918232484783,0.49988628623618253,0.005332085450512558
3.1137996948528865,2.947172871030329,-5.575344306433548,3.3638917964263877,3.1638918232484783,0.4998469165447317,0.006186739604350455
3.1327992034721204,2.963439989789789,-5.575070884812473,3.3638917964263877,3.1638918232484783,0.49983617983302225,0.006400049524905249
3.1517852618976745,2.979699393704779,-5.574764242076493,3.4138917971714458,3.2138918239935363,0.4982737976875582,0.02078876340661373
3.1707235341243374,2.9959278179450983,-5.573910851595912,3.4138917971714458,3.2138918239935363,0.49815086355582133,0.021517390377507883
3.189618830257036,3.0121530215231562,-5.573001762180669,3.4138917971714458,3.2138918239935363,0.4980026491087959,0.022364500775054363
3.209281114973418,3.0268493468111313,-5.574321984529877,3.463891797916504,3.2638918247385944,0.4933800671634657,0.04079446106282969
3.230646478724914,3.0386094704941815,-5.579214063397183,3.463891797916504,3.2638918247385944,0.4838506503545363,0.06397479396093164
3.2509775896583744,3.051776618087171,-5.580630629727027,3.463891797916504,3.2638918247385944,0.47445522136757146,0.08078716873979963
3.269143952710766,3.067211183887072,-5.577350801634082,3.513891798661562,3.3138918254836525,0.4728766491321938,0.08330315460438231
3.2870752849287497,3.0825596807159545,-5.573536208176093,3.513891798661562,3.3138918254836525,0.4715298302654324,0.08539650298137702
3.3049760107900914,3.0979842709382153,-5.569933815729789,3.513891798661562,3.3138918254836525,0.46956363212174823,0.08837210778759252
3.3227127547307385,3.1133813471324743,-5.565993413760257,3.56389179940662,3.3638918262287105,0.47050287676936464,0.08696208411209905
3.3403526882970933,3.1288159177288524,-5.562445608920146,3.56389179940662,3.3638918262287105,0.46875629090438864,0.08956821589464004
3.357944935267507,3.144328416211211,-5.558526196043375,3.56389179940662,3.3638918262287105,0.4667619030633252,0.09246377806199746
3.375391409877805,3.159841228048628,-5.554552338110414,3.613891800151678,3.4138918269737686,0.4697482853463842,0.08809649814023612
3.3928526725080213,3.1754907035690296,-5.55066919902733,3.613891800151678,3.4138918269737686,0.46818503453979293,0.09040601674628079
3.4102511280453855,3.191205950364335,-5.546785988459438,3.613891800151678,3.4138918269737686,0.4661267286469051,0.09336921883184401
3.4275155728106963,3.206921035758712,-5.542825147781538,3.663891800896736,3.4638918277188266,0.47078051774259094,0.08654133688312227
3.441307964006265,3.219564871967232,-5.539626753901507,3.663891800896736,3.4638918277188266,0.46971604264127914,0.08814467852962249
3.4620747644460366,3.23873976657016,-5.53497393956942,3.663891800896736,3.4638918277188266,0.46741238035604454,0.09152832044848358
3.479252971310519,3.2547510903442234,-5.530533432805388,3.713891801641794,3.5138918284638847,0.4736111018892056,0.08214127543141947
3.4964113104008963,3.2708789823267495,-5.527095986082891,3.713891801641794,3.5138918284638847,0.47211300784139076,0.08449583177296782
3.513576366457798,3.2871260654152525,-5.5233987646311435,3.713891801641794,3.5138918284638847,0.47031680703868395,0.08724304054460807
3.5306011844234497,3.303365780784465,-5.519609363848331,3.763891802386852,3.5638918292089428,0.47688503546765737,0.07676797677684166
3.547736951375237,3.31983367005203,-5.516152962599763,3.763891802386852,3.5638918292089428,0.4756952464730755,0.07875951606015663
3.5649078465090236,3.3364409367058716,-5.5129921287363635,3.763891802386852,3.5638918292089428,0.47390048007511915,0.0816793680650234
3.582018008519529,3.353081066046843,-5.510127476480177,3.8138918031319102,3.613891829954001,0.48023379623045087,0.07088710010158672
3.5990551113651863,3.369752217308272,-5.506892013314738,3.8138918031319102,3.613891829954001,0.47920891073745514,0.07273375163592011
3.616072135480465,3.3865040303062273,-5.504171834172981,3.8138918031319102,3.613891829954001,0.4775312319507966,0.0756661554582212
3.6328411298919656,3.4039472710972225,-5.500706431201897,3.8638918038769683,3.663891830699059,0.4850024197889612,0.0616209140143531
3.6493144175522714,3.422620785510281,-5.497389634466372,3.8638918038769683,3.663891830699059,0.4866810124209287,0.058028618840748836
3.6660363758291883,3.441007798769573,-5.49447335901629,3.9138918046220263,3.713891831444117,0.49206666015469214,0.04468306451492832
3.683314170779357,3.458443088163788,-5.49239850717796,3.9138918046220263,3.713891831444117,0.49170137348705073,0.045707241884741734
3.697168844467904,3.472469954608955,-5.490880321736321,3.9138918046220263,3.713891831444117,0.49125942950478196,0.04691728701075926
3.717912347321449,3.493542354016448,-5.488793586095731,3.9638918053670844,3.763891832189175,0.49420601366962386,0.03815154753184946
3.731692844870877,3.5075919485111458,-5.4872830761001925,3.9638918053670844,3.763891832189175,0.4940166057880744,0.03877321735911954
3.752400691288469,3.5287735086378627,-5.48541614176904,3.9638918053670844,3.763891832189175,0.4934872169606338,0.04046114002979473
3.7696177489997194,3.546454029874025,-5.483682799574718,4.0138918061121425,3.813891832934233,0.4961381997454889,0.031121887197331333
3.7868781431062803,3.5642372468984167,-5.482240614280037,4.0138918061121425,3.813891832934233,0.495942012022109,0.03190524838939557
3.8041379167263036,3.582069647431645,-5.480857659456475,4.0138918061121425,3.813891832934233,0.49566156530648964,0.03299319555658342
3.8213575404023485,3.59991000984384,-5.4794173591939686,4.0638918068572005,3.863891833679291,0.49771118471012926,0.02394364825122386
3.838572005888018,3.6177932957816816,-5.478067061003884,4.0638918068572005,3.863891833679291,0.497638098076066,0.024323673005128166
3.855758122963323,3.6356947131892854,-5.4765584123828654,4.0638918068572005,3.863891833679291,0.49756144065155156,0.024716035887757615
3.8729620511502922,3.653660370545982,-5.475557811225399,4.113891807602259,3.913891834424349,0.49894283890578756,0.016264175586639285
3.8901863926325584,3.6716815499796587,-5.474777594861244,4.113891807602259,3.913891834424349,0.4988874435060124,0.01668524341147526
3.9074131365649345,3.689735582375844,-5.47405202915581,4.113891807602259,3.913891834424349,0.4988053913591552,0.017290167945881674
3.924624940781583,3.7078004114449,-5.473303079205869,4.163891808347317,3.9638918351694072,0.49964160924632434,0.009467019560426504
3.9418507359990214,3.725904027466939,-5.4728289519494115,4.163891808347317,3.9638918351694072,0.49962435728943333,0.009692269527715291
3.9590800336544794,3.7440248153953943,-5.472406442733907,4.163891808347317,3.9638918351694072,0.4995957226263612,0.010055019163027312
3.9762977713254735,3.7621450837238672,-5.471988978221962,4.213891809092375,4.013891835914465,0.49996116930653295,0.0031157643542936153
3.9935044859871747,3.7802675973706146,-5.471632340267576,4.213891809092375,4.013891835914465,0.499964183487397,0.0029923895831278635
4.0107030732453595,3.7983884902517477,-5.471585860518615,4.263891809837433,4.063891836659523,0.4999757137306409,-0.002464079995293411
4.027914020599912,3.81652729340772,-5.471599182736415,4.263891809837433,4.063891836659523,0.4999722498924902,-0.002633948996061619
4.044739192950577,3.8353124066449054,-5.471937227223293,4.263891809837433,4.063891836659523,0.49990790836358834,-0.004798403500188564
4.060851094567636,3.855287407195628,-5.472772779266191,4.313891810582491,4.113891837404581,0.4992008100338602,-0.01413968478315808
4.077170716393297,3.87490381145635,-5.473853083367963,4.313891810582491,4.113891837404581,0.4985323983550011,-0.01916637528479659
4.094395940738887,3.892962790444094,-5.474557113089408,4.313891810582491,4.113891837404581,0.49840638845805896,-0.01997330734695668
4.115050438968962,3.914573499584029,-5.475549803523407,4.363891811327549,4.163891838149639,0.4981919430953422,-0.021276672644579775
4.1288254708840135,3.928960743211964,-5.47631285128218,4.363891811327549,4.163891838149639,0.49810923666374984,-0.021758615701410133
4.146064909687088,3.946938156584573,-5.477283299950774,4.363891811327549,4.163891838149639,0.49797689721923144,-0.022508454348256768
4.163323621118619,3.9649043564517283,-5.478268638336557,4.413891812072607,4.213891838894697,0.49794620581931387,-0.022678834477650067
4.1806020038578104,3.982855312959579,-5.479260557049351,4.413891812072607,4.213891838894697,0.49781839773026837,-0.023375088706464098
4.197897316622122,4.000788488792023,-5.4802853392461826,4.413891812072607,4.213891838894697,0.4976553144659545,-0.024234686218732482
4.215208196843076,4.0187001173266195,-5.481331312362933,4.463891812817665,4.263891839639755,0.49779098305509506,-0.023521769049683283
4.232537802632421,4.036589415732253,-5.4823561205775135,4.463891812817665,4.263891839639755,0.49765049487834256,-0.024259629981598252
4.249871568237769,4.054446006609518,-5.483252766927477,4.513891813562723,4.313891840384813,0.49783818447417744,-0.023268650788444867
4.267220366112963,4.072283645124687,-5.484336432979393,4.513891813562723,4.313891840384813,0.4977355899186496,-0.023815409746936855
4.284595757190785,4.090114512688245,-5.485380100071318,4.513891813562723,4.313891840384813,0.4975877373930603,-0.02458213884406435
4.301988459855962,4.107928270768086,-5.486452519445419,4.563891814307781,4.363891841129871,0.49792426151715863,-0.022799880701789288
4.3194105562718885,4.125734434862697,-5.4874716652500934,4.563891814307781,4.363891841129871,0.49781130744814117,-0.0234131122282476
4.336853591819944,4.143526339036232,-5.488501141393431,4.563891814307781,4.363891841129871,0.4976630707903687,-0.024194489811075304
4.3543095407369075,4.161292648890048,-5.489535067560734,4.613891815052839,4.413891841874929,0.4980878126453919,-0.021881736571067067
4.3717774386019235,4.179030860696754,-5.49043536650353,4.613891815052839,4.413891841874929,0.497968743270068,-0.022553844850992766
4.389266710118243,4.196758136298226,-5.491360353610324,4.613891815052839,4.413891841874929,0.4978176642641711,-0.023379024960096695
4.406759978574167,4.214456009276672,-5.4924376500891245,4.663891815797897,4.463891842619987,0.4983151513993067,-0.020537886355870505
4.424294749380121,4.232164270872136,-5.493369494157882,4.663891815797897,4.463891842619987,0.49822019980028154,-0.02110951045127407
4.441851482671813,4.249863792618198,-5.494294063152285,4.663891815797897,4.463891842619987,0.4980913519777357,-0.02186144402806134
4.460532963141484,4.2680059597889,-5.495433738690459,4.713891816542955,4.5138918433650455,0.49880139333360635,-0.017319105396946366
4.4816203205219285,4.287112663704272,-5.496830697241767,4.713891816542955,4.5138918433650455,0.499332700229468,-0.012919666686212583
4.501782858529796,4.30580325722406,-5.497904717329009,4.763891817288013,4.5638918441101035,0.49976835529608266,-0.00761067396329429
4.51943821845654,4.323443727650529,-5.498209294240575,4.763891817288013,4.5638918441101035,0.4997543195043905,-0.007837901662470781
4.537107456435453,4.341085356448408,-5.498647091695606,4.763891817288013,4.5638918441101035,0.49974485912416305,-0.007987414165938622
4.5547983397621365,4.358739134964701,-5.4990051863581915,4.813891818033071,4.613891844855162,0.49983387542239716,-0.006444912336672215
4.572500128144547,4.376395540390283,-5.4993083206077085,4.813891818033071,4.613891844855162,0.4998251101582901,-0.006612778083013304
4.590211059533169,4.394051052331748,-5.499602581081199,4.813891818033071,4.613891844855162,0.49981276963051413,-0.0068421412745217625
4.607928889981641,4.411703009206674,-5.499908740826959,4.822982656952539,4.66389184560022,0.474166630025086,0.081252428862572
4.625564614707011,4.429270312253799,-5.500178063960324,4.822982656952539,4.66389184560022,0.46977161424723546,0.08806162296436804
4.643031237903456,4.446612678136305,-5.500980422228551,4.86554453900869,4.713891846345278,0.4656393133043793,0.09405880821644352
4.65968627219657,4.463245978355617,-5.494188410331596,4.86554453900869,4.713891846345278,0.4657372475714158,0.09392061024702025
4.67606382662328,4.479839337210482,-5.490256166456356,4.86554453900869,4.713891846345278,0.4635141584127653,0.09701500091997328
4.692328409951892,4.496406631773871,-5.485971799480312,4.8732829729894895,4.763891847090336,0.38716419395968843,0.17691992906332055
4.7069919021255835,4.511493511627991,-5.479869515868519,4.8732829729894895,4.763891847090336,0.38033958832846193,0.18283420972809505
4.720059267865359,4.525161317459949,-5.471826241511966,4.915599009573397,4.813891847835394,0.4030435717930489,0.16269197579035954
4.733719414050212,4.539654330750732,-5.464534774772043,4.915599009573397,4.813891847835394,0.40051065824331744,0.16501104551898527
4.7474240563083585,4.554407665816835,-5.457403554493488,4.915599009573397,4.813891847835394,0.3968255961987146,0.16834932783151713
4.7607496082175045,4.568963224536915,-5.449855281225442,4.9232928041350394,4.863891848580452,0.32293964021129196,0.2295913792426596
4.773808486181514,4.583428002791024,-5.442346397122861,4.9232928041350394,4.863891848580452,0.3150651529025663,0.23574861323155183
4.786022612797144,4.597226244352791,-5.43053838789571,4.965600765750747,4.91389184932551,0.36042086420423597,0.19956494375847456
4.796013404739198,4.608809572201864,-5.418885998449605,4.965600765750747,4.91389184932551,0.36405544156039354,0.19656316946684615
4.80768568898936,4.622615034650564,-5.409949395015668,4.965600765750747,4.91389184932551,0.3621842125382887,0.19811114267801266
4.819316662367287,4.636625849914381,-5.401286426913049,4.965600765750747,4.91389184932551,0.35909088490039154,0.20065838569857464
4.830661460335779,4.650514062120543,-5.392570343947028,4.975002120699406,4.975002150501728,0.2891569978141512,0.2558275881318659
4.8402127606292344,4.662433730582517,-5.381970658816004,4.975002120699406,4.975002150501728,0.288181424130625,0.25658074178628776
4.848985593676148,4.673649419690763,-5.370775641096922,4.975002120699406,4.975002150501728,0.2883375794754282,0.2564601935765527
4.857769392495984,4.685132095326147,-5.3594495432078375,4.975002120699406,4.975002150501728,0.28782493129290304,0.2568559386145848
4.866209718468971,4.698045544923482,-5.348141999135941,4.975002120699406,4.975002150501728,0.28937705735194136,0.2556576878634287
4.874212459235866,4.714085284034532,-5.336876137520817,4.975002120699406,4.975002150501728,0.29616409319960463,0.250414546857501
4.882312983203292,4.728908476431132,-5.326637222858971,4.975002120699406,4.975002150501728,0.2983661281238978,0.2487116650662069
4.890773046051559,4.7410415086051705,-5.315837074509776,4.975002120699406,4.975002150501728,0.2937092554565572,0.2523117835717543
4.899112774172108,4.753292233309645,-5.305299451407603,4.975002120699406,4.975002150501728,0.28736480697466465,0.25721112060021945
4.907177922545172,4.765408084399785,-5.294769896370241,4.975002120699406,4.975002150501728,0.2797568784206122,0.2630829182988288
4.915077338801863,4.777529014205565,-5.285149223677975,4.975002120699406,4.975002150501728,0.2692767045712475,0.27117726666274455
4.921064553885602,4.786886365932325,-5.276721074376867,4.975002120699406,4.975002150501728,0.2609585369531286,0.2776167207092235
4.929366222859039,4.8002320822774065,-5.261558221931982,4.975002120699406,4.975002150501728,0.2507064686712466,0.28558514802949464
4.935886702437832,4.8110390119174165,-5.24910593165004,4.975002120699406,4.975002150501728,0.2404239865034882,0.2936278820327558
4.9419930539488925,4.821449438490235,1.0468612081455095,4.975002120699406,4.975002150501728,0.22927317215244777,0.30242686244644545
4.947768061458895,4.83158578349296,1.0600076120629087,4.975002120699406,4.975002150501728,0.21687348648283122,0.31233258198397174
4.95305304922437,4.841158843228973,1.0736875892136324,4.975002120699406,4.975002150501728,0.20420811485350826,0.3226164042057964
4.957898717818442,4.850233490210965,1.087751015138903,4.975002120699406,4.975002150501728,0.1910187147895018,0.3335465472149539
4.962413086887648,4.859005671209759,1.1032491199998153,4.975002120699406,4.975002150501728,0.17786522715396036,0.34472145342025073
4.966409540565154,4.867070169314526,1.1183033175878805,4.975002120699406,4.975002150501728,0.1642321029777755,0.35665619078757094
4.969957405740009,4.874508734506457,1.1336697113553653,4.975002120699406,4.975002150501728,0.1509043847502834,0.3687445179057911
