2.680613610038611,0.10216988938626592,4.934436445001282,2.6750020864267348,0.12500207823109655,6.619862762544754e-35,-0.9961283673727862
2.680921614195695,0.10036864120286282,4.914196988897495,2.6750020864267348,0.1276336572176786,4.672836480588125e-35,-0.9961818128433445
2.681303473004771,0.09877222615529746,4.876369069763836,2.6750020864267348,0.13275831103365415,6.753625162172042e-35,-0.9961252715574853
2.6816463364355734,0.09692988110094092,4.836518331217989,2.6750020864267348,0.14024482521431825,1.0439039852913417e-34,-0.996057164356266
2.682230620185228,0.0945509582165549,4.794845190309371,2.6750020864267348,0.14996889131942412,2.704743520434458e-34,-0.9959033760157653
2.682635915898393,0.09288266771376641,4.752575426164384,2.6750020864267348,0.1618127434582117,8.354292048469661e-34,-0.9957121134804067
2.6826376542888504,0.09268899665845964,4.70889201336841,2.6750020864267348,0.1756648139446977,2.8605860680173475e-33,-0.9954914274425554
2.682638274956119,0.09266047499242447,4.66585886902705,2.6750020864267348,0.19141940707637173,1.1366370380545151e-32,-0.9952281955039043
2.6826495552117233,0.0929073674387606,4.623994743758302,2.672370507440152,0.20897639008243438,1.4382138877148439e-31,-0.9946957484669761
2.682651128628457,0.0929629567000525,4.581303222331531,2.6672458536241757,0.22824090033791783,3.4491402247807596e-30,-0.993928360572479
2.682606190355097,0.09266056868855799,4.537294193330592,2.659759339443511,0.24912306798758943,1.0966673710112978e-28,-0.9929405737714309
2.6825686097496853,0.09253101931358643,4.493946387660802,2.6500352733384043,0.27153775316859724,3.5540051055020965e-27,-0.9917514926913994
2.682526381085827,0.09236941630144457,4.450529288935878,2.638191421199616,0.2954042970635024,1.0666253060512053e-25,-0.9903536930056436
2.682474298503955,0.09220922993952385,4.407180470162489,2.624339350713129,0.32064628605578405,2.7752017879322864e-24,-0.9887441221260944
2.682416891091094,0.09205453330570457,4.363902124214138,2.6112163365680363,0.3471913282982118,4.155109505881209e-23,-0.9871603360571927
2.682352395881935,0.09189770976307798,4.320699142669634,2.5987840073779487,0.374970842040778,4.2170399848353044e-22,-0.9855889729826749
2.682281599960689,0.09174210128262494,4.277541985429035,2.587006011303129,0.40391985509926487,3.2412875210282973e-21,-0.9840122930850684
2.682201286131427,0.09158020755041285,4.234524233874335,2.587006011303129,0.40391985509926487,1.6541948968103223e-20,-0.9826014945080663
2.682103629564045,0.0913992015555305,4.191672568212749,2.587006011303129,0.40391985509926487,8.129213239884174e-20,-0.9810761509888556
2.6810739058133333,0.09075189866020672,4.149455851277228,2.587006011303129,0.40391985509926487,3.381076939273594e-19,-0.9795717496840793
2.6774169015211484,0.08896960675185994,4.108043134170218,2.587006011303129,0.40391985509926487,9.76013052395655e-19,-0.9783582740759087
2.6754397222139445,0.08806268619886204,4.08269822158656,2.587006011303129,0.40391985509926487,1.9185707729850456e-18,-0.9775388979345707
2.6749519647351008,0.08775791454429616,4.022734147783207,2.587006011303129,0.40391985509926487,1.5062864227798275e-17,-0.9747970171104369
2.674830369124244,0.08761526327821478,3.9800435125539146,2.587006011303129,0.40391985509926487,6.477624724524607e-17,-0.9726070032162064
2.674735200062809,0.08751135643657193,3.937547151726188,2.587006011303129,0.40391985509926487,2.699620346075539e-16,-0.9702345359867244
2.6746733271234113,0.0874509456152417,3.8953874401779567,2.587006011303129,0.40391985509926487,1.0863028274901463e-15,-0.9676729037106545
2.674735333100747,0.08751464764785055,3.854065720211563,2.587006011303129,0.40391985509926487,4.199134161484828e-15,-0.9649204972848255
2.6748963294241914,0.08764643005420503,3.8133001151118338,2.587006011303129,0.40391985509926487,1.5685283028625248e-14,-0.9619539567327864
2.6746534961359316,0.08746544658193578,3.770583731927611,2.587006011303129,0.40391985509926487,5.791569905575473e-14,-0.9587005146010579
2.6745329444904815,0.08739290140135658,3.7287452059115114,2.587006011303129,0.40391985509926487,2.0524796077131424e-13,-0.9552129295405285
2.6744023400707633,0.08731102006446356,3.68688857094109,2.587006011303129,0.40391985509926487,7.072853593168045e-13,-0.9514399205631956
2.674303919301517,0.08725872577114835,3.659096892223604,2.587006011303129,0.40391985509926487,1.5825752486016037e-12,-0.9487685850749745
2.6741153836889016,0.08716502546606897,3.6036597228737746,2.587006011303129,0.40391985509926487,7.617285537682968e-12,-0.9430025835680199
2.6739691515326047,0.08710012976195358,3.562296816733665,2.587006011303129,0.40391985509926487,2.3836240437720337e-11,-0.938296320300256
2.6738205231748324,0.08704032046518329,3.5212042625158677,2.587006011303129,0.40391985509926487,7.208866263210128e-11,-0.9332500859761251
2.67305527989992,0.08665895445108873,3.4805447503289857,2.587006011303129,0.40391985509926487,1.9882932306576003e-10,-0.9281537147957719
2.671133187313279,0.08567189665924424,3.4405270342196714,2.587006011303129,0.40391985509926487,4.770594697232226e-10,-0.9233515137567325
2.669340117459985,0.08476492382143519,3.400783326719592,2.587006011303129,0.40391985509926487,1.1293663224510895e-09,-0.9182131292240763
2.669068909908967,0.08467890168253689,3.3610904343182795,2.587006011303129,0.40391985509926487,2.973377209427363e-09,-0.9118991908629417
2.6687760002437315,0.0846221675892469,3.3216745406138046,2.587006011303129,0.40391985509926487,7.583439597687968e-09,-0.905179507592428
2.6686881957487394,0.08460425679486505,3.2817252798403644,2.587006011303129,0.40391985509926487,1.940919885798592e-08,-0.8977487472006176
2.6685439592847207,0.0845826149959894,3.2424173793644018,2.587006011303129,0.40391985509926487,4.755646643261941e-08,-0.8899379786352226
2.6683767924617268,0.08456745730082105,3.2033786168557254,2.587006011303129,0.40391985509926487,1.1290840579098767e-07,-0.8816416992086977
2.668249330877291,0.08455993528041539,3.164790389000814,2.587006011303129,0.40391985509926487,2.599309180221154e-07,-0.8728403293901466
2.668135348482812,0.08455900977705966,3.1266577479445163,2.587006011303129,0.40391985509926487,5.795790708718674e-07,-0.863536546631638
2.6680905989520145,0.08456578506802437,3.0892105840910182,2.587006011303129,0.40391985509926487,1.250951584714786e-06,-0.8537343969291206
2.6682357596392023,0.08455165761662542,3.0529489993526173,2.587006011303129,0.40391985509926487,2.60726580973051e-06,-0.8434728963759552
2.6681782147235946,0.0845635228984527,3.0162368067918397,2.587006011303129,0.40391985509926487,5.305584598338883e-06,-0.8325952218731166
2.6679393980579853,0.08459704424700831,2.979359532774156,2.587006011303129,0.40391985509926487,1.0499266498466265e-05,-0.8211497183167795
2.667837299974668,0.08462340497646359,2.94342362515179,2.587006011303129,0.40391985509926487,2.014761510847258e-05,-0.8091913342084219
2.6677014007364903,0.08465601468076756,2.907898552503306,2.587006011303129,0.40391985509926487,3.7551408144577495e-05,-0.7967075328170656
2.667571064868298,0.08469394128500696,2.872926209057762,2.587006011303129,0.40391985509926487,6.80050474262775e-05,-0.7837102458252676
2.667445798596505,0.08473478965218284,2.83851591257742,2.587006011303129,0.40391985509926487,0.00011974673442372915,-0.7702101938366317
2.6656832179569427,0.08526191374333791,2.8053034063992373,2.587006011303129,0.40391985509926487,0.00018919202882460216,-0.7584035970113047
2.66046763044225,0.08684281951248174,2.7736937478130153,2.587006011303129,0.40391985509926487,0.0002480843248806914,-0.7509937574689394
2.6568894374535343,0.08796415081664222,2.7420955904842126,2.587006011303129,0.40391985509926487,0.00034626130254216113,-0.7414187225274669
2.656754813856862,0.08802519566423861,2.709585264178668,2.587006011303129,0.40391985509926487,0.0005608148970293842,-0.7265958297300674
2.656615053391853,0.08809370263437799,2.6776787740801127,2.587006011303129,0.40391985509926487,0.0008856372396230343,-0.7113679223762182
2.6564555442986553,0.08817736352310845,2.646355114096533,2.587006011303129,0.40391985509926487,0.001364611663319382,-0.6957679969544196
2.656260517762526,0.08827859706846652,2.615805621316023,2.587006011303129,0.40391985509926487,0.002047003351696498,-0.6799509768772509
2.6559909410599154,0.08842674770785663,2.5863180815709135,2.587006011303129,0.40391985509926487,0.0029783741424038645,-0.6641778218931246
2.65567464949663,0.08863157927155996,2.557608121242833,2.587006011303129,0.40391985509926487,0.0042301369068129,-0.648302186499452
2.6554469784112626,0.08878366992019338,2.528917010955782,2.587006011303129,0.40391985509926487,0.005948815764062847,-0.6317136899949102
2.655171105462978,0.08898001981590298,2.5008943213358337,2.587006011303129,0.40391985509926487,0.008186613106698673,-0.615014849198199
2.654781840920835,0.08927689254144511,2.473717039601204,2.587006011303129,0.40391985509926487,0.01099506336612875,-0.5984680815414034
2.6543022542034187,0.08966440166374845,2.4474385294472083,2.587006011303129,0.40391985509926487,0.014433229708081637,-0.5821332481099644
2.6537085587316334,0.09017100378755138,2.4218384272052953,2.587006011303129,0.40391985509926487,0.01857449326338846,-0.5659624528738304
2.6529847822258183,0.0908205517518006,2.3969840150142443,2.587006011303129,0.40391985509926487,0.023436295241401544,-0.5500816648218482
2.6521779992485666,0.09158252944559564,2.3724891069157117,2.587006011303129,0.40391985509926487,0.029166482180882334,-0.5341866456238523
2.651243616024731,0.09250752184404298,2.34977988293033,2.587006011303129,0.40391985509926487,0.0353206274930876,-0.5194297855676622
2.6502954886446943,0.09349214692951158,2.328669829526417,2.587006011303129,0.40391985509926487,0.0418808805637658,-0.5055632728586739
2.64924735538607,0.09461679403145418,2.308718119158955,2.587006011303129,0.40391985509926487,0.04878787394555126,-0.4924904220252654
2.647704612881249,0.09635157866427235,2.2875650034396657,2.587006011303129,0.40391985509926487,0.05656460825233147,-0.47918242452989146
2.6458095030980324,0.09858068110709617,2.2661641356732347,2.587006011303129,0.40391985509926487,0.06494206968280011,-0.46612868503176286
2.643784493116101,0.10106339278735632,2.245726776692542,2.587006011303129,0.40391985509926487,0.07347185259459374,-0.4539029991557423
2.6415251490816445,0.10394269487914976,2.2257346047214557,2.587006011303129,0.40391985509926487,0.08213958189590069,-0.4423560806126138
2.639066021089617,0.10720770647083988,2.2062592506075474,2.587006011303129,0.40391985509926487,0.09080570092238097,-0.43152943049369796
2.635511343018443,0.112520362647345,2.187191639517082,2.5758479097585623,0.4339768148780975,0.11166759854707335,-0.40772544476854033
2.630479098429255,0.12074455516000882,2.172467873583944,2.5758479097585623,0.4339768148780975,0.11469753002404728,-0.40448301444202284
2.62376334040888,0.13170981334616627,2.1509798457984437,2.5758479097585623,0.4339768148780975,0.11950633929636599,-0.3994307500257879
2.6211733141665174,0.13572500394525377,2.1369502694697227,2.5758479097585623,0.4339768148780975,0.12578387730325558,-0.3929954010339848
2.617243349084898,0.14205525159559684,2.1161518574832185,2.5652770767163418,0.4650834083919947,0.15195235320649,-0.3677769498790874
2.6143917020943253,0.1468279208652099,2.1027912239095103,2.5652770767163418,0.4650834083919947,0.15857346529463606,-0.36173293570057574
2.60970261982591,0.15497146461801847,2.0836162088989454,2.5652770767163418,0.4650834083919947,0.1667105908593394,-0.35445652829345575
2.6057275558363635,0.16216319349696562,2.0679758042457412,2.5652770767163418,0.4650834083919947,0.17280019114010584,-0.3491098647001094
2.601653395613356,0.16980753320049224,2.0526374171248216,2.555262603307922,0.4971843917601635,0.19714858027782534,-0.3284356595767426
2.597391494737316,0.1781167418628513,2.038045028050818,2.555262603307922,0.4971843917601635,0.2026738791067914,-0.3238753742470887
2.5928461687512705,0.1872840261734865,2.023467473020004,2.555262603307922,0.4971843917601635,0.20703747218721444,-0.32030257835838993
2.5892450498848145,0.19479358052353568,2.0114849856547794,2.555262603307922,0.4971843917601635,0.21057529184350599,-0.31742319040234757
2.5848502601957115,0.20430059803386946,1.9965636741954875,2.5457752074473143,0.5302274286744845,0.23588065945049583,-0.2972021013383196
2.579578213361623,0.2161684813083724,1.9800379989316108,2.5457752074473143,0.5302274286744845,0.24101783663147236,-0.2931617098198702
2.5748579131272926,0.22726823017852915,1.9671185776071645,2.5457752074473143,0.5302274286744845,0.24265211551400243,-0.2918799383962767
2.5700606432677517,0.23894000266556503,1.9562544793545489,2.5367871482109488,0.5641629373693706,0.2628585557259485,-0.27614416156815047
2.5643444542477845,0.2533192352464937,1.941711417520037,2.5367871482109488,0.5641629373693706,0.264063534959768,-0.275210835670754
2.560580685758323,0.26314925368653164,1.9317886087377931,2.5367871482109488,0.5641629373693706,0.2645188484561996,-0.27485827585857303
2.555944264672167,0.2756492703532878,1.9199945980128754,2.5282721447238656,0.5989439456458447,0.2865269945744916,-0.25785781446843126
2.5512791026920922,0.28869626085369937,1.90827046898513,2.5282721447238656,0.5989439456458447,0.2869616864016333,-0.2575222881916476
2.5456456094136204,0.3050939985451553,1.89473063196186,2.52020529931505,0.6345259535259286,0.30707111788796,-0.24196710076940997
2.5409846696288394,0.3192359343458637,1.8840674423721626,2.52020529931505,0.6345259535259286,0.3063455345386338,-0.24253021459992463
2.537199911737739,0.33108504685698925,1.8751914584672946,2.52020529931505,0.6345259535259286,0.30514888974321946,-0.2434584977575759
2.530806236762821,0.3520194494965736,1.8586043204052762,2.5125630247172244,0.6708668031357479,0.3266852952748546,-0.22664901519878722
2.526397331682311,0.3672061120743564,1.8487992603512144,2.5125630247172244,0.6708668031357479,0.32448764596451213,-0.2283765143272457
2.521967310450062,0.3830182215147584,1.8386263728027472,2.505322975098232,0.7079265554368955,0.34347719510237684,-0.21331993998850252
2.517564832323938,0.39941399345340045,1.8291602824703481,2.505322975098232,0.7079265554368955,0.34102466600602804,-0.21528295509902395
2.51324677868552,0.4160689648481277,1.8198846944369096,2.5010955597089266,0.7456673734456174,0.34871231698870314,-0.2091079417077416
2.5090560404818056,0.43288698854374097,1.810487501118369,2.5010955597089266,0.7456673734456174,0.3463318549031524,-0.21102699467306518
2.5049687182547533,0.4499445793677541,1.8017588053304996,2.4970906398664265,0.784053411598357,0.3544373488663056,-0.20446452989325414
2.5009825820979987,0.46722491201797567,1.7929857776094655,2.4970906398664265,0.784053411598357,0.35146982430199974,-0.20687652691197822
2.49714057871574,0.4845638549210136,1.784160490201598,2.4932965052787948,0.8230507109401659,0.36073737664260175,-0.19930433836766215
2.4934472740022713,0.5019620066387098,1.7757573557535395,2.4932965052787948,0.8230507109401659,0.3578357184571209,-0.20168796784898457
2.4899059572099116,0.5193199077205382,1.7680221975709816,2.4932965052787948,0.8230507109401659,0.3532592689937438,-0.2054234298085379
2.4864914086440084,0.5368066984858473,1.7589902836528037,2.4897020619852492,0.8626270998295142,0.36533873981741993,-0.19549835182948283
2.4832017564847195,0.5545305115282826,1.750332598348071,2.4897020619852492,0.8626270998295142,0.36234050305906984,-0.197982059997466
2.481048556765181,0.5742720317615788,1.7399167364764672,2.4862967999176795,0.9027520998691632,0.38013355815399297,-0.18301113639599598
2.4793423038279894,0.595140761911507,1.729483418768568,2.4862967999176795,0.9027520998691632,0.38439697444692966,-0.1793309320859453
2.4768072223981186,0.614804792330844,1.7209255117942523,2.4830707621694557,0.9433968367880441,0.3976649290426926,-0.16759257041113307
2.4739272970634243,0.6343520519157977,1.7134613153203333,2.4830707621694557,0.9433968367880441,0.3943615244696553,-0.1705592121062598
2.4711662556573426,0.6540750651703959,1.7062077821328978,2.4800145158816647,0.984533956013566,0.40512164135696926,-0.16077361337940055
2.4685719959028702,0.6736559984922064,1.6989347068977128,2.4800145158816647,0.984533956013566,0.40221863253512297,-0.16344953892023328
2.466090181829699,0.6933518168531894,1.6930590327129982,2.477119124661652,1.0261375426874846,0.4121696645702591,-0.15415308778275183
2.463650304906789,0.7137885453073061,1.6860014386585134,2.477119124661652,1.0261375426874846,0.4091731063363361,-0.15699033417434782
2.4609221709003446,0.7382688954873728,1.6778881886151518,2.4743761224532195,1.0681830458914632,0.4197807072526696,-0.1467814717131416
2.459182405335026,0.7548590641133526,1.6726607913642813,2.4743761224532195,1.0681830458914632,0.4173156059776971,-0.1491965003966862
2.4571174620252716,0.7757176602132763,1.666160502998372,2.4717774887820725,1.1106472068607618,0.42829089628666056,-0.13821635586934344
2.455154450157453,0.7969387299684279,1.660015653341201,2.4717774887820725,1.1106472068607618,0.42535984354877066,-0.14120867179669028
2.453312800775432,0.8182392058740611,1.653832056340201,2.469315625304144,1.153507990976153,0.43610526087422985,-0.12999116101669694
2.451596212604912,0.8396631267435524,1.648200545430842,2.469315625304144,1.153507990976153,0.4332786748142634,-0.13301065374786925
2.449972698001911,0.8613141277894734,1.6432429345606598,2.4669833335882116,1.196744523335211,0.44290158011376857,-0.12249776496087683
2.4484456354592314,0.8830801589570729,1.6382982827402885,2.4669833335882116,1.196744523335211,0.4398887458341472,-0.12586271351664535
2.447007706546202,0.9051806718690631,1.63295149694844,2.4647737940678547,1.2403370277145847,0.4497079205538532,-0.11460817461837491
2.445684854433482,0.9274097610803267,1.627600053885263,2.4647737940678547,1.2403370277145847,0.44752228811076644,-0.1171885136205848
2.4444690908104363,0.9498296523042953,1.622522112355534,2.4626805461012005,1.284266768744784,0.4569189820369389,-0.10572947026933976
2.4433449160340537,0.9725646652561188,1.6177942735249657,2.4626805461012005,1.284266768744784,0.45470351788330116,-0.10852190736061285
2.442323205311572,0.9953625605961935,1.613031091446333,2.4606974690801597,1.3285159971283969,0.46350664810128384,-0.09702530812543242
2.4414070436459614,1.0182799724664076,1.6088461984018054,2.4606974690801597,1.3285159971283969,0.4614475084088149,-0.09981626275094557
2.440565900837271,1.0431216764627962,1.6050650131777622,2.458818764533911,1.3730678977415594,0.4689418250388744,-0.08929460624944496
2.4397915336680516,1.0706354687255342,1.6013597375067994,2.458818764533911,1.3730678977415594,0.4662993005605943,-0.09312398716153003
2.439139617941839,1.0950824498774239,1.596075113524577,2.457038939174306,1.4179065404669269,0.4746365380191429,-0.08049360022941343
2.438496943510877,1.1233145470839823,1.59154579196414,2.4579843678202105,1.4630168336143834,0.4762153292194429,-0.07789472559598398
2.4380396908768525,1.1471343904331839,1.588096200830788,2.4579843678202105,1.4630168336143834,0.47482758436238454,-0.08018321728968147
2.4376660441552787,1.1709260123398817,1.5846190523808075,2.461511616050281,1.5083844797932926,0.4723238225502348,-0.08416810392904384
2.4373756599587875,1.1946745384573045,1.581059152562667,2.461511616050281,1.5083844797932926,0.47059048006584453,-0.0868295247211196
2.4371756253062156,1.218301205969139,1.5771590832146174,2.467484798623245,1.5539959341072624,0.4641716277587958,-0.09610894566698147
2.437077529958925,1.2417620798256905,1.572820793692964,2.467484798623245,1.5539959341072624,0.462216976979358,-0.09878134576093778
2.4370856409434882,1.2649195536577977,1.5687213141849559,2.4757751821526353,1.5998383645491843,0.4514997048882178,-0.11245668081198001
2.4372091356428705,1.292466633994973,1.5639305170803959,2.4757751821526353,1.5998383645491843,0.4473342791625054,-0.11740831088060566
2.4374218454726364,1.3148109210817047,1.5584518527871651,2.4862608086933764,1.6458996144807447,0.4329945087470113,-0.13331132611703111
2.4376061046241677,1.3280046221490043,1.5552214144842773,2.4862608086933764,1.6458996144807447,0.430948319115637,-0.13546146090356226
2.4380974079376116,1.3539634993798533,1.5481348197743294,2.498826139139608,1.6921681670867,0.4125635291800761,-0.15377756695245703
2.438761480129969,1.3794063691945961,1.5402409868648823,2.498826139139608,1.6921681670867,0.40825843719505256,-0.15784962160041804
2.439447866681869,1.3997866914065344,1.533645257557046,2.513361715391041,1.7386331116999763,0.3884721690680417,-0.17577388938926353
2.4402673764346137,1.4197851145839024,1.5257510276042547,2.513361715391041,1.7386331116999763,0.38549417825194104,-0.1783771405500465
2.4412135066408833,1.4390141213807492,1.5181894716798876,2.513361715391041,1.7386331116999763,0.38170932681811964,-0.18165562282578662
2.4422952215045974,1.458153149085165,1.5102575621392311,2.529763840300033,1.7852841118991358,0.36222528760341877,-0.1980772218074428
2.4436790280528786,1.4772204297766702,1.503416596313186,2.529763840300033,1.7852841118991358,0.3571134273159945,-0.2022794315921288
2.4469890565722743,1.497959433854799,1.4969872839032032,2.547934274463555,1.8321113752849216,0.3399943175730779,-0.21610582500670616
2.4502045736387092,1.5168902243954445,1.4859864072045144,2.547934274463555,1.8321113752849216,0.34445183902802085,-0.2125380765746091
2.45174129964607,1.5339385992653636,1.476668785456687,2.547934274463555,1.8321113752849216,0.34193718252057986,-0.21455329772390297
2.453432785481807,1.551119574584236,1.4670675241866689,2.567779948973474,1.8791056248475113,0.32538929430974795,-0.22766816457607797
2.455231720374565,1.5676396988354853,1.456638239764175,2.567779948973474,1.8791056248475113,0.32434743630556423,-0.228486615635357
2.457004924477312,1.5825164419243372,1.4473132863425637,2.567779948973474,1.8791056248475113,0.3226850328423457,-0.22979104309190923
2.4592849688570517,1.6000428603618548,1.4358862182878764,2.589212693285242,1.9262580718407571,0.31039698446622155,-0.2393833299490422
2.4619292128408077,1.6186296107469413,1.4235108478956155,2.589212693285242,1.9262580718407571,0.3093007439695688,-0.24023546258745387
2.4642873322057426,1.633963867132179,1.413005320907417,2.589212693285242,1.9262580718407571,0.3079870471656337,-0.24125598023656725
2.4662878220879776,1.646188252559714,1.4045924050373189,2.589212693285242,1.9262580718407571,0.3064341352511859,-0.24246146333523877
2.4689168302855293,1.6613597510746914,1.3939989867025147,2.6121489774092885,1.9735603900840983,0.2992188523577302,-0.2480519371604315
2.471670355877242,1.6763050691979693,1.3833630277729785,2.6121489774092885,1.9735603900840983,0.2983609073757022,-0.24871570366973017
2.4745312594879927,1.6909457318563508,1.37224267758938,2.6121489774092885,1.9735603900840983,0.2976915729638486,-0.24923342695838302
2.477535784169902,1.7054832696216025,1.3608805295852706,2.636509667671283,2.021004691617004,0.29501482397482387,-0.25130290383455345
2.480692932986649,1.7199011555744743,1.3493774615163192,2.636509667671283,2.021004691617004,0.2958439029276831,-0.25066207180616296
2.4840045077333492,1.7342522038839476,1.3386442846064168,2.636509667671283,2.021004691617004,0.29521436849328536,-0.2511486788511599
2.4874702251390506,1.7485775250079385,1.3280036417242391,2.636509667671283,2.021004691617004,0.2937993640322655,-0.25224216139509636
2.491848567191436,1.765761669757815,1.3147154065164628,2.6622197953271227,2.0685835036347626,0.29551106858864873,-0.25091934999911947
2.494895762964024,1.777191209324501,1.3059240532312908,2.6622197953271227,2.0685835036347626,0.2955306363610823,-0.25090422486420216
2.498856990346921,1.7914809597123948,1.2949548061020646,2.6622197953271227,2.0685835036347626,0.29495709184406677,-0.25134752276957883
2.5029685400124304,1.8057080005475221,1.2839692673406327,2.6622197953271227,2.0685835036347626,0.2937461626072026,-0.2522832675106772
2.5072223171760175,1.8198445658546625,1.2729468952053058,2.6892083373560793,2.1162897466381736,0.29996119479926747,-0.24747746144278437
2.5116940147563387,1.8341357672001521,1.2620690175451041,2.6892083373560793,2.1162897466381736,0.2998161800363241,-0.2475896949372074
2.5163477762933795,1.8484655228895583,1.2512192419261914,2.6892083373560793,2.1162897466381736,0.2989282820419506,-0.24827676278795874
2.5211391272978876,1.8626908754724543,1.2403659698654,2.6892083373560793,2.1162897466381736,0.29738711337326057,-0.24946888969107017
2.526068741502831,1.876816894351407,1.2294410446543524,2.7174080087911463,2.1641167137332613,0.30789907541743206,-0.24132429481378415
2.531179826317974,1.8909665189837899,1.2193045367734736,2.7174080087911463,2.1641167137332613,0.3070248443474759,-0.24200301875483554
2.5366293720187283,1.905381249184348,1.2091536773873266,2.7174080087911463,2.1641167137332613,0.3054357817291439,-0.24323599049402334
2.546011472949557,1.9236802521798033,1.1962268416812902,2.7467550659793707,2.2120580510204784,0.3231992388880432,-0.2293877579851914
2.553740424851993,1.9388921628388083,1.1852721363648688,2.7467550659793707,2.2120580510204784,0.32794747910609906,-0.22565530198835537
2.5586871399298072,1.9509416492765492,1.1769767750718796,2.7467550659793707,2.2120580510204784,0.3270336606516966,-0.22637486398623907
2.566389523566855,1.9691906766996876,1.1654309118712611,2.7467550659793707,2.2120580510204784,0.32335360007617114,-0.22926666097890014
2.5715622809982026,1.9811121457159153,1.1574321420857723,2.777189120196902,2.260107739016055,0.3373471117860367,-0.21821523326493997
2.5796956730495086,1.9993656687763828,1.1457553819825634,2.777189120196902,2.260107739016055,0.3356508334146536,-0.2195634564978507
2.5867346993521743,2.014733667695083,1.136064572213759,2.777189120196902,2.260107739016055,0.33311013268000444,-0.22157806037157846
2.5938331663673004,2.0298345740074595,1.1264928614872933,2.8086529610737774,2.3082600750511872,0.34798894918644296,-0.20969179191229537
2.6011137482812323,2.044981430149921,1.119181217016911,2.8086529610737774,2.3082600750511872,0.3443150114768213,-0.2126479018145604
2.608688196707744,2.0604266311975685,1.1102360989365319,2.8086529610737774,2.3082600750511872,0.3414542337208177,-0.2149395739055413
2.616400046471549,2.0757814790244247,1.1008850045084497,2.8086529610737774,2.3082600750511872,0.3382103032643672,-0.21752813873926524
2.62415763541585,2.090874800828397,1.0913589021487498,2.841092389312136,2.356509656597591,0.35679122029502425,-0.20254304237666987
2.6306479856605467,2.1032374115767283,1.0836187348813047,2.841092389312136,2.356509656597591,0.3559218154234577,-0.20325362234140376
2.640945606854199,2.1224487484684786,1.0743597649242753,2.841092389312136,2.356509656597591,0.35016082765090994,-0.20793693923839462
2.647914949402459,2.1352415128803983,1.0690546869307767,2.8744560582087404,2.4048513654706873,0.36647202626339626,-0.1945557763946647
2.6581271966108506,2.153595189114842,1.0571326428387093,2.8744560582087404,2.4048513654706873,0.36634739469552646,-0.19465953862379948
2.6673041883580186,2.169687880644215,1.0487360769375562,2.8744560582087404,2.4048513654706873,0.3629666172622774,-0.19746456430248438
2.674700967088217,2.1824832565260692,-5.242029754692554,2.908695323518416,2.4532803528642435,0.3825106912088383,-0.18096418122984603
2.6861528121400635,2.201802501051123,-5.252411160632253,2.908695323518416,2.4532803528642435,0.38090651501628087,-0.18234689438410712
2.6961294055266194,2.218279863278047,-5.26083665570976,2.908695323518416,2.4532803528642435,0.3781363018792721,-0.18472160438710516
2.7060768411622824,2.2343998589958574,-5.268805206071474,2.943764101219416,2.5017920251727466,0.39653420396323086,-0.16861156939336208
2.716516663161281,2.2510398011047386,-5.276344903966387,2.943764101219416,2.5017920251727466,0.3942897716334858,-0.17062330564121397
2.727189458306327,2.26777497396756,-5.283680844928436,2.943764101219416,2.5017920251727466,0.39089657602905786,-0.17363826443251917
2.7378391208264894,2.2842031314940403,-5.291349649367889,2.979618732764815,2.5503820305601135,0.40902705034451625,-0.15712775413185276
2.748781767127438,2.300797334209518,-5.300130404094671,2.979618732764815,2.5503820305601135,0.40880644518633025,-0.15733516529117741
2.7598999906110198,2.317311500431538,-5.309774410773307,2.979618732764815,2.5503820305601135,0.4089305573541363,-0.15721849822218792
2.771348051878233,2.334018193013705,-5.315480455916773,2.979618732764815,2.5503820305601135,0.40399556598500447,-0.16181494665666896
2.7837248158051118,2.3495422938270103,-5.322595928859031,3.0162178574259335,2.5990462462355595,0.4275205111947093,-0.1390074153019043
2.799111455338066,2.363337760483139,-5.3308143259406755,3.0162178574259335,2.5990462462355595,0.4404388304470853,-0.12525366612827937
2.8143593600521726,2.378597709332251,-5.337904814579546,3.0535222913545192,2.6477807663995754,0.46089375883000017,-0.10055533191069954
2.827780566094976,2.397079902804464,-5.34253916593268,3.0535222913545192,2.6477807663995754,0.4593835111890396,-0.10254761668901824
2.8386841875637057,2.4119765558783435,-5.346068349062273,3.0535222913545192,2.6477807663995754,0.4576138410834008,-0.10484070505258059
2.8550350573501273,2.434101145363485,-5.351561725394347,3.091494913010067,2.6965818908250134,0.4657919081077031,-0.09384339919055984
2.8688720287606895,2.4526308163619195,-5.3561361259794245,3.091494913010067,2.6965818908250134,0.4644832260560064,-0.09567691394671185
2.882909395669193,2.4712532843421595,-5.361015006922793,3.091494913010067,2.6965818908250134,0.46287367800134277,-0.097890597190737
2.8969839908152277,2.48971757091277,-5.366087063446906,3.130100554617252,2.7454461140402966,0.4716123747562705,-0.08526954139617027
2.908394987520211,2.504555557543682,-5.368986339875249,3.130100554617252,2.7454461140402966,0.4703913269091327,-0.08713061672777123
2.92572361275122,2.5269402621044925,-5.373535306821593,3.1693058993360856,2.794370115083707,0.4764730817522282,-0.07746285331006098
2.9374102850212687,2.5419188804245554,-5.376334444196964,3.1693058993360856,2.794370115083707,0.47562594047302803,-0.07887410080967783
2.9550854251201937,2.564413477687964,-5.380441282464961,3.1693058993360856,2.794370115083707,0.4738562343686642,-0.0817501471090365
2.9698220645332913,2.583021946322484,-5.383998417989445,3.209079383844087,2.8433507477997035,0.4798888708729529,-0.07151354612973138
2.9847270250722815,2.6017075387797615,-5.387233881778332,3.209079383844087,2.8433507477997035,0.478870945877953,-0.07333321297211648
2.999811610001128,2.6205063152246506,-5.390146214699552,3.209079383844087,2.8433507477997035,0.4772868106376206,-0.0760846448545136
3.0147734584662,2.6390317629940494,-5.393420981352133,3.249391106045573,2.89238503165021,0.482881168811447,-0.0658944361478041
3.0299628920247663,2.6577155867855264,-5.396391776989917,3.249391106045573,2.89238503165021,0.4819235189374947,-0.06774028800124443
3.045246582738386,2.676407649957877,-5.399342652946769,3.2902127376381016,2.9414701430158927,0.4862393900854584,-0.05899391017073696
3.0606682575568023,2.6951560716483787,-5.4019986435879845,3.2902127376381016,2.9414701430158927,0.4855419507239581,-0.06048843684125338
3.0761686332874767,2.713903455194364,-5.404635625523211,3.2902127376381016,2.9414701430158927,0.48459720759003505,-0.062458630179591634
3.0916797329742813,2.732561337797616,-5.407352522715294,3.331517441280292,2.990603406964653,0.48851858359768763,-0.05383503472604689
3.1041636658090477,2.7475029735002376,-5.409264928779375,3.331517441280292,2.990603406964653,0.48801793834910817,-0.055007941747378886
3.1229968559200616,2.769959507200861,-5.411219390171602,3.331517441280292,2.990603406964653,0.48657552973406687,-0.058260568443445515
3.138753534664435,2.788254506339273,-5.413396505643629,3.3732797921185558,3.0397822894668884,0.49032306441425494,-0.049386010236467714
3.154918802688317,2.8054780556356445,-5.413568470704047,3.3732797921185558,3.0397822894668884,0.49048288125604533,-0.04897318875613954
3.1710473624684328,2.823113166557455,-5.414111801971649,3.4154757034429313,3.0890043900396096,0.49311153888738724,-0.04161832956333367
3.1869734935580976,2.841918289356018,-5.415997077099846,3.4154757034429313,3.0890043900396096,0.492748202917895,-0.04270835785521587
3.2029537512503143,2.8607195184015097,-5.4178656173797055,3.4154757034429313,3.0890043900396096,0.4922540172194863,-0.044148793952726306
3.2189477724531894,2.8794640885446867,-5.419782676043891,3.4580823562540717,3.138267434804214,0.4940985361735015,-0.0385055149416359
3.234991218799916,2.8981937494597734,-5.421385666160364,3.4580823562540717,3.138267434804214,0.4937190317323057,-0.039730654612684324
3.2510899535191644,2.916934537899909,-5.422775208822047,3.4580823562540717,3.138267434804214,0.49314380738902,-0.0415201715423813
3.263960223206963,2.9318715372622837,-5.424327911520233,3.5010781325345963,3.1875692699455893,0.4949065146023649,-0.03576045759782376
3.283364981207799,2.9543113243512504,-5.426310614038554,3.5010781325345963,3.1875692699455893,0.4945478534691614,-0.037003666407281144
3.2995875498420224,2.9730085793907666,-5.427920798843198,3.544442552028475,3.236907855563221,0.49580550962632386,-0.032439281067279335
3.3158659962841392,2.9917105139653124,-5.42938247984071,3.544442552028475,3.236907855563221,0.4955741853981265,-0.03332501725192516
3.3321825084214023,3.0104027412340866,-5.430845068674534,3.544442552028475,3.236907855563221,0.49526509430032645,-0.03447353286826482
3.3485121500230433,3.029052411162982,-5.432339955985584,3.5881562123418593,3.286281259907923,0.49639598222987974,-0.03006197787487097
3.364869040350272,3.0476752870801,-5.433642085280786,3.5881562123418593,3.286281259907923,0.4961727164367637,-0.030982043240097235
3.384532966630733,3.069996473911652,-5.435356280834292,3.6322007321878025,3.3356876540005924,0.49701978423669474,-0.027329674248192548
3.3976779550302245,3.0848758140897115,-5.436425190149397,3.6322007321878025,3.3356876540005924,0.496915522443165,-0.02780483799070188
3.4141581341501874,3.1034939425013794,-5.437632269510842,3.6322007321878025,3.3356876540005924,0.4967081283298401,-0.028726898134350143
3.4306556423413204,3.1220854393727153,-5.4388837443052465,3.676558697605689,3.385125306631657,0.49745730112624553,-0.025239371659298016
3.4471948913820434,3.1406787037741717,-5.440024225186399,3.676558697605689,3.385125306631657,0.49731555539072686,-0.025934868850281623
3.4637626661532126,3.1592618762296967,-5.441165822628123,3.676558697605689,3.385125306631657,0.4971265879173488,-0.026834291871742133
3.4836571229118967,3.181515612602464,-5.442530338448203,3.721213610993874,3.434592579741357,0.4977707586254714,-0.023629399139122875
3.5002434581131405,3.200018786694341,-5.443603121601989,3.721213610993874,3.434592579741357,0.497637708256001,-0.02432568413873648
3.5135345295802134,3.2148174759429624,-5.444536854558781,3.721213610993874,3.434592579741357,0.4975141900023915,-0.024954834965811967
3.5296964305264744,3.234626082102979,-5.445462009225572,3.7661498428010827,3.484087924181252,0.4973934524344507,-0.025554977510030774
3.5473313770031636,3.2631415783252304,-5.446037898111298,3.7661498428010827,3.484087924181252,0.49127461006834305,-0.046876225718580744
3.5594142854040394,3.280863104448751,-5.447130891935546,3.8113525857286783,3.533609875855892,0.49046674907556287,-0.04901501231510097
3.5758869449394073,3.2990605862110316,-5.449226482479293,3.8113525857286783,3.533609875855892,0.4898982865985768,-0.05046736854599576
3.5923947254145574,3.3172173668787996,-5.451418628305973,3.8113525857286783,3.533609875855892,0.48919361454603527,-0.052213533615730556
3.6089217046065265,3.33530867421946,-5.45363278796498,3.8568078113019704,3.583157052240083,0.4922355824279775,-0.04420164180444386
3.6254607158047127,3.3533286027832716,-5.455925891576166,3.8568078113019704,3.583157052240083,0.49191053619786795,-0.04512356601978518
3.6454784394658972,3.3750382325805415,-5.458309727968168,3.9025022286746434,3.632728149261122,0.49420203751942,-0.03816469995520855
3.66225039685762,3.3931610291969347,-5.4600873896071365,3.9025022286746434,3.632728149261122,0.4939137282178966,-0.03910682004164612
3.6790736670201936,3.411274331169462,-5.461797606571718,3.9025022286746434,3.632728149261122,0.4935047649183856,-0.040406295685654126
3.695914775782061,3.4293459519261527,-5.463564879372662,3.9484232455362287,3.68232193852664,0.49558474897597365,-0.03328507568912542
3.71281812588549,3.4474202512985785,-5.465110175794586,3.9484232455362287,3.68232193852664,0.4953508419404356,-0.03415872448314605
3.729769947559836,3.465492012301751,-5.466489130060036,3.9484232455362287,3.68232193852664,0.4949885436554615,-0.03547011071178108
3.7467140524572047,3.4835015433819114,-5.4678443311528895,3.9945589309987874,3.7319372648671956,0.4967041383039245,-0.0287443506176831
3.763702528814563,3.5015023415640085,-5.4694810004829275,3.9945589309987874,3.7319372648671956,0.4965964416607802,-0.02921152341966282
3.777375014348438,3.515957165908941,-5.470405277665145,3.9945589309987874,3.7319372648671956,0.49637446813934477,-0.030151843347787533
3.7978776013708844,3.537585569318879,-5.471998465697921,4.03826640135925,3.7815730441487765,0.49865355880541773,-0.01835724959807572
3.8150483930544334,3.5556509067049102,-5.4729128591963345,4.03826640135925,3.7815730441487765,0.4985801751469803,-0.018851443629107734
3.832258136838651,3.573728674150397,-5.473759986051969,4.082305027718576,3.8312282612945703,0.4996508475854759,-0.009344169942030245
3.849494294759017,3.591804859264907,-5.474201465305475,4.082305027718576,3.8312282612945703,0.4996327497290534,-0.009583354261981758
3.8667288344947712,3.6098654342388414,-5.474462603408067,4.082305027718576,3.8312282612945703,0.4995935992029031,-0.010081399958791981
3.8839787893737583,3.6279241201884966,-5.474910622016477,4.1240257901846515,3.88090196843872,0.49995524471612696,0.003345031881799576
3.9012283462877306,3.645972160910471,-5.4750156542309805,4.1240257901846515,3.88090196843872,0.4999444121241459,0.003727950208890274
3.9185009983927,3.6640547819379297,-5.474857798648717,4.16618224521534,3.930593283118738,0.4992469754440408,0.013724954752456053
3.928853701390545,3.674898248592724,-5.474599212108149,4.16618224521534,3.930593283118738,0.49921128097525963,0.014046689339638485
3.9513668824555124,3.7022903136951015,-5.47498915731304,4.16618224521534,3.930593283118738,0.4997671528728516,0.0076304049951883
3.967994989533347,3.7212016754392163,-5.475096974991135,4.206119862685109,3.980301386399484,0.4984861802826309,0.019466207800567847
3.9852834080192583,3.739298337974076,-5.474637334022511,4.206119862685109,3.980301386399484,0.4983237385729959,0.02048540824241818
4.002495583127861,3.7573364852596836,-5.473623706695294,4.206119862685109,3.980301386399484,0.4982150283113565,0.02114020238885117
4.019681531169298,3.7753850801027635,-5.472632905306648,4.246586977020591,4.030025520812124,0.4958242089391425,0.03236663817075258
4.033399944628858,3.789820690898149,-5.471805553687585,4.246586977020591,4.030025520812124,0.4955208823917308,0.03352584424039473
4.053851146021231,3.811404317012869,-5.470083881986564,4.975002120699406,4.975002150501728,0.46991624491851236,0.08784513290826501
4.073579867482836,3.832318911601739,-5.466442860025984,4.975002120699406,4.975002150501728,0.47118345095035813,0.08592742412999455
4.08639910561512,3.8460150725739934,-5.463336269360355,4.975002120699406,4.975002150501728,0.4724724777571483,0.08393631223661324
4.10249838538931,3.863329394397592,-5.45971391321867,4.975002120699406,4.975002150501728,0.47388529534970225,0.08170366508087801
4.118649515547708,3.880812619368691,-5.456579597440963,4.975002120699406,4.975002150501728,0.47496688943230886,0.07995620203271292
4.134683565512646,3.898284399713944,-5.452843563913975,4.975002120699406,4.975002150501728,0.476393981290182,0.07759562346045112
4.150700628491243,3.915867325925614,-5.449506565758618,4.975002120699406,4.975002150501728,0.4775592226056104,0.07561809449981394
4.166709202436744,3.933559757548818,-5.446175820653191,4.975002120699406,4.975002150501728,0.478697727246389,0.07363870163869923
4.182688474006963,3.9513419204338254,-5.442925209048917,4.975002120699406,4.975002150501728,0.47977044921273715,0.0717274452876644
4.1986523166618195,3.96922084880194,-5.439754851181419,4.975002120699406,4.975002150501728,0.4807773480575458,0.069889292583865
4.214589713477366,3.987182899902238,-5.436645329963226,4.975002120699406,4.975002150501728,0.4817316217637141,0.06810451025753084
4.230510662474176,4.005236689371148,-5.433614536215184,4.975002120699406,4.975002150501728,0.48262500802584146,0.0663929078708605
4.246403917133539,4.023365470254549,-5.430588976088939,4.975002120699406,4.975002150501728,0.4834964771124766,0.06468231364075239
4.262244430914143,4.041546592571239,-5.427485534788543,4.975002120699406,4.975002150501728,0.48438915772678337,0.06288463062125449
4.278080032400186,4.059829474856079,-5.424826242228378,4.975002120699406,4.975002150501728,0.4850478305968047,0.061526359825478494
4.293901593807436,4.078196286452852,-5.422125713903537,4.975002120699406,4.975002150501728,0.48571199294825784,0.060127317986794715
4.309697288562653,4.0966342964408895,-5.419481869095093,4.975002120699406,4.975002150501728,0.4863361382304949,0.05878373328004538
4.324893206280418,4.114714665424986,-5.4166313590449375,4.975002120699406,4.975002150501728,0.4871221289302966,0.05704887743081999
4.339023970243087,4.132119559563605,-5.413363500642191,4.975002120699406,4.975002150501728,0.48822408348367796,0.05452792121747185
4.353771161133176,4.1500978694393735,-5.410500658148014,4.975002120699406,4.975002150501728,0.4890409685775992,0.052584417120885796
4.369458889840482,4.16883749281367,-5.40810208911433,4.975002120699406,4.975002150501728,0.4895099229263839,0.05143680111185733
4.385090197341904,4.187603010446875,-5.405688889427974,4.975002120699406,4.975002150501728,0.48997462684673687,0.05027468616821351
4.400712819548712,4.20644659764816,-5.403540600666423,4.975002120699406,4.975002150501728,0.4903237746375536,0.04938418305172876
4.419433518238454,4.229136721413549,-5.400944989739371,4.975002120699406,4.975002150501728,0.4907360835315712,0.04831215671187672
4.4318896617617405,4.244299978521692,-5.399231463482831,4.975002120699406,4.975002150501728,0.4909963555191543,0.0476234080723279
4.44743670955537,4.263300444541479,-5.397126069629616,4.975002120699406,4.975002150501728,0.49129894768306015,0.046810322939021765
4.462959504443709,4.282351663653622,-5.395067095987297,4.975002120699406,4.975002150501728,0.49157395783619084,0.04605927462811876
4.478451192670202,4.301443723218055,-5.393037266419004,4.975002120699406,4.975002150501728,0.4918279210358888,0.045354979274071505
4.49390123854667,4.320562468728468,-5.391000553122051,4.975002120699406,4.975002150501728,0.4920737237063561,0.04466303484694745
4.509294481829005,4.339690454224115,-5.389034697831828,4.975002120699406,4.975002150501728,0.4922848061437066,0.04406039229580894
4.524684774810062,4.358891876823067,-5.387101925331705,4.975002120699406,4.975002150501728,0.49247228311617536,0.04351833050184273
4.540048062453056,4.3781355717019315,-5.385191711410351,4.975002120699406,4.975002150501728,0.49263993338680956,0.043027959514511105
4.555382570167364,4.397417307335269,-5.383299655399832,4.975002120699406,4.975002150501728,0.49278827191108543,0.04258948478163904
4.570688828392308,4.416737951772855,-5.381425747141912,4.975002120699406,4.975002150501728,0.49291662882523796,0.0422064878458186
4.585964766542671,4.436094240192011,-5.379570109990361,4.975002120699406,4.975002150501728,0.4930239302968116,0.0418836940954761
4.601206424018077,4.455480871512589,-5.377726907628744,4.975002120699406,4.975002150501728,0.49311098366548306,0.04162001652175906
4.616398268996908,4.474877840198841,-5.375897853357359,4.975002120699406,4.975002150501728,0.4931762542063125,0.041421241976062895
4.6315454513446355,4.494291654967423,-5.374073459337231,4.975002120699406,4.975002150501728,0.4932208942509546,0.041284757029236285
4.646679745731384,4.513760872500418,-5.37226329062178,4.975002120699406,4.975002150501728,0.49323754840369094,0.04123372463195585
4.664799346995369,4.5371654720842765,-5.370090604387387,4.975002120699406,4.975002150501728,0.4932233915441232,0.0412771086417798
4.6798630426263195,4.556702731845357,-5.368276624345123,4.975002120699406,4.975002150501728,0.4931798675829307,0.041410210588219476
4.6952073733129644,4.5760491973253705,-5.365964476265551,4.975002120699406,4.975002150501728,0.4930060082394026,0.04193777755967476
4.711026537236164,4.595073187640204,-5.362783825458531,4.975002120699406,4.975002150501728,0.4926021710141141,0.04313888729230486
4.726208870476246,4.614526497309127,-5.360477888239133,4.975002120699406,4.975002150501728,0.4923213133722178,0.04395534775549481
4.741038573952824,4.634151304119664,-5.358639128362318,4.975002120699406,4.975002150501728,0.49207008646272454,0.0446733498409555
4.755828019256727,4.653798528775089,-5.356659606382745,4.975002120699406,4.975002150501728,0.4917918319368406,0.04545570881008354
4.770580706044695,4.673477177594083,-5.3546697811081065,4.975002120699406,4.975002150501728,0.49142483846928103,0.04646798034897581
4.785285522675814,4.693173595275936,-5.352637761720081,4.975002120699406,4.975002150501728,0.4909578910091109,0.04772580201992427
4.799939409514961,4.712885531096134,-5.350548384868578,4.975002120699406,4.975002150501728,0.49036553403976907,0.04927663381361991
4.81453651071183,4.732608268718005,-5.348394768105942,4.975002120699406,4.975002150501728,0.48960799948851336,0.05119365505962992
4.829070147853248,4.75233729660624,-5.346144448273311,4.975002120699406,4.975002150501728,0.48863856387490795,0.05355028137365947
4.843536102818025,4.772072330257938,-5.343890231632424,4.975002120699406,4.975002150501728,0.48732821226404144,0.05658560038659344
4.857899010462898,4.791761225910377,-5.341526985883217,4.975002120699406,4.975002150501728,0.4855771844656692,0.060413779559022274
4.872162121911534,4.81141209480031,-5.338888261165707,4.975002120699406,4.975002150501728,0.48323963459561275,0.06519086257651918
4.886317219126381,4.8310237773062665,-5.336068030258454,4.975002120699406,4.975002150501728,0.4799047699228636,0.07148478308979755
4.90032443133605,4.850551781626461,-5.332984259598123,4.975002120699406,4.975002150501728,0.4749642031879005,0.07996058517692917
4.914136982522966,4.869939951348746,-5.329539737521631,4.975002120699406,4.975002150501728,0.467215012970134,0.09181304860021822
