1.9488150756651414,-0.1169692543719627,-5.509442598437138,1.975002075995922,-0.07499792474913569,0.31632540544444376,0.1190463180866177
1.951312048503672,-0.11445125201018236,-5.4907241445524715,1.975002075995922,-0.024997924004077632,0.05774315644490989,0.2540369944195453
1.954312333385932,-0.11157655232010377,-5.439811815083196,2.02500207674098,0.025002076740980428,0.3034910302305393,0.12426141001698832
1.9590212274198677,-0.10752280626243405,-5.404770986053744,2.075002077486038,0.07500207748603849,0.4400778411690795,0.06307677307076065
1.9630024450465235,-0.10314395638074103,-5.37754218441494,2.125002078231096,0.12500207823109655,0.4909808570532033,0.023845897319056508
1.9687960688598771,-0.09556186607382955,-5.356565802240054,2.175002078976154,0.1750020789761546,0.49980151178070975,-0.003522481237416719
1.977938136894137,-0.08312584474152196,-5.336321620895852,2.175002078976154,0.1750020789761546,0.4968489028021663,-0.014054919570533952
1.9906546816473902,-0.06524943468331657,-5.325541067219585,2.175002078976154,0.1750020789761546,0.4932119347688727,-0.020664913744149582
2.0049579308362286,-0.04477825585907702,-5.3266844487156275,2.175002078976154,0.22500207972121267,0.4893449875968763,0.025939050478329007
2.0189651195647773,-0.024689819438293625,-5.3267843933942105,2.2250020797212122,0.2750020804662707,0.49941365491751455,0.006055342736567493
2.033036122594174,-0.004628451268668954,-5.326077214552754,2.2250020797212122,0.2750020804662707,0.4994165162932233,0.006040541279970002
2.0415244270771336,0.007474548477615528,-5.328183860120841,2.2250020797212122,0.2750020804662707,0.49914290848325416,0.007322039943709058
2.059727095676818,0.03286688872157306,-5.343751562345223,2.2250020797212122,0.3250020812113288,0.4485469276665065,0.058188695642388044
2.0725443579394707,0.050256788367239125,-5.347203776738749,2.2250020797212122,0.3250020812113288,0.4383858399579098,0.06401884421832715
2.0855998505468065,0.06800705607552615,-5.344395646550188,2.2750020804662703,0.37500208195638685,0.4755206344000005,0.03958589259601353
2.0990594321659124,0.08646199449319525,-5.342291724343286,2.2750020804662703,0.37500208195638685,0.4736081575328154,0.04114250601924452
2.113105560424133,0.10570785437048791,-5.340329688370349,2.2750020804662703,0.37500208195638685,0.47085262018329394,0.043296898005674045
2.1269429171997256,0.12474155728405023,-5.3380397627371545,2.2750020804662703,0.4250020827014449,0.3994386570723946,0.08357287291003757
2.1399137878426977,0.14276339020105766,-5.336623541839482,2.2750020804662703,0.4250020827014449,0.3882413071854871,0.08868019334804811
2.151241618219734,0.15844093411977234,-5.331796360942414,2.2750020804662703,0.47500208344650297,0.30723839077807974,0.12274028828217554
2.1609500343285415,0.17218384288357136,-5.322335767513657,2.2750020804662703,0.47500208344650297,0.30357686868702527,0.12422657522723046
2.1693681720903903,0.18433738679322076,-5.317953348349457,2.2750020804662703,0.47500208344650297,0.29479693016145087,0.1277889152328302
2.177811986995753,0.19659243240094426,-5.312425392150575,2.3250020812113283,0.525002084191561,0.38728936610681286,0.08910716307238475
2.1878744023317207,0.21136043810190763,-5.30756969231685,2.3250020812113283,0.525002084191561,0.3824734413976042,0.09125174411070458
2.1986530159611437,0.2273653302935763,-5.30358887696308,2.3250020812113283,0.525002084191561,0.3748697257529341,0.09458956581706346
2.2090953751678164,0.24299812457413061,-5.299460685471706,2.3250020812113283,0.525002084191561,0.36642407954799056,0.09823681901147285
2.2192478380039162,0.25831626457156354,-5.29520481841608,2.3250020812113283,0.5750020849366191,0.2905127434436773,0.1295276748540013
2.2277935544405363,0.27131578144184054,-5.289842071376167,2.3250020812113283,0.5750020849366191,0.2818730630279286,0.1330385610961884
2.235299277231496,0.2829276466338495,-5.284385609295684,2.3250020812113283,0.5750020849366191,0.27421766759991517,0.13615798832234494
2.2482563847094266,0.2986521561199762,-5.277932757321802,2.3750020819563864,0.6250020856816771,0.36874137304255966,0.09724182491961031
2.2626350745867043,0.31599662765212955,-5.279160838041743,2.3750020819563864,0.6250020856816771,0.3418687665119895,0.10856882956195824
2.2729942696591454,0.3310595238692926,-5.287850152657695,2.3750020819563864,0.6250020856816771,0.31365489320127354,0.12013296182856914
2.2822020792350646,0.3452138681648904,-5.285643409345331,2.3750020819563864,0.6750020864267352,0.24459815140981542,0.14837394280396543
2.2894274959275975,0.35649907904936207,-5.278636838865929,2.3750020819563864,0.6750020864267352,0.23898548381072507,0.15072728582257922
2.2956706920772803,0.3664433988453677,-5.271509361822883,2.3750020819563864,0.6750020864267352,0.23470206963841495,0.15253407922261375
2.301895070248621,0.37648553199276336,-5.264892336151043,2.3750020819563864,0.6750020864267352,0.22911191875999057,0.15490750308566992
2.3078918984627546,0.3862757681994182,-5.258120738319668,2.3750020819563864,0.7250020871717933,0.1875088323850657,0.17330288238675728
2.3129561323844854,0.39467609218936417,-5.250683892858302,2.3750020819563864,0.7250020871717933,0.1849061640194725,0.1745083655492221
2.3176305085480333,0.4025773658237739,-5.243092506053586,2.3750020819563864,0.7250020871717933,0.1828432906765916,0.17546945801428016
2.3222448052513407,0.4105026079692706,-5.235378023606775,2.3750020819563864,0.7250020871717933,0.1805910473938102,0.17652464376185284
2.3267332721490543,0.41835369607340844,1.0555094667795943,2.3750020819563864,0.7250020871717933,0.17815242527902575,0.17767427067849084
2.3310927276134326,0.42611894433668773,1.063285964500602,2.3750020819563864,0.7250020871717933,0.17562068809231707,0.1788758929469303
2.33533561950437,0.43381514053479364,1.0711293301367049,2.3750020819563864,0.7750020879168513,0.15376297090114122,0.18963950443359878
2.3392885876515503,0.44110092362434195,1.079891622111809,2.3750020819563864,0.7750020879168513,0.1533617309165946,0.18984441176348543
2.3421363514050686,0.4464996540275159,1.0866630110565896,2.3750020819563864,0.7750020879168513,0.15329905137010016,0.18987644769419787
2.34624706795506,0.4544048441286268,1.0955380355948918,2.3750020819563864,0.7750020879168513,0.15199387328125424,0.1905451683049808
2.3504905493047463,0.4627822500599752,1.1067265604856185,2.3750020819563864,0.7750020879168513,0.15207124916329423,0.19050543645478535
2.3538262075326184,0.4695206643848113,1.1147520362477021,2.3750020819563864,0.7750020879168513,0.1510295564618461,0.19104127277638572
2.357120992277304,0.47630334284378506,1.123187090118823,2.3750020819563864,0.8250020886619094,0.1422669586895589,0.19563263320774849
2.360206588887742,0.4828040254095516,1.131627721345822,2.3750020819563864,0.8250020886619094,0.14264237315194542,0.19543270391934064
2.3625830702574504,0.4879192369997636,1.1385315284342519,2.3750020819563864,0.8250020886619094,0.14311278899233834,0.19518260430182854
2.366129612037609,0.4957113067320158,1.1487204744538255,2.3750020819563864,0.8250020886619094,0.14338518093044048,0.195037999402508
2.369019052550515,0.5022253077451388,1.1572700745866313,2.3750020819563864,0.8250020886619094,0.14351751067530333,0.19496780582540252
2.371859187518508,0.5087768786683409,1.1658072126481769,2.3750020819563864,0.8250020886619094,0.1434645449103412,0.1949958968012142
2.374650471722081,0.5153679272501428,1.1742882898200646,2.3750020819563864,0.8250020886619094,0.14317289747188136,0.19515068100890876
2.377376286260855,0.5219596864192564,1.182821354912549,2.3750020819563864,0.8250020886619094,0.14277752084907808,0.19536080369886566
2.3795099610687664,0.5272335799317709,1.189669763298733,2.3750020819563864,0.8750020894069674,0.14433896087663473,0.19453289232671067
2.3826521240788754,0.5351928660810046,1.1999917417151444,2.3750020819563864,0.8750020894069674,0.1450449623507553,0.19416022237981867
2.3852258967468583,0.541891200663617,1.2086465409182447,2.3750020819563864,0.8750020894069674,0.1454848201460761,0.19392855730101588
2.3877557445233624,0.548658275843934,1.217217160286617,2.3750020819563864,0.8750020894069674,0.14566076499056155,0.19383600104703413
2.3902450854530635,0.5554867715859118,1.2256532677524345,2.3750020819563864,0.8750020894069674,0.14550175589508013,0.1939196454602461
2.3926718225893566,0.5623215069916174,1.2341429164499362,2.3750020819563864,0.8750020894069674,0.14523640276753436,0.19405934551823978
2.3950272996003346,0.5691446261047073,1.242689983705704,2.3750020819563864,0.8750020894069674,0.14488812848250945,0.19424291988426035
2.397325720909718,0.5759867032565342,1.2511850843285055,2.3750020819563864,0.9250020901520255,0.15417927452863678,0.18942721217311909
2.3995979991584555,0.5829603526533962,1.2591309677038998,2.3750020819563864,0.9250020901520255,0.15421246741220918,0.18941029904430984
2.4018440230370395,0.5900078395183321,1.2659945687638583,2.3750020819563864,0.9250020901520255,0.1529791085367165,0.19004008420556273
2.4040684314127283,0.5971624272318259,1.273737918800421,2.3750020819563864,0.9250020901520255,0.15229257696639475,0.19039184776404183
2.4062818051236405,0.6045206642684153,1.2824689059700118,2.3750020819563864,0.9250020901520255,0.15216664336241842,0.19045646762808288
2.408397681617352,0.611765140464529,1.2906643621771425,2.3750020819563864,0.9250020901520255,0.15148807643698683,0.1908051648973601
2.410454009396277,0.6190293159173219,1.2990205939111776,2.3750020819563864,0.9250020901520255,0.15075644132272403,0.19118209710260814
2.41244045564164,0.6262765083467059,1.3073808275537344,2.3750020819563864,0.9250020901520255,0.14985711143293665,0.1916468109335383
2.4143539895290758,0.633496527913886,1.3157596889809917,2.3750020819563864,0.9750020908970836,0.1674727690558513,0.1828025961535249
2.4163716696782096,0.6413867902181103,1.323850917923591,2.3750020819563864,0.9750020908970836,0.16692022110185864,0.18307234598150823
2.418387290266484,0.6494968602572833,1.3318413082054417,2.3750020819563864,0.9750020908970836,0.1657944971444712,0.18362333938010633
2.4203078798119737,0.6575302434713208,1.3398774463493899,2.3750020819563864,0.9750020908970836,0.16460448869820302,0.18420790116790386
2.422157452339219,0.6655378463547539,1.3479354737791729,2.3750020819563864,0.9750020908970836,0.16322842052003034,0.18488660270943602
2.423926958048348,0.6734935272912708,1.3560255429764847,2.3750020819563864,0.9750020908970836,0.1617078143333346,0.18564007995991094
2.4256162250349522,0.681388498911609,1.3641489478041546,2.3750020819563864,1.0250020916421416,0.18462511016790886,0.17463901181685082
2.427412042890481,0.6901406854921603,1.3718975140682472,2.3750020819563864,1.0250020916421416,0.18331770873219738,0.1752479775392577
2.4292084116734465,0.6991965601304866,1.3795944119214345,2.3750020819563864,1.0250020916421416,0.18133247166413805,0.17617659603742308
2.430886825336744,0.7080601621116465,1.3872541935699219,2.3750020819563864,1.0250020916421416,0.17926727824491914,0.17714776739193216
2.433717343666789,0.7184925005440626,1.3927342527886981,2.3750020819563864,1.0250020916421416,0.16989094013580525,0.1816273731047071
2.4381218350103513,0.7344593112735005,1.4015030958225636,2.3750020819563864,1.0750020923871997,0.18497083178943982,0.17447831822428816
2.439547276113842,0.743025136570898,1.4077586198964942,2.3750020819563864,1.0750020923871997,0.18236644501590055,0.17569234533492528
2.4409642477854554,0.7517443437442797,1.4140516256751787,2.3750020819563864,1.0750020923871997,0.17930563319300907,0.1771296819438053
2.442085058063647,0.7590310751050726,1.421117752383939,2.3750020819563864,1.0750020923871997,0.178439792872472,0.17753840575330693
2.4436281373859394,0.7696410542116894,1.4299611929974327,2.3750020819563864,1.0750020923871997,0.17535934523070412,0.17900041362156793
2.4448211000564015,0.7783052238106372,1.4379627601525684,2.3750020819563864,1.0750020923871997,0.17328414880819587,0.1799924402519233
2.4459266752754605,0.7868532023587562,1.4459523671483097,2.3750020819563864,1.1250020931322577,0.2074705142739631,0.16429271174006121
2.446791945544728,0.7940428104213986,1.4545263136721769,2.3750020819563864,1.1250020931322577,0.2093622720573544,0.1634580959702443
2.448080564975177,0.8057481163319622,1.4659860708816164,2.3750020819563864,1.1250020931322577,0.20940424196174046,0.16343961345895552
2.4491571726741714,0.8163082593727484,1.4725389787622782,2.3750020819563864,1.1250020931322577,0.2048123286214663,0.16547064470596462
2.45013903106355,0.8265183232560336,1.4798019429389018,2.3750020819563864,1.1250020931322577,0.20090275401661511,0.16721456691581338
2.4510106905122964,0.8365287120071088,1.48711996193159,2.3750020819563864,1.1750020938773158,0.23805014869054733,0.1511209908743143
2.4518988905420613,0.8475246163934536,1.4940436368708279,2.3750020819563864,1.1750020938773158,0.2347919709495267,0.15249605590318893
2.45276521382827,0.8593742555972153,1.50083230063311,2.3750020819563864,1.1750020938773158,0.2300290491697384,0.15451685298992723
2.4535498399470352,0.8709875893798156,1.5074395182532185,2.3750020819563864,1.1750020938773158,0.22470056376113834,0.15679383122216795
2.4542288361197944,0.8823098744447861,1.5143725399046633,2.3750020819563864,1.1750020938773158,0.21952168831660882,0.15902473311760867
2.454815591383319,0.893336735856888,1.5214812589595517,2.3750020819563864,1.2250020946223739,0.2605162443008881,0.1417732842390682
2.455371087401687,0.9047879079887036,1.5233033184406384,2.3750020819563864,1.2250020946223739,0.25112377098958133,0.14565595154544453
2.4561588323958308,0.9221397877266249,1.530076731749464,2.3750020819563864,1.2250020946223739,0.2404208827954509,0.15012396274439155
2.4565180281246395,0.9318866488292628,1.535292404330877,2.3750020819563864,1.2250020946223739,0.23552939915901228,0.15218433259016595
2.4568952290382366,0.9436278538202245,1.5419035472255416,2.3750020819563864,1.275002095367432,0.2776445503645447,0.13476034987922803
2.4572359339553174,0.9569607794663284,1.5480162239977218,2.3750020819563864,1.275002095367432,0.272073921819341,0.137033497649522
2.457501229540874,0.9707991370361579,1.5535702251583028,2.3750020819563864,1.275002095367432,0.2645876884910095,0.14009940259283216
2.457693869815335,0.9839870072409749,1.5599489282653987,2.3750020819563864,1.275002095367432,0.25786569491246264,0.1428658057268022
2.457782875311679,0.9967579818438814,1.5668682723496488,2.3750020819563864,1.32500209611249,0.30208934967738493,0.12483019575817944
2.457778280725451,1.0099739609899423,1.5763888024849102,2.3750020819563864,1.32500209611249,0.30161884007148676,0.1250211080946526
2.457636040986227,1.0242838124006308,1.5850865428644276,2.3750020819563864,1.32500209611249,0.29855968792966114,0.12626227159913062
2.457373368901525,1.0394326176638629,1.5902657988539681,2.3750020819563864,1.375002096857548,0.33799680776699664,0.11017022569991353
2.4570323914362966,1.0555041470267064,1.594031509570965,2.3750020819563864,1.375002096857548,0.32978133365405476,0.11355013746100906
2.456594356586649,1.0724076109411538,1.6001358959831122,2.3750020819563864,1.375002096857548,0.32260047982403706,0.11648819483188233
2.4560842257961895,1.0883892565224738,1.6043812112823597,2.4250020827014445,1.425002097602606,0.486500343659275,0.02923765273854717
2.4557512255149394,1.098884245439347,1.603375371764486,2.4250020827014445,1.425002097602606,0.48513029679961367,0.030706072039334176
2.454698002238743,1.1303282598833224,1.592621876483552,2.4250020827014445,1.4750020983476642,0.4838226129288207,0.032048419442775034
2.4520051763791315,1.1586654039907476,1.5947010810589397,2.4250020827014445,1.4750020983476642,0.4852163736734812,0.030615773703132287
2.449739177661673,1.185693788108816,1.5973695965559234,2.4250020827014445,1.5250020990927222,0.491533828675052,0.023097118251067972
2.4490693528036793,1.2096930366318759,1.6006923390907126,2.4250020827014445,1.5250020990927222,0.4915036591675834,0.0231385746178423
2.4481458864149754,1.2389829573072149,1.6024804103318988,2.4250020827014445,1.5750020998377803,0.4945293291642301,0.018539752289357336
2.4473678395025136,1.2636559257083526,1.603312476688635,2.4250020827014445,1.5750020998377803,0.49389220521592875,0.019595652121708662
2.446559811502139,1.2882830831394863,1.6038834548857308,2.4250020827014445,1.6250021005828383,0.4962079297358123,0.015423033768576788
2.445727515662826,1.313061928821348,1.6046171278273187,2.4250020827014445,1.6250021005828383,0.4957870998629561,0.0162596188956885
2.444876519925252,1.3378597620976418,1.6053015169569316,2.4250020827014445,1.6750021013278964,0.4976288127277874,0.012187576340179529
2.4440065094523575,1.362711350248107,1.6058730633960756,2.4250020827014445,1.6750021013278964,0.4973643486880193,0.012850903491331334
2.443124825518117,1.3876133794727021,1.6063174121649029,2.4250020827014445,1.7250021020729545,0.4986851930211473,0.009070785923826818
2.4422365848472207,1.4125408923852643,1.6067052491899554,2.4250020827014445,1.7250021020729545,0.4985287609460339,0.00959595423560633
2.441340553868926,1.4374549786763442,1.607218590728479,2.4250020827014445,1.7750021028180125,0.4994297353377007,0.005971686038577895
2.44043021316047,1.462401965809537,1.6075087743972643,2.4250020827014445,1.7750021028180125,0.4993651878821324,0.0063007868241091725
2.4395111225485895,1.4873519358353153,1.607739096416013,2.4250020827014445,1.8250021035630706,0.4998559516322182,0.0030007109248788577
2.438582177195215,1.5123307755050632,1.6078850471148032,2.4250020827014445,1.8250021035630706,0.4998404332329141,0.003158234997854059
2.437649919231884,1.5373222975878171,1.6080073500435617,2.4250020827014445,1.8750021043081286,0.49999979462251826,0.00011329649216262894
2.436714792760723,1.5623177984262462,1.6080332855451303,2.4250020827014445,1.8750021043081286,0.49999983334673537,0.00010205797717333098
2.4339617211995552,1.586603151234577,1.6078074758466359,2.4250020827014445,1.9250021050531867,0.4995557654366287,-0.005270340328331291
2.4283189678634916,1.6097273395970397,1.6072544935802757,2.4250020827014445,1.9250021050531867,0.49731612265500724,-0.012968241737021158
2.424886503449679,1.633681013161091,1.606654704686625,2.4250020827014445,1.9750021057982448,0.4947864796699055,-0.018096524725461305
2.4240021775158755,1.6584804584883326,1.6060862907909694,2.4250020827014445,1.9750021057982448,0.4941215286645715,-0.019222129767784812
2.4231428046621897,1.6831678748722467,1.6051647102618163,2.4250020827014445,2.025002106543303,0.4937014749218347,-0.019901097915762
2.422299572710463,1.707861966294944,1.604286073507319,2.4250020827014445,2.025002106543303,0.4929898953844023,-0.021002431788434417
2.4214807114109185,1.7325332078991291,1.603370936050595,2.4250020827014445,2.075002107288361,0.4927069733841181,-0.02142499916483709
2.4206864027837067,1.7571730841824245,1.6024456964453253,2.4250020827014445,2.075002107288361,0.4918845984554883,-0.022609724336712267
2.419919870379106,1.781773584872564,1.601522521052533,2.4250020827014445,2.125002108033419,0.4917756683702841,-0.022762163932221635
2.41918074785705,1.806347907171153,1.6006005528646063,2.4250020827014445,2.125002108033419,0.4908417448478961,-0.024030720671464056
2.4184652882909443,1.8309111381657832,1.5995854782229888,2.4250020827014445,2.175002108778477,0.4909496108175131,-0.02388753096302798
2.4176378145133164,1.8603478434130416,1.598245561201201,2.4250020827014445,2.175002108778477,0.4897636386345131,-0.02541916291400692
2.4171042585820945,1.8799818155599937,1.5973975143214396,2.4250020827014445,2.225002109523535,0.4902990601140385,-0.02473899517816458
2.4164620385590663,1.9044989155869363,1.5962880280541374,2.4250020827014445,2.225002109523535,0.4892466973497339,-0.02605966642850943
2.4158472801945727,1.9289879684174203,1.5951368744793715,2.4750020834465025,2.275002110268593,0.37039182852475866,-0.09653059602066005
2.4153309806175827,1.9523008800254917,1.5852757487576015,2.4750020834465025,2.275002110268593,0.36617433008146894,-0.09834381249595348
2.4151870644033746,1.9727879721510728,1.5726892406055666,2.4750020834465025,2.275002110268593,0.36621502924039445,-0.0983263800164279
2.4151970982687345,1.99028011462463,1.570282519935649,2.5250020841915606,2.325002111013651,0.22438611242863638,-0.15692877016246476
2.415145463237101,2.0063507209623044,1.5766419009910664,2.5250020841915606,2.325002111013651,0.20064172565624452,-0.16733150412615005
2.415023982478841,2.0209382566639444,1.5879158601819086,2.5250020841915606,2.325002111013651,0.1730579078813157,-0.18010094758962603
2.4147596079563503,2.034382555555002,1.599101220259066,2.5250020841915606,2.325002111013651,0.14728407180722375,-0.1929850073971462
2.4145374258412833,2.0447630678779696,1.600961401174724,2.5250020841915606,2.325002111013651,0.1340522908083551,-0.2000859927953833
2.4145578252532314,2.049079162275536,1.5813086546469648,2.5750020849366186,2.3750021117587092,0.08672126974827116,-0.22980264346957358
2.4145584050011966,2.053396248349136,1.5693097024920324,2.5750020849366186,2.3750021117587092,0.09114672532515602,-0.22662937321041599
2.4145819889126763,2.0581141597601054,1.5600524299060625,2.5750020849366186,2.3750021117587092,0.09344516507473874,-0.22502230130805534
2.4146628434846384,2.062653059965001,1.549625011972695,2.5750020849366186,2.3750021117587092,0.09676755452570643,-0.22274547668436062
2.41481623590213,2.0685392172997137,1.5381575044482039,2.5750020849366186,2.3750021117587092,0.09966533023583232,-0.2208017204424052
2.4149618891473086,2.0725023353164005,1.5303034689898614,2.5750020849366186,2.3750021117587092,0.10173254054584555,-0.2194377652848487
2.415244204049257,2.0786052941155244,1.5187680077125478,2.5750020849366186,2.3750021117587092,0.10451794693008822,-0.21762834536269637
2.4155403429143174,2.083835094742982,1.5092033741352626,2.5750020849366186,2.3750021117587092,0.10665949901084007,-0.2162583897365563
2.415818876646595,2.0880974814749127,1.5016082048679864,2.5750020849366186,2.3750021117587092,0.10824196350812154,-0.21525745944064245
2.4162179904025134,2.0935027006231675,1.4921576661946114,2.5750020849366186,2.3750021117587092,0.1100826302261165,-0.21410496778386867
2.416773057588582,2.1000890560471515,1.4808967508199375,2.5750020849366186,2.3750021117587092,0.11207371960885244,-0.21287206857395635
2.417191943030204,2.104551506262011,1.4734536787050139,2.5750020849366186,2.3750021117587092,0.1132355172916337,-0.2121590937225375
2.417770644720971,2.1101859775978777,1.4642018269165356,2.5750020849366186,2.3750021117587092,0.11453176709077709,-0.2113690476497323
2.418415262793385,2.1158292403377583,1.4551651812177273,2.5750020849366186,2.3750021117587092,0.11559876437602068,-0.21072294503023026
2.41909286653906,2.1214820322191486,1.4463442520275884,2.6250020856816767,2.4250021125037673,0.08436151413069184,-0.23154009072455406
2.419904522469791,2.1277144837746143,1.4340050012018764,2.6250020856816767,2.4250021125037673,0.08726854859564284,-0.2294043297175764
2.420497314872197,2.1317903127786586,1.424700403799591,2.6250020856816767,2.4250021125037673,0.09003537218847396,-0.2274162537252553
2.4211788518637665,2.136319022006445,1.4144677590980663,2.6250020856816767,2.4250021125037673,0.09306042735076188,-0.22528944237733828
2.4216258545827145,2.1390644660240135,1.4085919548104449,2.6250020856816767,2.4250021125037673,0.09471134187236477,-0.22414831052026196
2.4225677826789074,2.144618111368924,1.3967707524769324,2.6250020856816767,2.4250021125037673,0.09802157874494534,-0.22189964199565593
2.423612860635915,2.1503526451011243,1.3850609458138095,2.6250020856816767,2.4250021125037673,0.10112779999341417,-0.21983487685126712
2.4245669825484484,2.1552933120307447,1.3754092830830071,2.6250020856816767,2.4250021125037673,0.10349491825395697,-0.21828921513401933
2.425599283220576,2.160379817387769,1.3658501362246167,2.6250020856816767,2.4250021125037673,0.10564294749890034,-0.21690643683351762
2.42670289463692,2.1655620261558255,1.356348980237872,2.6250020856816767,2.4250021125037673,0.10762975688063121,-0.21564356366921467
2.4278771534310035,2.1708320335800373,1.3469030744419035,2.6250020856816767,2.4250021125037673,0.1094485426768352,-0.21450058397532124
2.4291219961339596,2.1761818265461184,1.3375073681956606,2.6250020856816767,2.4250021125037673,0.11109635693863154,-0.213475501127956
2.429902945975307,2.179427157007023,1.3318910122197467,2.6250020856816767,2.4250021125037673,0.11200245028117063,-0.2129159575833841
2.4318123185136127,2.1870518629257827,1.31882707127372,2.6250020856816767,2.4250021125037673,0.11392512988237873,-0.211738078023886
2.433262466046129,2.1925793691131723,1.3095479337046227,2.6250020856816767,2.4250021125037673,0.11506721766985231,-0.21104434341263334
2.4347812669918962,2.1981600787111013,1.3003013362415115,2.6750020864267348,2.4750021132488254,0.10314429737202188,-0.2185166926602744
2.4362282500600596,2.203298792557863,1.2907987069274627,2.6750020864267348,2.4750021132488254,0.10551818858732358,-0.2169862476418709
2.4377079564664506,2.208341394548203,1.2812997992259938,2.6750020864267348,2.4750021132488254,0.10798490072167474,-0.215419411379827
2.4392816457497393,2.2135432153806995,1.2718268932796066,2.6750020864267348,2.4750021132488254,0.11026141449415422,-0.2139936850873878
2.440932602610399,2.21881471062113,1.2624604330030733,2.6750020864267348,2.4750021132488254,0.1123668504462556,-0.2126917390562525
2.4426659015042542,2.22417288449795,1.253150811447928,2.6750020864267348,2.4750021132488254,0.11430493840939229,-0.21150688779644644
2.4444758674778964,2.2295940548258066,1.2438769683552249,2.6750020864267348,2.4750021132488254,0.11610217179597403,-0.21041941533080444
2.4463596126402845,2.235068866452009,1.2348074180494053,2.6750020864267348,2.4750021132488254,0.11761834961463295,-0.20951018346014927
2.4483038012615594,2.2405506563930775,1.2260005312511775,2.6750020864267348,2.4750021132488254,0.11884449688308199,-0.20878021305371264
2.450255500419347,2.2459238926676655,1.2178958734947196,2.6750020864267348,2.4750021132488254,0.11952103010699391,-0.20837945070462904
2.4522913284983723,2.2513909230354017,1.209421606319557,2.6750020864267348,2.4750021132488254,0.12028881184243499,-0.20792633436771224
2.4545034077944,2.257151028045195,1.1998761278317454,2.6750020864267348,2.4750021132488254,0.1215014657049784,-0.2072142972386387
2.4571837200877216,2.2639268694383503,1.1891036889708693,2.6750020864267348,2.4750021132488254,0.12239583014082099,-0.2066919511732307
2.4590313877008683,2.268482025230087,1.1818641039955782,2.725002087171793,2.5250021139938834,0.12644203664437337,-0.204357517353281
2.4614552489541364,2.2743144806796174,1.1729056740261652,2.725002087171793,2.5250021139938834,0.12816263059684888,-0.20337857901296852
2.463968405499225,2.280217769089706,1.1640084357496454,2.725002087171793,2.5250021139938834,0.12967792034298944,-0.2025229810791891
2.4665697050584345,2.2861783898011634,1.1551398602805756,2.725002087171793,2.5250021139938834,0.13101942767607067,-0.2017704906925034
2.4692544513693626,2.292185154740073,1.146322566894267,2.725002087171793,2.5250021139938834,0.1321634907091329,-0.20113237233764714
2.472015161468141,2.2982190444234067,1.1375231243986696,2.725002087171793,2.5250021139938834,0.13314585697963444,-0.2005870539743233
2.474851029797719,2.304276303831287,1.128755049286295,2.725002087171793,2.5250021139938834,0.1339463520483532,-0.20014445055621133
2.477760485105648,2.3103522017628713,1.1200312194935462,2.725002087171793,2.5250021139938834,0.1345458284077185,-0.19981401331333049
2.4807394928093434,2.3164372312325323,1.1113491047771313,2.725002087171793,2.5250021139938834,0.13494426363639217,-0.19959487090664396
2.483787997723166,2.3225308026695792,1.1027460751240827,2.725002087171793,2.5250021139938834,0.13509614558303137,-0.19951143477839473
2.4869094132884424,2.328649822477418,1.0943390913617264,2.725002087171793,2.5250021139938834,0.13485407326686633,-0.19964444296082084
2.49012154249181,2.3348098485825926,1.0862872580695782,2.725002087171793,2.5250021139938834,0.1340601718381807,-0.20008164507545712
2.493369317077331,2.34093281183708,1.0782694523195162,2.775002087916851,2.5750021147389415,0.15289991649967374,-0.19008061628843365
2.496772090101098,2.3471886567665,1.068462573854988,2.775002087916851,2.5750021147389415,0.1552412708022139,-0.188887059066854
2.500621613583778,2.3541189048810107,1.060761476006439,2.775002087916851,2.5750021147389415,0.1546736720697204,-0.18917550096742208
2.504496241197165,2.3610146512735763,1.0521792512165062,2.775002087916851,2.5750021147389415,0.15472393534218076,-0.18914993506641353
2.5083201870698186,2.367637569112409,-5.239043274328281,2.775002087916851,2.5750021147389415,0.15442467739554427,-0.1893022161625748
2.512139635381068,2.374157789129475,-5.2464687109788555,2.775002087916851,2.5750021147389415,0.1534351254885418,-0.18980690839823822
2.5160925441179103,2.3807777846585676,-5.2548057674953625,2.775002087916851,2.5750021147389415,0.1529633973918845,-0.19004812457376552
2.520121126513498,2.3873935875970513,-5.263330716246948,2.775002087916851,2.5750021147389415,0.15243789399984736,-0.19031731816389763
2.524142860221307,2.393878934792097,-5.27157110786121,2.775002087916851,2.5750021147389415,0.15156057322711752,-0.19076786982889993
2.528213622879104,2.400322277678491,-5.27990916375965,2.775002087916851,2.5750021147389415,0.1505708742000671,-0.19127786006622594
2.5323105244980386,2.40668901119731,-5.288269745416593,2.825002088661909,2.6250021154839995,0.1834173581645574,-0.17520149086560266
2.5371427386894734,2.4140649192391113,-5.296095009007886,2.825002088661909,2.6250021154839995,0.18274626637280414,-0.1755147868589666
2.542027661487861,2.420768255580777,-5.304640913657799,2.825002088661909,2.6250021154839995,0.18412373909756244,-0.17487230231898643
2.546760714993356,2.4264975277233916,-5.313989610975631,2.825002088661909,2.6250021154839995,0.1881647048645482,-0.1730003199162462
2.550855220508682,2.4318518175930777,-5.3208078597148925,2.825002088661909,2.6250021154839995,0.18912534754212695,-0.1725580318768587
2.5584969036158345,2.4427008941409785,-5.3313858857308185,2.825002088661909,2.6250021154839995,0.1857030328317145,-0.1741384479005249
2.5628640757647805,2.4487938658947233,-5.337466447791711,2.825002088661909,2.6250021154839995,0.18358164688491638,-0.17512487575903168
2.5693981953012024,2.457762587117287,-5.346653589324895,2.825002088661909,2.6250021154839995,0.18022133990322484,-0.17669845109031512
2.573728658082576,2.4636132302214993,-5.352831534331361,2.875002089406967,2.6750021162290576,0.22206407615372756,-0.15792725585732514
2.5798072916454604,2.4717061317996425,-5.359944508309549,2.875002089406967,2.6750021162290576,0.22022306923758356,-0.15872151436063242
2.586700501667517,2.48074462033353,-5.367460458045464,2.875002089406967,2.6750021162290576,0.21724110572684618,-0.16001310998170648
2.593394389469129,2.4894131839513296,-5.3743498457749,2.875002089406967,2.6750021162290576,0.2135115505640826,-0.16163778697442222
2.5998441699388906,2.497631964503759,-5.38044579245336,2.875002089406967,2.6750021162290576,0.2090465293206017,-0.16359718823429825
2.60640954396926,2.5058984272459917,-5.387263637045563,2.875002089406967,2.6750021162290576,0.20479615068667772,-0.16547783264606797
2.6130290624163877,2.5140865498199894,-5.3948016424985346,2.875002089406967,2.6750021162290576,0.2009500787292449,-0.1671933729275371
2.620851134827289,2.523647192614785,-5.402367509639575,2.875002089406967,2.7250021169741157,0.350400761050257,-0.10501691480385911
2.6268651772933964,2.5308006616265413,-5.4139580384476,2.875002089406967,2.7250021169741157,0.357049387582356,-0.10222305697973366
2.6354155754419786,2.540757278553892,-5.438584058009438,2.875002089406967,2.7250021169741157,0.3756693197527615,-0.09424113260458677
2.646411856402489,2.552907275397075,-5.451311000724675,2.925002090152025,2.7750021177191737,0.4086154018732549,-0.07925198370239483
2.659779693604797,2.5674852789025877,-5.455072468048569,2.925002090152025,2.7750021177191737,0.4030123404455651,-0.08190616410888374
2.676335664614644,2.585442067947305,-5.459432219145669,2.925002090152025,2.7750021177191737,0.394166264852166,-0.08599814310004927
2.689790468164489,2.599926028626802,-5.463064349810347,2.975002090897083,2.8250021184642318,0.41559357353967524,-0.0758679722815564
2.7008733050641673,2.6117878852817995,-5.465122313171715,2.975002090897083,2.8250021184642318,0.41050297242552075,-0.07834566467792459
2.7178010980275946,2.6297884695360487,-5.4686620574729154,2.975002090897083,2.8250021184642318,0.4018333242821168,-0.0824581857057537
2.728758870752147,2.641392189204515,-5.470587811791545,2.975002090897083,2.8250021184642318,0.3947448587421992,-0.08573384747764023
2.7424600569600663,2.6557935754780253,-5.474618956827087,3.025002091642141,2.87500211920929,0.4189053913051145,-0.07422782167873498
2.7563978686150623,2.6703312254991367,-5.479333186645238,3.025002091642141,2.87500211920929,0.4148848381784038,-0.07621598468249491
2.770947853558882,2.6853633407892357,-5.482423023663975,3.025002091642141,2.87500211920929,0.40788753612599565,-0.07959977399628482
2.7852663578553365,2.7001013854044302,-5.485964214006617,3.0750020923871992,2.925002119954348,0.43015192611838343,-0.0684651370090481
2.800141097272105,2.7152712196370725,-5.489046840919562,3.0750020923871992,2.925002119954348,0.4251827029185455,-0.0710508945638384
2.815213378373514,2.730578539619163,-5.492276301695539,3.0750020923871992,2.925002119954348,0.4191951521851318,-0.07408319197576774
2.829997211717263,2.745480152158283,-5.495377800041919,3.0750020923871992,2.925002119954348,0.4121076697818139,-0.0775700252024466
2.8445978914758197,2.7601174847723424,-5.498278942880689,3.1250020931322573,2.975002120699406,0.43583203995921166,-0.06542149031087152
2.862776690293563,2.778188450787205,-5.501999409534652,3.1250020931322573,2.975002120699406,0.4299752487350242,-0.06855824338668548
2.875197747265421,2.790482551832568,-5.5037654023406795,3.1250020931322573,2.975002120699406,0.42433199247541453,-0.07148702074648161
2.890624128470508,2.8056813471708484,-5.505480375294555,3.1750020938773154,3.025002121444464,0.44494679975445006,-0.06030403667018269
2.909501283087055,2.824245543324773,-5.508015562227696,3.1750020938773154,3.025002121444464,0.4388028656949746,-0.06378762299242213
2.922149153810535,2.836606890191831,-5.510179975937502,3.1750020938773154,3.025002121444464,0.43433466059152637,-0.06623367972545224
2.937532582608233,2.8514869923601545,-5.512579295237975,3.2250020946223734,3.075002122189522,0.4540926026820711,-0.05480478131932476
2.9562364898339624,2.8694294906306332,-5.514301354298336,3.2250020946223734,3.075002122189522,0.44903066657895313,-0.057899843490131775
2.969241822261788,2.88195802288363,-5.516732791577441,3.2250020946223734,3.075002122189522,0.44568303668101383,-0.05987620509459035
2.98532358264967,2.8974005165768677,-5.519001965455241,3.2750020953674315,3.12500212293458,0.46286255700068013,-0.04907074565436553
3.005110297291063,2.9163086442157233,-5.521808917600278,3.2750020953674315,3.12500212293458,0.45919268540155106,-0.05153500002317468
3.018620796718926,2.9291575835722643,-5.522763405624771,3.2750020953674315,3.12500212293458,0.4553785474715068,-0.053995747862168986
3.0389107043272814,2.9484548846914826,-5.5230219610894435,3.3250020961124895,3.175002123679638,0.46835746149991825,-0.04516890091418202
3.052323057822952,2.961182548831788,-5.525203068207595,3.3250020961124895,3.175002123679638,0.46658431932646494,-0.046458917547345324
3.06935602578221,2.9772723408401607,-5.527112489775536,3.3250020961124895,3.175002123679638,0.4632177508842672,-0.048826663155414285
3.08628729400285,2.993219542216245,-5.529283686818825,3.3250020961124895,3.175002123679638,0.4592560923573474,-0.05149326823901146
3.1064708777947745,3.0121256979510225,-5.531963628855837,3.3750020968575476,3.2250021244246962,0.4744814005416963,-0.040438440899661754
3.12367135327184,3.0281573076089945,-5.533603263009416,3.3750020968575476,3.2250021244246962,0.4718146944269509,-0.042555743765013476
3.1410391093948506,3.0442875008338675,-5.535434690439164,3.4250020976026057,3.2750021251697543,0.48315783817759,-0.03271098156033103
3.155057885652308,3.057261984999837,-5.537064458801201,3.4250020976026057,3.2750021251697543,0.48217524370753023,-0.0336679740893463
3.1727447203498516,3.073585159210369,-5.538900467164659,3.4250020976026057,3.2750021251697543,0.4805173373428649,-0.035227786703380004
3.1939082283158076,3.093016900093299,-5.541359777354837,3.4750020983476637,3.3250021259148124,0.4893610151512925,-0.025919331399529955
3.2082759849670213,3.106176581245199,-5.5423119420790465,3.4750020983476637,3.3250021259148124,0.4885515238199872,-0.0268979470665639
3.226378165264835,3.122723553701749,-5.543697529730497,3.4750020983476637,3.3250021259148124,0.4873867230067652,-0.02824922783003958
3.2444876080995266,3.1392207660687266,-5.545305694797746,3.5250020990927218,3.3750021266598704,0.4939811739572086,-0.01945157160508526
3.262732471458694,3.155786437737465,-5.546231525633485,3.5250020990927218,3.3750021266598704,0.4934057155298271,-0.020365902261095026
3.281044377863803,3.1723845209084693,-5.54708132806576,3.5250020990927218,3.3750021266598704,0.4926536300619885,-0.02150376713076707
3.299328594717699,3.1889261141570513,-5.5479931890215655,3.57500209983778,3.4250021274049285,0.4970888797355933,-0.013507573765967562
3.3213258935299868,3.208786456658145,-5.549322236532349,3.57500209983778,3.4250021274049285,0.4968697470470346,-0.014008215736561414
3.336119110018,3.222128290377557,-5.549681918597147,3.57500209983778,3.4250021274049285,0.49654538923470765,-0.014718397710154596
3.3545757751907352,3.2387600164349903,-5.550401326499571,3.625002100582838,3.4750021281499865,0.49913023237124254,-0.007376031403859895
3.373069714570917,3.2554002433828426,-5.550731155226879,3.625002100582838,3.4750021281499865,0.4990382729362588,-0.007756507587163175
3.396005259548902,3.273463844232632,-5.550448241650358,3.625002100582838,3.4750021281499865,0.4995135598117831,-0.0055151331414733384
3.4117064410174507,3.2845969048258317,-5.55028635972812,3.675002101327896,3.5250021288950446,0.4997991971014043,0.0035429644231603774
3.434405185070288,3.3036031683452585,-5.550019347071783,3.675002101327896,3.5250021288950446,0.49954210347408257,0.005350803556241068
3.452981797248057,3.320333654614646,-5.54975107345042,3.675002101327896,3.5250021288950446,0.4994876857068508,0.005659980076217819
3.467829566070103,3.333715747678406,-5.549555352137698,3.725002102072954,3.5750021296401027,0.4984171246151655,0.009953898289668084
3.490052304738783,3.3537615814814874,-5.549182441173942,3.725002102072954,3.5750021296401027,0.49817956397120833,0.010675964545841854
3.504848883325505,3.3671225025785017,-5.548836225727402,3.725002102072954,3.5750021296401027,0.4980001012277571,0.011190793530692522
3.5233390376385305,3.383827166262714,-5.548386490029522,3.725002102072954,3.6250021303851607,0.4278316117475726,0.06968087850835714
3.54057442360614,3.399386207791488,-5.547521983628396,3.775002102818012,3.675002131130219,0.436484766833261,0.0650651200761172
3.559585501247769,3.4166928342197043,-5.543494891690259,3.775002102818012,3.675002131130219,0.4312248450012059,0.06789777570482047
3.5724845710191264,3.428486661172573,-5.540626457986898,3.775002102818012,3.675002131130219,0.42694736044465037,0.0701402798624644
3.5883924588817377,3.4431204592735867,-5.5368244124665065,3.775002102818012,3.725002131875277,0.3158002498737846,0.11926009008553473
3.6026268296401573,3.456410167383484,-5.527985968939948,3.775002102818012,3.725002131875277,0.30929772373020586,0.12190394026945284
3.6134081263478945,3.466563610344423,-5.5248918607245265,3.775002102818012,3.725002131875277,0.2987663032493177,0.12617844639540166
3.6243418376325023,3.4769562359018504,-5.519480215560162,3.775002102818012,3.725002131875277,0.28961950616863025,0.1298903331387815
3.6349207390758043,3.487164292269278,-5.513900258077176,3.775002102818012,3.725002131875277,0.27997688530829845,0.13381031119364772
3.6450372885881883,3.4970171486585437,-5.508021346799959,3.775002102818012,3.725002131875277,0.27001330456132294,0.1378760144958533
3.6548497961383823,3.506694979653722,-5.502417604982949,3.775002102818012,3.725002131875277,0.25882464638786384,0.14247026946363528
3.6643723714330116,3.51618060691286,-5.497455981724566,3.775002102818012,3.725002131875277,0.2458574588731879,0.14784797832661178
3.6736880058670414,3.5255247655104798,-5.493765652885621,3.775002102818012,3.725002131875277,0.23014155223416935,0.15446896749751882
3.6818794806842785,3.533821643902561,-5.486974875534254,3.775002102818012,3.725002131875277,0.21890754486415515,0.15929052535487953
3.689519153525972,3.54170894255389,-5.479783429617686,3.775002102818012,3.725002131875277,0.20811154001163518,0.1640095626478113
3.6983673830552446,3.5509414368649246,-5.470875173667508,3.775002102818012,3.725002131875277,0.19428094660352893,0.17020145288941024
3.7038090892363797,3.5567141204989507,-5.464825419019169,3.775002102818012,3.725002131875277,0.18532472117427506,0.17431397317611452
3.7102302945806027,3.563624133980823,-5.457135430907607,3.775002102818012,3.725002131875277,0.17418101713409115,0.17956298431026307
3.716401947039631,3.570387333268237,-5.447741276788579,3.775002102818012,3.725002131875277,0.16420915188042778,0.1844025850214892
3.7230442379694715,3.577798825297325,-5.438488821971883,3.775002102818012,3.725002131875277,0.1510770380071705,0.19101680455902037
3.727126562774978,3.5824229973623813,-5.431737907768783,3.775002102818012,3.725002131875277,0.14315160087086118,0.1951619906470765
3.731893353471399,3.587916530673402,-5.423340055072423,3.775002102818012,3.725002131875277,0.13350318252234386,0.20038929075852163
3.737187099405297,3.594127361880634,-5.4129166988318085,3.775002102818012,3.725002131875277,0.12254238302629165,0.2066065820539218
3.7403909630170817,3.5979542958152066,-5.405744385850342,3.775002102818012,3.725002131875277,0.11597250610429335,0.21049751825742136
3.744132709224721,3.6025011273692877,-5.396603930456357,3.775002102818012,3.725002131875277,0.10823751332752544,0.21526026099199447
3.747561086605457,3.6067456269538134,-5.387225731845124,3.775002102818012,3.725002131875277,0.10122886588751576,0.21976840227440042
3.751389190225905,3.6115857510875697,-5.37576609953928,3.775002102818012,3.725002131875277,0.09328599877432243,0.22513272803815498
3.753710423893711,3.6145793525136822,-5.367938557810169,3.775002102818012,3.725002131875277,0.08861531209424814,0.22843135090358047
3.7564237836445002,3.6181450799816997,-5.3579965292538025,3.775002102818012,3.725002131875277,0.08319949818613422,0.23240796358515725
3.758956023320711,3.6215408182742106,-5.347896455605397,3.775002102818012,3.725002131875277,0.07816213114826331,0.2362704982299757
3.7617473224383113,3.625374108814044,-5.335550418146921,3.775002102818012,3.725002131875277,0.07273197522072271,0.2406347241784188
