4.97221925517707,4.879399677799813,1.1479107636920645,4.925002119954348,4.825002148266554,3.061437353168437e-29,0.9933254081711267
4.972032622123828,4.879022264790886,1.1748175853332465,4.925002119954348,4.808335481351532,2.840135406887519e-31,0.9945414179745438
4.971988069439941,4.87886359841547,1.2183809303487056,4.925002119954348,4.780557703159832,2.6179850479856997e-33,0.9955077510412487
4.9719253336640525,4.878688269617294,1.2706581488697348,4.908335453039326,4.74537251745034,3.157198908908247e-32,0.9950217164976503
4.971880585813223,4.878554595864621,1.3055012226860023,4.880557674847625,4.705249060062257,1.0872948713077072e-30,0.9942213025492619
4.971839510927447,4.878398017005413,1.349018037778386,4.845372489138134,4.661833421554755,6.001926319261156e-29,0.9931255290248988
4.971805659421487,4.878240843168631,1.3924871269155017,4.8052490317500505,4.616222995632627,2.2595961085985327e-27,0.9919189697879671
4.971781214919962,4.878091376448272,1.435872879725482,4.8052490317500505,4.616222995632627,1.517983083456081e-26,0.9911863047981095
4.971769162350547,4.877974533244422,1.479088472165729,4.8052490317500505,4.616222995632627,9.811515661879544e-26,0.9903912202229097
4.971774651511415,4.877996475625705,1.5216666061215862,4.8052490317500505,4.616222995632627,5.942882412171291e-25,0.9895420681111153
4.971808067142675,4.878515572462963,1.562088375769774,4.8052490317500505,4.616222995632627,3.0968254224126798e-24,0.9886846385916876
4.97096106249354,4.880721628617184,1.6030988829617776,4.8052490317500505,4.616222995632627,1.300185590664225e-23,0.987870828188298
4.968789776932071,4.884843578160885,1.64691493228379,4.8052490317500505,4.616222995632627,4.5707301806618324e-23,0.9870998623042131
4.967732214475062,4.88662700328312,1.6899607077232308,4.8052490317500505,4.616222995632627,2.0274356147428043e-22,0.9861092346696689
4.96775451384446,4.886452015522551,1.7330051787137117,4.8052490317500505,4.616222995632627,1.1183072049837315e-21,0.9848594493444729
4.967817068388416,4.8861335892542614,1.7753884049684783,4.8052490317500505,4.616222995632627,5.9131892190320284e-21,0.9835085160690733
4.9678966005603185,4.885761508431245,1.817687433602897,4.8052490317500505,4.616222995632627,3.0410566706284e-20,0.9820363166865402
4.967921928669542,4.885677654153562,1.8609277028708442,4.8052490317500505,4.616222995632627,1.5362513646186412e-19,0.9804215258723101
4.967969145642719,4.885501371019026,1.903806044495182,4.8052490317500505,4.616222995632627,7.488868147904752e-19,0.9786694903241144
4.968016585287043,4.885347223969453,1.9466675547860912,4.8052490317500505,4.616222995632627,3.536197663039878e-18,0.976764911506222
4.968069670414567,4.885202452514059,1.9894324229499687,4.8052490317500505,4.616222995632627,1.615110218890341e-17,0.9746972701169196
4.9681369304183916,4.885048710386978,2.032101915754826,4.8052490317500505,4.616222995632627,7.15008578742688e-17,0.9724504687374995
4.968209239368057,4.884902887905828,2.0746750484937793,4.8052490317500505,4.616222995632627,3.062819428636425e-16,0.9700128265278798
4.968287124060834,4.884762967097116,2.1171409637665306,4.8052490317500505,4.616222995632627,1.269494586396771e-15,0.9673695852395272
4.9683701402413565,4.884630840907246,2.159481556727271,4.8052490317500505,4.616222995632627,5.088819991348424e-15,0.9645062014198373
4.968453769123225,4.884511130620316,2.2017020098266715,4.8052490317500505,4.616222995632627,1.9723716132057957e-14,0.9614069902429314
4.968542375290973,4.88440109788282,2.2603798199042946,4.8052490317500505,4.616222995632627,1.2288303597351392e-13,0.9566695767395335
4.968088932289983,4.887481722185172,2.3023442132876513,4.8052490317500505,4.616222995632627,3.6086500858829323e-13,0.9535393164455457
4.967062250944554,4.8918935199583,2.3414322579748563,4.8052490317500505,4.616222995632627,8.591638395018543e-13,0.950811017155885
4.9664011219460615,4.893379557163624,2.3718638941738153,4.8052490317500505,4.616222995632627,1.853750120815558e-12,0.948222506648658
4.966334711558876,4.893444642659658,2.4210000812072354,4.8052490317500505,4.616222995632627,7.508049602292969e-12,0.9430592093903969
4.966607724831536,4.893222020516684,2.461841260018097,4.8052490317500505,4.616222995632627,2.4189488894759153e-11,0.9382324791237424
4.966729755596275,4.89312640112822,2.5029735612559025,4.8052490317500505,4.616222995632627,7.513304707251192e-11,0.9330514879751866
4.966853115338733,4.893045152909289,2.5438610417574536,4.8052490317500505,4.616222995632627,2.2542265489098284e-10,0.9274890633308175
4.967165441910229,4.892845402100682,2.5837108171902265,4.8052490317500505,4.616222995632627,6.523536758933838e-10,0.9215348568427999
4.967284754215424,4.892773967430607,2.6242666252130467,4.8052490317500505,4.616222995632627,1.8370173714788713e-09,0.9151158304476636
4.967420839611719,4.8926959284846365,2.664447115731048,4.8052490317500505,4.616222995632627,4.9968615876294475e-09,0.908252765989354
4.967567347396853,4.892617935464522,2.7042400979884773,4.8052490317500505,4.616222995632627,1.3124957404075274e-08,0.9009312652690531
4.967698702219517,4.89254684546143,2.7438195868463433,4.8052490317500505,4.616222995632627,3.338562368497517e-08,0.893111918795652
4.967837808999528,4.892482505848192,2.7829523491830868,4.8052490317500505,4.616222995632627,8.196702195829298e-08,0.8848076581109481
4.967985113732932,4.892425820033731,2.821787569661658,4.8052490317500505,4.616222995632627,1.9503060408899247e-07,0.8759674754803237
4.968133135469008,4.892368599907028,2.860241911550176,4.8052490317500505,4.616222995632627,4.4911385200893035e-07,0.8665911320123296
4.968289827524809,4.892310203630176,2.898177322105863,4.8052490317500505,4.616222995632627,9.992583299747696e-07,0.8566916347749252
4.96601695688575,4.889488519993305,2.9407113243920144,4.8052490317500505,4.616222995632627,2.2790337359096933e-06,0.8454241358352097
4.963671821857418,4.886470270721785,2.9729908246215886,4.8052490317500505,4.616222995632627,4.159905062931464e-06,0.8364324300839476
4.963951078413851,4.886419874999253,3.002825674397019,4.8052490317500505,4.616222995632627,7.475396448470181e-06,0.826975493368755
4.96403947752976,4.886407759621445,3.0389193132879795,4.8052490317500505,4.616222995632627,1.468130865923593e-05,0.8151319343147458
4.964057765050277,4.886528657275954,3.0750243342504264,4.8052490317500505,4.616222995632627,2.8032591627039353e-05,0.8027063630621663
4.9637042248221555,4.8865565593453235,3.1081577911415113,4.8052490317500505,4.616222995632627,4.908353828010303e-05,0.790985947581381
4.963237894810524,4.8865684135687,3.1409183455193697,4.8052490317500505,4.616222995632627,8.361204973183113e-05,0.778914065564897
4.963507948334882,4.8865789784586635,3.175540962981457,4.8052490317500505,4.616222995632627,0.0001492891695268417,0.7646236848945278
4.963753313020821,4.886589861428888,3.209087863455587,4.8052490317500505,4.616222995632627,0.00025666590090383867,0.7500409007853035
4.963747962296775,4.886591603502257,3.24244918307577,4.8052490317500505,4.616222995632627,0.00042752067814263517,0.735086589194089
4.963716107645982,4.8865820919040335,3.282017421316215,4.8052490317500505,4.616222995632627,0.0007646016519051663,0.7163995681819757
4.963670386761584,4.886577787514409,3.3077279004992484,4.8052490317500505,4.616222995632627,0.001099619354694093,0.703712496677037
4.963708856898916,4.886591448887357,3.3386991299291693,4.8052490317500505,4.616222995632627,0.0016851086427751548,0.6876912547006084
4.963840553972727,4.886617667866804,3.3687878165056637,4.8052490317500505,4.616222995632627,0.0025215167833942467,0.671326152403442
4.963825146330563,4.886617566717624,3.3985647153608,4.8052490317500505,4.616222995632627,0.0036863945713415617,0.6546645890131315
4.963791764154549,4.886602913846519,3.427471946995276,4.8052490317500505,4.616222995632627,0.005256596285829192,0.6378732022496958
4.963673301408422,4.8865581164857925,3.4557142182491107,4.8052490317500505,4.616222995632627,0.007323799018020794,0.6209754896464257
4.963464273802077,4.886483250325518,3.483177592655196,4.8052490317500505,4.616222995632627,0.009966987663624924,0.6041029507571509
4.963147486589974,4.886366166848273,3.509879787564414,4.8052490317500505,4.616222995632627,0.013264427659548156,0.5873202744909916
4.9626600022063005,4.886169830174156,3.5357048266659237,4.8052490317500505,4.616222995632627,0.017242671854194782,0.5708414054098556
4.962037552275497,4.885897642551394,3.560973010304675,4.8052490317500505,4.616222995632627,0.022015498032398783,0.5544516012451604
4.961224342004917,4.885516169885789,3.5855309653841383,4.8052490317500505,4.616222995632627,0.027566949464092317,0.5383796589464589
4.959766740077015,4.882669816312618,3.6111489120409512,4.8052490317500505,4.616222995632627,0.03526927195966484,0.5195451328915814
4.957949183912948,4.879108752654395,3.636430467229007,4.8052490317500505,4.616222995632627,0.0445663522152954,0.5003181973163653
4.956175715984524,4.877726810513571,3.6590499114964725,4.8052490317500505,4.616222995632627,0.052896151974119406,0.4852979219049265
4.954108873504185,4.876521197280975,3.6806133551342897,4.761833393242549,4.569149378094216,0.08363121577846572,0.4404453030105724
4.951202767320436,4.874758368846339,3.7008892289739244,4.761833393242549,4.569149378094216,0.0942142965782941,0.4274396875822801
4.947427170274216,4.872330813989887,3.7197639332673647,4.761833393242549,4.569149378094216,0.10379019332886125,0.4163897602249258
4.943329752533784,4.869599947599048,3.73816488341618,4.761833393242549,4.569149378094216,0.11327665384615654,0.40599764676121364
4.938886944921658,4.866518924227024,3.7561087739164924,4.761833393242549,4.569149378094216,0.12254024519137638,0.39629892328632743
4.934194882138096,4.863144510887136,3.7737106088893815,4.761833393242549,4.569149378094216,0.1316566461086918,0.38712451527697156
4.92903656151769,4.859292606642109,3.790752687559538,4.761833393242549,4.569149378094216,0.14005120781760821,0.3789577565452342
4.9225627630314674,4.8542698899931755,3.810930906573153,4.761833393242549,4.569149378094216,0.1498137348834051,0.36975480624428814
4.9180833017555,4.850681149209985,3.8235631109724135,4.761833393242549,4.569149378094216,0.15544363698538352,0.3645754198683875
4.912488423164906,4.846072021376728,3.837775816602851,4.761833393242549,4.569149378094216,0.16100198635240834,0.35954456914412547
4.906864689133161,4.841296718563879,3.852140731951734,4.761833393242549,4.569149378094216,0.16662613651354705,0.35453125073276115
4.900630971769765,4.835854845875561,3.8681852227534548,4.761833393242549,4.569149378094216,0.1728727621468232,0.3490466231034921
4.893099478101181,4.829024144166473,3.8865538807677957,4.71622296732042,4.521100299456722,0.23820717401280123,0.2953700984443821
4.886794183191803,4.823158792746159,3.897473485102262,4.71622296732042,4.521100299456722,0.24237276131824204,0.29209892075011257
4.87802744464736,4.814767043223416,3.910262075389593,4.71622296732042,4.521100299456722,0.24509326837465994,0.28996831710009596
4.8693352310364535,4.806242154436197,3.9229904941291904,4.71622296732042,4.521100299456722,0.24734001637106573,0.2882119165288941
4.860666371933211,4.797548232678233,3.935618661895177,4.71622296732042,4.521100299456722,0.2489004233159795,0.28699365272391675
4.852040680333364,4.788660333144917,3.9482049796995766,4.71622296732042,4.521100299456722,0.24987074444211368,0.28623671561950537
4.8434971180176545,4.779637256867609,3.9607555671978933,4.66914934978201,4.472400913358108,0.3208641514946455,0.23121778699474804
4.833297941873334,4.768606024010928,3.9715580996507525,4.66914934978201,4.472400913358108,0.3216926431889738,0.2305688830558681
4.822419980258556,4.756569227880849,3.981655512109301,4.66914934978201,4.472400913358108,0.32011959787606675,0.23180059025191246
4.812241101260997,4.745094251793342,3.9898323124889754,4.66914934978201,4.472400913358108,0.31621601661280935,0.23485089634217116
4.802189282838193,4.733425727454966,3.9942277392274925,4.621100271144516,4.423267988796457,0.3749302834752875,0.1874501775052404
4.793800764565346,4.723721614017156,4.009689946294304,4.621100271144516,4.423267988796457,0.3847041635073743,0.17906417816929987
4.7834066057810585,4.7112147375969995,4.0295603167363865,4.621100271144516,4.423267988796457,0.3972730301662475,0.16794617159149916
4.77104557585923,4.695826552944918,4.037032442686482,4.621100271144516,4.423267988796457,0.39418383742676216,0.17071790564251388
4.758762903409355,4.680399324569614,4.044523598142194,4.5724008850459015,4.37384603824329,0.44418559319323014,0.12104121178462135
4.745485647594671,4.663444261996308,4.05037856171257,4.5724008850459015,4.37384603824329,0.4427371625722847,0.12268327971886728
4.731833900279434,4.645836742390196,4.0559085438802525,4.5724008850459015,4.37384603824329,0.44010429487532665,0.1256243362808842
4.718514643460108,4.62845554030365,4.061055721831762,4.523267960484251,4.3242314029901765,0.4745837068391249,0.08057923957527646
4.705748862222457,4.611708282346211,4.060155394854618,4.523267960484251,4.3242314029901765,0.4708568696632117,0.08642530771199008
4.687531597856566,4.59199686200741,4.061184485702938,4.523267960484251,4.3242314029901765,0.46085676619841665,0.10060453741784237
4.670324662817375,4.57325492163316,4.065983714524969,4.4905126768461034,4.2744883099805575,0.4580743235905828,0.10424817269511544
4.6566604363525785,4.555045136905109,4.071019477000692,4.4905126768461034,4.2744883099805575,0.4564729383043955,0.1062966586934948
4.643031294107994,4.536702420975377,4.075640332866386,4.4905126768461034,4.2744883099805575,0.4539278582495228,0.10948536443929524
4.629568571650729,4.518411645832686,4.080405788697416,4.468675819784691,4.224659576319848,0.4359553638781294,0.13015263213433026
4.619173215703778,4.504155547532378,4.0848358814185035,4.468675819784691,4.224659576319848,0.43345533843985595,0.132823468338243
4.604007549327695,4.483106072100372,4.091467546806936,4.437451245569545,4.174773745626024,0.4406777556476305,0.12498840499071595
4.591533679990091,4.465605976310312,4.094995131031052,4.437451245569545,4.174773745626024,0.4365954196846483,0.12946207378070018
4.578969444964867,4.447808301083358,4.10052124177375,4.437451245569545,4.174773745626024,0.43339794080191496,0.13288430641449578
4.566527562141147,4.429953591728693,4.10594346166663,4.39996819110522,4.124849845691597,0.45643581005087713,0.10634375530296847
4.554124697729536,4.411925228071745,4.113615767309297,4.39996819110522,4.124849845691597,0.45703723386318396,0.10557866823363304
4.543869163799561,4.396833498777817,4.117381822973291,4.39996819110522,4.124849845691597,0.45516499893373125,0.10794527226473782
4.528568337278015,4.3741016408363125,4.122991944899464,4.3583128132094044,4.074900560446653,0.4796559907164108,0.07193362316332119
4.515448778744582,4.354397495520014,4.126440402209119,4.3583128132094044,4.074900560446653,0.47869364928542235,0.07364587937783384
4.502154972731142,4.334304803896517,4.130129102883772,4.313875881809023,4.024934344858668,0.49497033634114945,0.03553475799948136
4.4887637377998475,4.313940964916049,4.13125250662098,4.313875881809023,4.024934344858668,0.49456844559572255,0.03693340129930367
4.475145240869027,4.29315548407895,4.133193325801232,4.313875881809023,4.024934344858668,0.4943011120967834,0.037835642402525016
4.461670918614431,4.272486326125411,4.134920966212898,4.267584575594986,3.974956835135069,0.4999988297020385,-0.0005409018170708935
4.4484005647296225,4.252049518591393,4.13762475618143,4.267584575594986,3.974956835135069,0.49995377853778616,-0.0033993838657867537
4.434863473520352,4.231140614366906,4.137837833688042,4.267584575594986,3.974956835135069,0.4999390008538259,-0.003905196766903374
4.421256029308397,4.21014010598368,4.137742993580102,4.220057012722366,3.9249717890628206,0.49370645256844203,-0.03977063045502571
4.404038177430771,4.185561151467681,4.136827911320577,4.220057012722366,3.9249717890628206,0.493893111130974,-0.039173340591138084
4.386703500579339,4.166810090326291,4.135199318125959,4.171705271558969,3.874981712972625,0.4868301473012018,-0.05769916187162294
4.370108867947838,4.14792491923252,4.133172320840205,4.171705271558969,3.874981712972625,0.4903569997703685,-0.04929863184920669
4.3566942884412745,4.127457200730229,4.130963210008672,4.171705271558969,3.874981712972625,0.4897387613182175,-0.05086773343759754
4.345903263238991,4.111068988666037,4.129191294612271,4.122804071410879,3.8249882796185397,0.4755686366703987,-0.07896872705461833
4.3300135053163045,4.087056461129706,4.1257806940419615,4.122804071410879,3.8249882796185397,0.4735543782327179,-0.08223154143676248
4.316868523190819,4.067353899154447,4.122279792572035,4.122804071410879,3.8249882796185397,0.47187811668951346,-0.0848596404166877
4.3036671005707205,4.047731363991608,4.118617468272034,4.0735365597752375,3.7749926065148727,0.456161836721827,-0.10669074193920192
4.290747484493086,4.028683625675505,4.114181238237835,4.0735365597752375,3.7749926065148727,0.45396755115414666,-0.10943623408846237
4.277974630672093,4.010036966610704,4.108882333744238,4.0735365597752375,3.7749926065148727,0.45196563543338025,-0.11189161908299028
4.265118162210035,3.9914966235291693,4.103544553625638,4.024024837112615,3.724995441151044,0.43988309994510544,-0.12586895258695285
4.2523518185229126,3.973277610994174,4.097943042565998,4.024024837112615,3.724995441151044,0.4375793044163552,-0.1283949781369489
4.239654976765176,3.955378602067876,4.092164003507813,4.024024837112615,3.724995441151044,0.43484451536696034,-0.13134449895614198
4.226840458844803,3.937557417577521,4.0858493787643955,3.9743503064653987,3.6749972841150953,0.428097417567571,-0.13841534010040546
4.214196617911591,3.920203748474072,4.080005097210057,3.9743503064653987,3.6749972841150953,0.4255479868341576,-0.14101799188947717
4.20153957434163,3.903040535810984,4.0738672973246,3.9743503064653987,3.6749972841150953,0.4225918475734877,-0.14399280806496195
4.188845533442069,3.8860533716415393,4.0676142693494635,3.9743503064653987,3.6749972841150953,0.41892962826075625,-0.14761838427216856
4.1786953506501545,3.872629464969589,4.062496791177168,3.9245672395091673,3.624998470892699,0.4191796333543585,-0.14737288665956116
4.163401073256032,3.8526709603293137,4.054606579940192,3.9245672395091673,3.624998470892699,0.4160899248555236,-0.15038721399261157
4.150562464639048,3.8361590316140814,4.047996728141365,3.9245672395091673,3.624998470892699,0.4126451861530745,-0.15369963575397927
4.137727142562203,3.8198815669220307,4.0409150899260435,3.874711820157422,3.5749992262386243,0.41802453214931684,-0.14850478469688844
4.12468954311692,3.8035848560760206,4.034343307611,3.874711820157422,3.5749992262386243,0.4155983029992907,-0.15086298657870267
4.11178061352436,3.7877657225325168,4.02683429709561,3.874711820157422,3.5749992262386243,0.41377960353703247,-0.15261420131051429
4.099423830226569,3.773231729114939,4.01715643425008,3.824808173208743,3.524999700399239,0.42687730701870996,-0.1396653535611313
4.086405460548909,3.7581677831358213,4.00862271316667,3.824808173208743,3.524999700399239,0.42836521508907627,-0.13813986606775353
4.072462364012332,3.741839474326042,4.002586067131622,3.824808173208743,3.524999700399239,0.42566986438629956,-0.14089437101265956
4.05850223197744,3.725693031256129,3.9964314415267648,3.824808173208743,3.524999700399239,0.4223317320148625,-0.1442524509850126
4.0445394458045785,3.7097430400631755,3.990153811092595,3.774872383105789,3.474999993350475,0.4346768615028524,-0.13152366167579788
4.030480448455825,3.693888834198799,3.983562549213309,3.774872383105789,3.474999993350475,0.4332787537127946,-0.13301057019486973
4.016264455766859,3.678072751755961,3.9771898185638674,3.774872383105789,3.474999993350475,0.4310407970581519,-0.13536483974326552
4.001715291314013,3.662070604127825,3.9717154311832097,3.7249151729199603,3.425000171117784,0.4439709450258789,-0.12128567540562252
3.9867801528002174,3.6458245184874354,3.9663244363154466,3.7249151729199603,3.425000171117784,0.44199265513139496,-0.12352054591539952
3.971672981615481,3.629562097048697,3.9609481660858203,3.7249151729199603,3.425000171117784,0.4393113924371829,-0.12649947738231382
3.956596201366658,3.613515689055748,3.955437767470598,3.6749436903498522,3.3750002768407543,0.452916625613023,-0.11073087385047775
3.9442290243555433,3.600478252565285,3.951419576019926,3.6749436903498522,3.3750002768407543,0.45165775541406683,-0.11226526783061685
3.9253786579367667,3.580795070980286,3.945532605637195,3.6749436903498522,3.3750002768407543,0.4489075164231908,-0.11555859146829683
3.909719880964217,3.5646243543493954,3.940534898771118,3.6749436903498522,3.3750002768407543,0.4459905154171459,-0.11896966962348754
3.894067899933125,3.5486262522812204,3.9353689249006147,3.6249626986014247,3.325000338317648,0.46124913213195434,-0.10008157049129263
3.8781314902125743,3.5325140364923486,3.930014472233817,3.6249626986014247,3.325000338317648,0.46021566431565397,-0.10145402340935417
3.86176662352669,3.516118551146559,3.925966186932564,3.6249626986014247,3.325000338317648,0.4575314787924603,-0.1049463854129512
3.8454923861193793,3.4999430442394743,3.9213998378838624,3.574975370690992,3.2750003731624098,0.47118668783538054,-0.08592247640105144
3.8289060515604607,3.4836114182081594,3.9173002095983085,3.574975370690992,3.2750003731624098,0.4699790770616931,-0.08775093370717701
3.8086524163711886,3.463832331164032,3.9126993771901146,3.574975370690992,3.2750003731624098,0.46764032254877846,-0.09119850336026714
3.7951920595548083,3.4507911523927577,3.909541397014314,3.524983819449721,3.225000392321263,0.47976324734174314,-0.0717404345144742
3.7782029065648963,3.43444612949137,3.9066872689659013,3.524983819449721,3.225000392321263,0.4785535403079924,-0.0738920966781812
3.761135452035181,3.4180698803936522,3.9055781257656728,3.524983819449721,3.225000392321263,0.47587387360600925,-0.07846348189798069
3.7438541872297204,3.401576891820258,3.90179039335995,3.4749894513079553,3.1750004024513716,0.4858296647731468,-0.05987620527727622
3.7263629844484942,3.3850060363900223,3.898936020227704,3.4749894513079553,3.1750004024513716,0.4851607871317024,-0.06129056166823732
3.708660351980253,3.3683082749018434,3.896353569254517,3.4749894513079553,3.1750004024513716,0.4840720697184557,-0.06352869136757455
3.6909714542849006,3.351712221415137,3.8936242036156012,3.424993202476552,3.1250004075078888,0.49154803663666724,-0.04613057191140579
3.6736418639514206,3.3339228788385853,3.8920729354754386,3.424993202476552,3.1250004075078888,0.48942814682651103,-0.05163869153596157
3.654336427818178,3.309145315099066,3.8924356278693057,3.3749956965389414,3.0750004097832013,0.48879114663009077,-0.05318603421404122
3.6412289466195666,3.293369989162981,3.8920416417376194,3.3749956965389414,3.0750004097832013,0.48412818181790424,-0.06341516879313558
3.6233308440353973,3.276733340405068,3.889489948714702,3.3749956965389414,3.0750004097832013,0.4830408043031331,-0.06558199238838136
3.6054638671846044,3.2601975190851293,3.8875096639999835,3.3249973494540273,3.025000410572145,0.49083709880821547,-0.04804597982309744
3.5839931134615064,3.240420386676017,3.884378445826774,3.3249973494540273,3.025000410572145,0.4904945307824522,-0.0489429652133434
3.565873357250819,3.223817997435069,3.882293162692246,3.3249973494540273,3.025000410572145,0.48983648984804723,-0.050622824328524496
3.5477620691238645,3.207288973091387,3.8800833018005143,3.274998439347466,2.975000410586951,0.4956466940111196,-0.033049900498025364
3.529511350944137,3.1907044675331475,3.878373020375278,3.274998439347466,2.975000410586951,0.4954699314453511,-0.033716708020171016
3.511087304211639,3.1740132262239227,3.876719489385969,3.274998439347466,2.975000410586951,0.4951969431542677,-0.03472173493972308
3.4926506165601303,3.157375639151713,3.8750604862473743,3.2249991527533988,2.9250004102089417,0.49863262479260495,-0.018499567057516875
3.4742445330512117,3.140816523607734,3.873782725766527,3.2249991527533988,2.9250004102089417,0.4986255005748937,-0.018547752305142717
3.4557885526752337,3.1242563683395224,3.872360305346854,3.2249991527533988,2.9250004102089417,0.49862335900472154,-0.01856221265596114
3.4371908763961674,3.1075987965291105,3.871640967396208,3.1749996151628936,2.875000409636767,0.4999229881398598,-0.0043879608864279
3.4185752395092086,3.0909425017332817,3.871185826333544,3.1749996151628936,2.875000409636767,0.4999274618511669,-0.004258595250872799
3.399927706606249,3.0742665013142814,3.8709831216739596,3.1749996151628936,2.875000409636767,0.49992205325072936,-0.004414516191930007
3.3812763800895294,3.0575951597768354,3.8707795821638817,3.1249999111781896,2.8250004089711083,0.49975623472787545,0.007807285137610753
3.3626046478003513,3.040913601085766,3.870883249554204,3.1249999111781896,2.8250004089711083,0.4997235547515691,0.008314279208750275
3.343973405215566,3.024262748776156,3.8713437197516916,3.075000097834281,2.775000408261608,0.49875818322170606,0.017628838821346804
3.3253968493110193,3.0076449086693806,3.8719480678535976,3.075000097834281,2.775000408261608,0.49866102399302176,0.018306231973239884
3.306835030456919,2.991010769521793,3.872695827923613,3.075000097834281,2.775000408261608,0.49856190330772554,0.018972501007916476
3.2882809062141183,2.974352733310935,3.8735057022785084,3.025000213459038,2.725000407532078,0.49723637030665535,0.026315471173133487
3.2697665313314888,2.957700779861824,3.8745150701115967,3.025000213459038,2.725000407532078,0.4970471379239771,0.02720365188902152
3.251300537194725,2.941053650214565,3.8756944639403406,3.025000213459038,2.725000407532078,0.4968435608637184,0.028128162320271377
3.2322800148737176,2.9223082534742026,3.8780990328305425,2.975000283627746,2.675000406793633,0.49661682488186965,0.029123672398469358
3.2127110896592512,2.901067382515647,3.8819839132314455,2.975000283627746,2.675000406793633,0.4984175632502683,0.0199030623905867
3.1973521127803,2.8848154681199407,3.884451136107245,2.975000283627746,2.675000406793633,0.49926734900391356,0.013537897857783365
3.1716916671846036,2.8612376079539956,3.8852794709690928,2.9250003252162555,2.6250004060513223,0.49839179907992937,0.020064648301490795
3.1533464523491324,2.844347322137029,3.8860852154490386,2.9250003252162555,2.6250004060513223,0.49827126862803434,0.02080400862889542
3.1350284928484395,2.8274506444074454,3.8869802751700506,2.8750003491924647,2.575000405307378,0.497461296612858,0.02521949167772597
3.1167385657477844,2.810548554820283,3.887992755247969,2.8750003491924647,2.575000405307378,0.49729719312497517,0.026023618124820347
3.0984879115851998,2.793645827324198,3.889131530762888,2.8750003491924647,2.575000405307378,0.49711222034516,0.026901458138696155
3.0802673184632434,2.7767353286802283,3.890360161653988,2.8250003625524895,2.5250004045627596,0.49649248679389757,0.029655563583174782
3.062100191114654,2.7598348871196485,3.8917641771307268,2.8250003625524895,2.5250004045627596,0.49631058014887236,0.030417160906231366
3.0439685016225075,2.742922567730508,3.893011261387881,2.8250003625524895,2.5250004045627596,0.4960253268082183,0.031574922227277646
3.0258592897800076,2.7259826687835726,3.894353113197355,2.7750003696633407,2.4916670707328903,0.49999162756757254,-0.0014467628384372544
3.0077168688925164,2.7089636410140603,3.8951764594797704,2.7750003696633407,2.4916670707328903,0.4999762299702027,-0.0024377500208345726
2.989466572451013,2.6918376466186693,3.8950360923637417,2.7250003731862966,2.469444848179596,0.4883656150547539,-0.054195994354348964
2.971522080645692,2.6750226297653406,3.8930490580971386,2.7250003731862966,2.469444848179596,0.4874473214868662,-0.05631617913724596
2.957288428612987,2.6617480345241464,3.891318045181057,2.7250003731862966,2.469444848179596,0.4866225748580247,-0.05815722837111592
2.935967279661469,2.6419437209540213,3.888935645550653,2.6750003747019147,2.4379633662290363,0.47261990743170224,-0.08370585781901252
2.9183202434919604,2.6256398123911566,3.886363639019665,2.6750003747019147,2.4379633662290363,0.47011814187380657,-0.08754212197511424
2.900731444558998,2.6094621499388175,3.88417133421319,2.6250003751238733,2.400309044680371,0.46613215565680366,-0.09336151548976446
2.8835217221277336,2.59372794611318,3.8798423029999394,2.6250003751238733,2.400309044680371,0.46452040939971784,-0.0956252449882029
2.866284081372804,2.578112200029919,3.875704067902167,2.57500037496582,2.358539496733324,0.4698473910104172,-0.08794825623734182
2.848835956942702,2.5624234601268068,3.871779242101073,2.57500037496582,2.358539496733324,0.4685035998777154,-0.089939668347496
2.8313072330087046,2.546787320170832,3.8678112433588687,2.57500037496582,2.358539496733324,0.46675698710055297,-0.09247081584182426
2.8138020564559394,2.531299779102726,3.8638104070239963,2.5250003745084197,2.314026464522312,0.4767029491609791,-0.07707582764813414
2.7995242785460537,2.5138166594291285,3.860913290348736,2.5250003745084197,2.314026464522312,0.4684927968674266,-0.08995551815518943
2.7873929802659596,2.495031449772206,3.857377120110866,2.5250003745084197,2.314026464522312,0.4523242721489703,-0.11145506076316103
2.768184035095837,2.475443832874424,3.854306728729791,2.491667040815711,2.267684442808163,0.48165623613898256,-0.06824709387440364
2.750304984540776,2.4600502454013924,3.8502050043227403,2.491667040815711,2.267684442808163,0.4812536408248653,-0.06900388198666385
2.731923784800383,2.4443604128769874,3.8473000021794954,2.4694448183262248,2.2201230947784696,0.49999343434005494,0.001281180692623174
2.713074293173964,2.4283120686966715,3.846736786644467,2.4694448183262248,2.2201230947784696,0.4999844037607349,0.001974616543231056
2.693959616968435,2.4120337243933037,3.8465713988286407,2.4546300033196045,2.1717488625936143,0.4735584572301535,0.08222505341546005
2.6749152177354194,2.395864199491653,3.845232917785004,2.4546300033196045,2.1717488625936143,0.46837304140954916,0.09013105294364587
2.6570827327425857,2.3806877083778666,3.8496576527719957,2.444753459975411,2.1228327077727145,0.3926020445185257,0.17212678392323078
2.640968157352857,2.3667829767147968,3.859676120901419,2.444753459975411,2.1228327077727145,0.3909775645738949,0.17356666164094592
2.6256055946464443,2.353213007096871,3.8715941369127416,2.438169097743355,2.07355527148221,0.3028702492916567,0.24522479051647617
2.6157165402795552,2.344271705391556,3.8798064742346323,2.438169097743355,2.07355527148221,0.3007048837897256,0.24690179971591153
2.602678698841192,2.3322888151551258,3.8920674915959035,2.438169097743355,2.07355527148221,0.2984440635792047,0.24865137593081
2.591778169283671,2.322002775824405,3.902942909107729,2.4337795229227335,2.0240369814286128,0.218267527239657,0.3112115754922633
2.582650471552059,2.3132051952543975,3.915187833803921,2.4337795229227335,2.0240369814286128,0.21840484887019407,0.3111012570241236
2.5750507815638777,2.3056824666258695,3.9288970878612157,2.4337795229227335,2.0240369814286128,0.22200672920942532,0.3082143382111402
2.5672799117330953,2.2977748170766628,3.942369385660711,2.4337795229227335,2.0240369814286128,0.22462227175935945,0.3061257309157832
2.5595496340704535,2.289700320056186,3.955770493174952,2.4308531397170294,1.9743581231400074,0.168094535916851,0.35323433739939003
2.5532706524349855,2.282963217691652,3.970082710482531,2.4308531397170294,1.9743581231400074,0.17256309704947168,0.3493165549214634
2.547805216948909,2.2769081905003894,3.985588639512096,2.4308531397170294,1.9743581231400074,0.17940554172295042,0.34339684122210556
2.5418899976297737,2.270163626320988,4.0006172647958715,2.4308531397170294,1.9743581231400074,0.18485413266638487,0.3387463316615513
2.5360294827202203,2.2632588191121457,4.01605830056093,2.4308531397170294,1.9743581231400074,0.19062177357857896,0.3338794942390637
2.530379337831979,2.2564139808161183,4.028790215269267,2.4289022176098403,1.9245722208025464,0.15103486186355816,0.36862388199538754
2.5252174834392758,2.2499633553922056,4.042791882462955,2.4289022176098403,1.9245722208025464,0.15576422823340466,0.36428308477619
2.520819057637249,2.244327236793543,4.060261903622998,2.4289022176098403,1.9245722208025464,0.16505221762254782,0.3559267722137942
2.5163735971230334,2.2384118188758535,4.078591525771462,2.4289022176098403,1.9245722208025464,0.17527575080585753,0.34695862250346177
2.5117641606384886,2.2319973750705326,4.096490614955179,2.4289022176098403,1.9245722208025464,0.18491255548075552,0.33869675259890886
2.5072242979564354,2.2254782262996002,4.116137115092187,2.4289022176098403,1.9245722208025464,0.19656719757681176,0.328917993895246
2.502620500009934,2.2185335851768873,4.135949724351575,2.4289022176098403,1.9245722208025464,0.20841776148158417,0.3191773936389115
2.497324181627059,2.210214310624579,4.151551378390595,2.4276016029635423,1.8747149577416924,0.18146812545448357,0.341630054406052
2.4920605241152334,2.201717092986307,4.164727437649999,2.4276016029635423,1.8747149577416924,0.18447849548759623,0.3390652482662351
2.486615036256909,2.19260276797716,4.183465291694398,2.4276016029635423,1.8747149577416924,0.19255070287256063,0.3322638662737434
2.483333166383682,2.1864392683993703,4.195823466747069,2.4276016029635423,1.8747149577416924,0.19868320937777126,0.32716480721162156
2.4792417904006427,2.1784502206679672,4.21123679718959,2.4276016029635423,1.8747149577416924,0.20620112661185405,0.32098548851683995
2.47475801056372,2.169839185936226,4.225723624218263,2.4267345267801916,1.824810123270352,0.1893753550607849,0.33492660301588884
2.4702856888912113,2.161230286214904,4.240648872468272,2.4267345267801916,1.824810123270352,0.19507973739781,0.33015428616391995
2.4669405211631474,2.1545893102552522,4.251228889807544,2.4267345267801916,1.824810123270352,0.19847703898549643,0.3273353460910384
2.4621756531933237,2.144820925380941,4.264929954381033,2.4267345267801916,1.824810123270352,0.20138126645193627,0.32493848203064357
2.458246307675493,2.136507313485934,4.275904027509444,2.4267345267801916,1.824810123270352,0.20293622132030922,0.3236598820489569
2.454007055101984,2.127277160242148,4.290387180623594,2.4267345267801916,1.824810123270352,0.20693434676770212,0.32038673767709347
2.4498826758309615,2.1179036707282233,4.304331137925009,2.4261564765883215,1.7748735770764141,0.19938408584562373,0.3265855059469249
2.44596957140557,2.1086803697182006,4.318574677205112,2.4261564765883215,1.7748735770764141,0.20424730118245918,0.32258428856055943
2.4421859194662527,2.099383494435715,4.332761757571718,2.4261564765883215,1.7748735770764141,0.2089247300663833,0.31876470126141565
2.438415689468977,2.0897336633587447,4.346748909416439,2.4261564765883215,1.7748735770764141,0.21285644332548598,0.315574349085443
2.4347262009424053,2.0798877134599962,4.360623402521713,2.4261564765883215,1.7748735770764141,0.21625854640168476,0.31282772128961156
2.4311009998313917,2.0697916127266236,4.3743496484299715,2.425771111096383,1.7249158919849132,0.21748155922008208,0.31184335936407703
2.4275861423136007,2.0595649931769238,4.388024918016638,2.425771111096383,1.7249158919849132,0.22158895489338906,0.3085485390382927
2.4241544210483035,2.049125556159641,4.401560867034861,2.425771111096383,1.7249158919849132,0.22513428760992985,0.3057175995466157
2.420155158337577,2.0363268133589045,4.417680410689501,2.425771111096383,1.7249158919849132,0.22864145338659822,0.30292818742088157
2.4169363356479074,2.0254699226190773,4.430983394375769,2.425771111096383,1.7249158919849132,0.23087450943855994,0.30115751939759017
2.4138201397780445,2.0144206161118277,4.4441365388196905,2.4255142033609474,1.6749441157185108,0.24024440551322065,0.29376889732607925
2.4107810279938793,2.003074522040899,4.45696917728295,2.4255142033609474,1.6749441157185108,0.24303738327402646,0.2915780089729896
2.407794931343151,1.9913253190599196,4.469790263359867,2.4255142033609474,1.6749441157185108,0.2450760821379036,0.2899817632665451
2.4049348168327924,1.9794361240317055,4.482224643811101,2.4255142033609474,1.6749441157185108,0.2461288025734739,0.2891584415370261
2.402227899764757,1.9675310047195307,4.495049938465691,2.4253429362766,1.6249629454577161,0.2614172227731131,0.2772611249179755
2.3995778052239256,1.955133316411418,4.507982972592916,2.4253429362766,1.6249629454577161,0.2643129522975989,0.2750176989680735
2.3969614544478723,1.9421165911355818,4.5196086130633075,2.4253429362766,1.6249629454577161,0.2646153771753619,0.2747835387204709
2.394509280990599,1.9291726863688012,4.531695385946836,2.4253429362766,1.6249629454577161,0.26500416162809404,0.27448254863978594
2.3922133708683706,1.916170241852324,4.543723064739208,2.425228766225366,1.5749755110792545,0.2849341623994243,0.25908719784866885
2.389947332662011,1.902387372188013,4.555194527408471,2.425228766225366,1.5749755110792545,0.2856484457574708,0.2585359112305088
2.3882045662825977,1.8910677019735225,4.564414949590646,2.425228766225366,1.5749755110792545,0.28560620348857907,0.2585685145064782
2.385425314571984,1.8713911372200904,4.580010208807451,2.4251526654147355,1.5249838976160333,0.3074333111059961,0.24168593494685608
2.3835747214924936,1.8570620792367851,4.587958278698205,2.4251526654147355,1.5249838976160333,0.3044931601242693,0.24396696212332802
2.381761439512868,1.8419588909013367,4.598471876348873,2.4251526654147355,1.5249838976160333,0.30331003894995107,0.24488401651163327
2.3801274863157875,1.826885508961908,4.60910116040818,2.4251526654147355,1.5249838976160333,0.30164566386000025,0.24617336065200623
2.378653562400668,1.8119095541110273,4.619874251378532,2.408435282999602,1.4749894938844472,0.3850784724293286,0.17873884225151326
2.377160085702423,1.7948270091216614,4.629332654051572,2.408435282999602,1.4749894938844472,0.38524378278566096,0.17859505597141112
2.375627565274282,1.7754991187336255,4.637017834386829,2.408435282999602,1.4749894938844472,0.3812381108732651,0.1820615402681438
2.374168992352871,1.75550072658001,4.640987381083472,2.397290386565848,1.4249932251491324,0.4262417935751211,0.14031320230934563
2.373426992244232,1.7337530156401133,4.647272537146646,2.397290386565848,1.4249932251491324,0.4252704545040992,0.14129920048373235
2.3752479617440905,1.7031181123816506,4.655023431433657,2.3898604880265952,1.3749957083363553,0.46016644980247406,0.10151898143733673
2.37561043595856,1.6788820760258627,4.657596644699917,2.3898604880265952,1.3749957083363553,0.460330709621201,0.10130203574253516
2.374387237932334,1.6559158245747057,4.6619409278300585,2.384907261675196,1.3249973554498653,0.4736728544011058,0.08204290421667482
2.3732718755811284,1.6325664911541722,4.665756509106417,2.384907261675196,1.3249973554498653,0.472274785935304,0.08424443804623172
2.3724098500910085,1.6136607163329977,4.668683248423057,2.381605155900915,1.2749984423229335,0.48031843431552296,0.07073259219041406
2.371235278060249,1.5852301412979877,4.672968060655977,2.381605155900915,1.2749984423229335,0.4792243854949404,0.0727061936018416
2.37015123562783,1.5563635316387856,4.676409493954423,2.379403801095315,1.2249991541948646,0.4839335812950279,0.06380805502514186
2.3694695519526086,1.5370432050039238,4.678337961743816,2.379403801095315,1.2249991541948646,0.4829391129312133,0.06578118766372354
2.3686777085463646,1.5128983155351161,4.681397011660192,2.377936281837642,1.1749996158444953,0.48654875572174305,0.058319302617769964
2.367958630127484,1.4886745860130883,4.684039149271929,2.377936281837642,1.1749996158444953,0.485736281750547,0.060075567289539444
2.3673005690834756,1.4643777525935011,4.686637035000889,2.3769579853573304,1.124999911492742,0.4883862263670822,0.05414749266167651
2.366597621667495,1.4352021921740317,4.689669351509881,2.3769579853573304,1.124999911492742,0.4875657115783559,0.05604715590317655
2.3660749035067408,1.410805408663661,4.692088730885708,2.3763058341871,1.07500009797595,0.4898001064424967,0.05071413510191425
2.3656985376291004,1.3912417940315578,4.693921153327758,2.3763058341871,1.07500009797595,0.4893013696367052,0.05195018566586018
2.365195240168603,1.3618324228671455,4.696529281982555,2.3758711082014017,1.0250002135213085,0.4910395323070138,0.047508214960282125
2.3648277445040655,1.3372981183844548,4.698623976630613,2.3758711082014017,1.0250002135213085,0.4904445685080807,0.04907246031929824
2.3645143569746896,1.3127723352588188,4.700836017252256,2.375581326118902,0.9750002836544589,0.49220929781948225,0.044276886842533614
2.364252376590425,1.288215190361477,4.70270367909125,2.375581326118902,0.9750002836544589,0.4916652356050987,0.045807353221332336
2.364039163085815,1.26362200825535,4.704702631109267,2.3753881665132845,0.9250003252274405,0.4932596774593743,0.041165820141589204
2.364846061747846,1.2385729798031466,4.705590183421522,2.3753881665132845,0.9250003252274405,0.4935120511013558,0.04038350206143937
2.368485839516053,1.2025057320053136,4.704278794037449,2.391926081975502,0.8750003491970363,0.4753109391754739,0.07939298789940352
2.36863656043311,1.1783243571078366,4.7068287257719525,2.391926081975502,0.8750003491970363,0.4736957974175448,0.0820063288530537
2.3685578007724697,1.1548446642356431,4.710825621996059,2.4029513740887247,0.825000362554314,0.45743441961636533,0.10507080747616415
2.3685625346557266,1.1315160866932459,4.714950883210832,2.4029513740887247,0.825000362554314,0.4545348152007825,0.10873206465244278
2.3686714699844593,1.108796576705581,4.720054681313827,2.4269682450203964,0.7750003696640515,0.4018901345528379,0.16375059116483848
2.368891631649026,1.0881191729604716,4.7267018012141255,2.4269682450203964,0.7750003696640515,0.3977807943662169,0.1674879406899472
2.3692546110343766,1.0683085122094536,4.73395099967537,2.442979496513112,0.7250003731865673,0.374610984274368,0.1877208113998481
2.3697372480101304,1.0493135283227097,4.741992810294715,2.442979496513112,0.7250003731865673,0.3717170898607126,0.1901647848944663
2.370364167909294,1.0307510541996123,4.750282889473758,2.442979496513112,0.7250003731865673,0.3685291801358447,0.192839308072694
2.3711415453369415,1.0122768010383218,4.758686465359876,2.470320331165007,0.6750003747020158,0.31575401243139334,0.23521135947564753
2.371975026699248,0.9957345788788938,4.768123515786146,2.470320331165007,0.6750003747020158,0.31322142155710375,0.23718540111223674
2.372906332197406,0.980545426630183,4.7784127455803045,2.470320331165007,0.6750003747020158,0.31222868467109277,0.23795834588686882
2.3739964916588736,0.9651841720264347,4.787456701614085,2.470320331165007,0.6750003747020158,0.30880958478714016,0.24061709025287037
2.375199211231701,0.9498010979937774,4.794198788885985,2.4885475512879514,0.6250003751239106,0.2984688655219749,0.24863218939809628
2.3765176895980655,0.9345852869006013,4.804643487993261,2.4885475512879514,0.6250003751239106,0.2972534606349428,0.24957224747299245
2.377960726792974,0.9200313988244719,4.816079864919477,2.4885475512879514,0.6250003751239106,0.29728356959122676,0.24954896363047752
2.3795798234440433,0.9052637909695314,4.826901316132327,2.4885475512879514,0.6250003751239106,0.2956176137864867,0.25083699377346425
2.381345190868318,0.8905992306283537,4.837868729653849,2.500699026530665,0.5750003749658334,0.3201361454870426,0.23178764114277572
2.3833251424926374,0.8755588126124874,4.848538806080232,2.500699026530665,0.5750003749658334,0.32004040700240244,0.23186255773907072
2.3855827904192104,0.8596809779042687,4.858713169029358,2.500699026530665,0.5750003749658334,0.3178790543702252,0.23355242223298656
2.387973409747305,0.8439672654145998,4.868912896382673,2.525466671487759,0.5250003745084246,0.3026990910808549,0.24535739751384011
2.3904333225262224,0.8288823835565342,4.879633368507817,2.525466671487759,0.5250003745084246,0.30216101641415066,0.24577422008495353
2.3929998946949436,0.8141394703432727,4.890006081065173,2.525466671487759,0.5250003745084246,0.30085492226262844,0.24678564252393653
2.3921762187557363,0.797861335531719,4.900264924506983,2.525466671487759,0.5250003745084246,0.28325045633486173,0.26038663669643447
2.390933865459047,0.7819017541518924,4.911899298928644,2.541978429922942,0.47500037390069294,0.2937512436074023,0.2522793416926601
2.3933927736045355,0.7675660875052195,4.922885874290124,2.541978429922942,0.47500037390069294,0.29183430828939966,0.25376017279395
2.396538995068944,0.7532396477730732,4.933772980026078,2.541978429922942,0.47500037390069294,0.2908154692072339,0.25454701687928005
2.3997931586146652,0.7391676286260509,4.945154508552676,2.541978429922942,0.47500037390069294,0.28992562489220386,0.2552341371766691
2.4038897649927495,0.7223946811212638,4.958976699333904,2.5696529325346114,0.42500037321950623,0.28883125611150096,0.2560790735858267
2.4067569026121323,0.7112163095644402,4.967934002793349,2.5696529325346114,0.42500037321950623,0.28887484526340407,0.256045421599443
2.4104672897184773,0.6973334920576111,4.979298349149272,2.5696529325346114,0.42500037321950623,0.28865417779478253,0.256215781034576
2.4143392599897844,0.6834763224328544,4.99056029491315,2.5696529325346114,0.42500037321950623,0.2876343846611914,0.2570030283549083
2.418358560311292,0.6696876964881557,5.001841314517805,2.5881026000493534,0.375000372503392,0.32368156962233396,0.22900931559398385
2.4226888696852367,0.6554188573603206,5.010539033631064,2.5881026000493534,0.375000372503392,0.3216852886234416,0.23057464528245397
2.4271912000193723,0.6409364933198134,5.016422533819617,2.5881026000493534,0.375000372503392,0.3152568039093392,0.23559916566316108
2.431890771909302,0.6261366128771471,5.025409857498148,2.6170690472364404,0.32500037177111457,0.3174408154590809,0.2338947385600434
2.4368514975046693,0.6110887757627435,5.035765670668743,2.6170690472364404,0.32500037177111457,0.3168852233855448,0.2343285701149158
2.4429927220051013,0.5931277247256013,5.048057640404797,2.6170690472364404,0.32500037177111457,0.31518947761452415,0.2356516681790901
2.447195312967459,0.5812466632586943,5.056289240219408,2.6170690472364404,0.32500037177111457,0.3135578194091707,0.2369233760725089
2.451477714552933,0.5694457780590714,5.0645550173138885,2.6363800169704774,0.2750003710315565,0.3530515469589018,0.20559231793338717
2.45857427844512,0.5504955225811354,5.076036945187418,2.6363800169704774,0.2750003710315565,0.35196108237887536,0.20647801126373744
2.4649947849128164,0.5338602779233081,5.0846318367656345,2.6363800169704774,0.2750003710315565,0.34831275573239373,0.2094305145966724
2.4713932478859757,0.517687669632588,5.0938255094048195,2.665920671687217,0.22500037028880554,0.3570624594248512,0.20232114013751246
2.4792756275894767,0.4983387782082147,5.104428225639093,2.665920671687217,0.22500037028880554,0.3548065385960593,0.20416365089949373
2.4847110143755486,0.48528828681016023,5.109873644036682,2.665920671687217,0.22500037028880554,0.35055665401635777,0.20761650464222337
2.491546799952408,0.46918052441431257,5.119024990613469,2.665920671687217,0.22500037028880554,0.3472128132123845,0.21031755488270742
2.4985005158132374,0.4532462482553097,5.128111601404171,2.6856144524700984,0.17500036954469098,0.3899341949824216,0.17448781115050394
2.5060428968093635,0.43636357552415284,5.136439068506983,2.6856144524700984,0.17500036954469098,0.3881206546435787,0.17608229953103294
2.5141299572302334,0.4186324298754762,5.144135298835529,2.7154103204905327,0.12500036880000914,0.3976834301456944,0.16757586605820052
2.5224149355371495,0.4008337348970965,5.151621042081109,2.7154103204905327,0.12500036880000914,0.3954063115528765,0.16962431564626312
2.530906314853574,0.38293575547576353,5.159061997323969,2.7154103204905327,0.12500036880000914,0.3921677297276424,0.17251243219482904
2.5380865496893747,0.36364258691095763,5.164199726423996,2.775002087916851,-0.024997924004077632,0.4647198457720154,0.09534769485204841
2.5453428783488548,0.34308144051426837,5.164942867280931,2.775002087916851,-0.024997924004077632,0.45757146442795893,0.10489509052687995
2.556437000843209,0.31871292223434544,5.154788670555922,2.775002087916851,-0.024997924004077632,0.4421299327530117,0.12336650381495895
2.5660201320727296,0.2984586782706593,5.159671039513797,2.775002087916851,-0.024997924004077632,0.4400617859897562,0.12567137524016436
2.5736447387741617,0.2826866399872081,5.163938864434553,2.775002087916851,-0.024997924004077632,0.4386385821667777,0.12723837443334673
2.583269436110605,0.2629615207082612,5.169551781715719,2.775002087916851,-0.024997924004077632,0.436532553165221,0.12953002621985443
2.592968319091568,0.24339085768336943,5.175204499638179,2.775002087916851,-0.024997924004077632,0.4338734786297344,0.13237962436495443
2.602724618626695,0.22396892457771322,5.180962949720698,2.775002087916851,-0.024997924004077632,0.43053171575382054,0.13589609110720158
2.612531137822895,0.20472706448083677,5.186877879442273,2.775002087916851,-0.024997924004077632,0.4264003954396409,0.1401517270522119
2.62236742872752,0.18571106230688272,5.193015133414711,2.775002087916851,-0.024997924004077632,0.42133426810578595,0.14524502927930483
2.6322285216976073,0.16695804404263903,5.199487413053253,2.775002087916851,-0.024997924004077632,0.41520531815995254,0.1512425623194018
2.6440061759145,0.14493854995041566,5.207177873508356,2.775002087916851,-0.024997924004077632,0.40539074793110236,0.1605241177259349
2.6518152715998706,0.1305559277296915,5.212489839021558,2.775002087916851,-0.024997924004077632,0.39711808160872314,0.16808585305405144
2.6633892674033657,0.10959584929099364,5.221269486240499,2.775002087916851,-0.024997924004077632,0.3819864328850452,0.181416688392809
2.6709517485518663,0.09613438874566249,5.227460672914571,2.775002087916851,-0.024997924004077632,0.36930164859440096,0.19219289279647378
2.6820607054825025,0.07671910040328633,5.237396444398542,2.775002087916851,-0.024997924004077632,0.3450334022793552,0.2120710552661096
2.6891536570555115,0.06456456875516814,5.2447005527924,2.775002087916851,-0.024997924004077632,0.3251630923443492,0.22784592492678923
2.697651681587022,0.050281386544950735,5.254436169781038,2.775002087916851,-0.024997924004077632,0.29487361370798737,0.2514120387226766
