0.5121263758939811,-0.0018569310016864904,-6.282897211135515,0.5250020543892382,-0.07499792474913569,0.010097989109691107,-0.8846646624716572
0.5121605062447259,-0.0019105775521701673,6.265806920482194,0.5750020551342963,-0.12499792549419375,0.04822530316385683,-0.793706769092964
0.5137729357181104,-0.0019520232209107036,6.2294153057271595,0.6250020558793543,-0.1749979262392518,0.08357348593184212,-0.7378524070907566
0.5173688897193411,-0.00221950613896027,6.196141554293545,0.6750020566244124,-0.1749979262392518,0.16518403738868417,-0.6316518904332212
0.5254229815709479,-0.003098850721439561,6.160506184222059,0.7250020573694704,-0.1749979262392518,0.2502129337251381,-0.5287030854838675
0.5341425360805108,-0.0042687838363502095,6.140413384723572,0.7750020581145285,-0.1749979262392518,0.31910688647581026,-0.4413108805444369
0.5514584549532824,-0.006977577251085165,6.115701757406297,0.8250020588595866,-0.1749979262392518,0.3726770183699291,-0.36560276530906666
0.5679978120282954,-0.009859332283388866,6.104044689588281,0.8250020588595866,-0.1749979262392518,0.36771567302436103,-0.3730667065380251
0.5835597478864738,-0.012724614015773739,6.098682462989581,0.8750020596046446,-0.1749979262392518,0.40555233521110723,-0.31270562115504785
0.6006546873830576,-0.01595573822633156,6.094087401351604,0.8750020596046446,-0.1749979262392518,0.3987974346398509,-0.3241429938946827
0.6200558769201088,-0.019776673597796446,6.081900439138597,0.9250020603497027,-0.1749979262392518,0.43237691618242224,-0.26320260222051306
0.6364591356975833,-0.02324698329596231,6.071417415386567,0.9250020603497027,-0.1749979262392518,0.4310409929284904,-0.26585780220290356
0.661733667465823,-0.028902230266497853,6.05707506709164,0.9250020603497027,-0.1749979262392518,0.427192914688488,-0.27337758906854925
0.6818192939292587,-0.033665002594844395,6.041225222666015,0.9750020610947607,-0.1749979262392518,0.4588458853106929,-0.2043196048835757
0.7032409377192597,-0.03900781942596332,6.0294853763725085,0.9750020610947607,-0.1749979262392518,0.4576849510982306,-0.2072250164082733
0.721547088210805,-0.04386499046058745,6.020425917426765,1.0250020618398188,-0.1749979262392518,0.4793726686877761,-0.14412691522534649
0.7328831354298853,-0.06598658152781312,6.0063961060183875,1.0250020618398188,-0.1749979262392518,0.4935806039454699,-0.08020743761324778
0.7338284993884407,-0.0927711641346054,5.997563157827787,1.0250020618398188,-0.1749979262392518,0.49989203066847704,0.010391016205872461
0.7514799557679162,-0.10540581293580864,5.99584031482408,1.0750020625848768,-0.1749979262392518,0.49433721785963025,0.07532290677263509
0.7752526225554366,-0.11241007467278585,5.998593281733308,1.0750020625848768,-0.1749979262392518,0.4938369118467631,0.07858650345045937
0.79890797541319,-0.11929410678665775,6.001731343811435,1.125002063329935,-0.1749979262392518,0.48755394249977346,0.11179638921809487
0.8221818364736357,-0.12597068751923501,6.005332839031906,1.125002063329935,-0.1749979262392518,0.48641846241873815,0.11680747892019094
0.8455244517625609,-0.13256542050709186,6.010683386601186,1.175002064074993,-0.1749979262392518,0.4795719734746612,0.14342397529329376
0.868757255344164,-0.13899371604082944,6.016415426937638,1.175002064074993,-0.1749979262392518,0.47807315307582615,0.14863111781307237
0.8917237479089408,-0.145187901771477,6.023328056511012,1.225002064820051,-0.22499792698430987,0.4993846521490267,0.024808751615641444
0.9156110530915598,-0.1514854621911006,6.025625910889385,1.225002064820051,-0.22499792698430987,0.4994107617187451,0.0242766161669854
0.9398128455075874,-0.15785251805238154,6.026741618704439,1.275002065565109,-0.22499792698430987,0.4965615389775985,0.05867211819979956
0.9638321801810363,-0.16412738607352217,6.028923461646999,1.275002065565109,-0.22499792698430987,0.4962827618357622,0.061007078410357574
0.9877355530087559,-0.170319382981182,6.031021967439606,1.3250020663101671,-0.22499792698430987,0.4917084128626307,0.0911850955439657
1.0114713300529736,-0.17638717733786713,6.034267889923075,1.3250020663101671,-0.22499792698430987,0.4910374585377409,0.09481346091671505
1.0352695374122707,-0.18239232423696095,6.038483316062619,1.3750020670552252,-0.22499792698430987,0.48581842515611057,0.11937215616082475
1.05902047836069,-0.1882591864165608,6.042943491736375,1.3750020670552252,-0.22499792698430987,0.4847392540722431,0.12385372821611473
1.0824773782201191,-0.193941203470807,6.048733131744415,1.4250020678002833,-0.27499792772936793,0.4999956654472224,0.002081960383969239
1.1066228592596747,-0.1996686577913902,6.049959940037449,1.4250020678002833,-0.27499792772936793,0.4999991981605039,0.000895455029791048
1.1310013326360213,-0.20546647817641173,6.050107789759745,1.4250020678002833,-0.27499792772936793,0.4999992882605036,0.00084364664716019
1.155247581932569,-0.21122533805425192,6.049807418577614,1.4750020685453413,-0.324997928474426,0.4883725564528977,-0.10804217869094634
1.1642228096955307,-0.2441748957037504,6.0432568446300445,1.4750020685453413,-0.324997928474426,0.49978976066328157,-0.014500140473671319
1.1686018189570095,-0.2857944290193384,6.037330068388085,1.4750020685453413,-0.324997928474426,0.4861305064954251,0.11804508010445058
1.1872542070082535,-0.30184571817594197,6.038556362077667,1.5250020692903994,-0.324997928474426,0.4699020318677378,0.17438650505609687
1.2109769123099898,-0.30772357464867106,6.042375362835,1.5250020692903994,-0.324997928474426,0.4666237637432499,0.18374506287926184
1.2334269526408175,-0.3131618265011191,6.051338748127405,1.5750020700354574,-0.324997928474426,0.46258272734829403,0.19469146581189634
1.256018022782163,-0.31836385707425663,6.059609289461852,1.5750020700354574,-0.324997928474426,0.46052512482638275,0.2000470004857957
1.2785114759047769,-0.3233996223183926,6.068336255386945,1.6250020707805155,-0.324997928474426,0.4576979837979936,0.20719261228787955
1.3007877190900548,-0.32815896217997675,6.076894464054812,1.6250020707805155,-0.324997928474426,0.45543874243972987,0.21274083184700898
1.3230164945361444,-0.33270501403680264,6.08584381514662,1.6250020707805155,-0.324997928474426,0.4527215812627813,0.21923974173750693
1.345247848989283,-0.33704168852501937,6.095387832817621,1.6750020715255736,-0.324997928474426,0.45213595007165763,0.22061710301099513
1.3674458270223067,-0.34114294164075787,6.105048794662104,1.6750020715255736,-0.324997928474426,0.44956082880980325,0.22658137975388004
1.3896004106876578,-0.3450168533263476,6.114860586359349,1.7250020722706316,-0.324997928474426,0.45065155329864637,0.22407308266855708
1.4116687602896878,-0.34864879696714546,6.125220521597005,1.7250020722706316,-0.324997928474426,0.4484275472945878,0.22916065722663537
1.4338417916442356,-0.35207082621811914,6.135128384453593,1.7750020730156897,-0.324997928474426,0.4509363968523024,0.2234137503855138
1.4560616244695908,-0.35528277675115305,6.144880592471558,1.7750020730156897,-0.324997928474426,0.4485647333946591,0.2288498573420248
1.478092248593148,-0.3582486994689571,6.154008557738113,1.8250020737607477,-0.324997928474426,0.45196194813595236,0.2210248068261531
1.5004459258167504,-0.3610436340913701,6.163786249879319,1.8250020737607477,-0.324997928474426,0.44979924976568597,0.22603529037584225
1.5228167036967282,-0.3636096116775871,6.173552750607753,1.8250020737607477,-0.324997928474426,0.4469901536690689,0.23239408476338252
1.5450368229295908,-0.3659441273664328,6.183678829536431,1.8750020745058058,-0.324997928474426,0.4526769904551104,0.21934489852090389
1.5674786356976327,-0.3680706886251226,6.193397491565768,1.8750020745058058,-0.324997928474426,0.45023770062099366,0.2250278475740486
1.5737948291358634,-0.3686277633893891,6.1960508018453,1.8750020745058058,-0.324997928474426,0.4493944338951199,0.22696177837989384
1.5851698463181698,-0.40344550697067305,6.221078208985557,1.8750020745058058,-0.324997928474426,0.40402757889504115,0.3153175205604104
1.6021104118461196,-0.4096837030700762,6.236440461494446,1.9250020752508639,-0.324997928474426,0.4160053425234388,0.29427560329129254
1.622815232980134,-0.41054246782126036,6.251656532361846,1.9250020752508639,-0.324997928474426,0.41389971322127733,0.2980661362072021
1.643468574453669,-0.4110103108144898,6.264260875671022,1.975002075995922,-0.324997928474426,0.4308696172391776,0.2661967089494639
1.6647746997260704,-0.41130060344780794,6.276211435520156,1.975002075995922,-0.324997928474426,0.4282472971707355,0.2713355337433079
1.6904790225280326,-0.41129765631966997,-6.275949538323056,2.02500207674098,-0.324997928474426,0.4433346751889872,0.24043691304376025
1.7079968582659397,-0.4110933655279041,-6.267243377451066,2.02500207674098,-0.324997928474426,0.44157846659739597,0.2442146931996807
1.730137633818698,-0.4106190127399234,-6.256598628661769,2.02500207674098,-0.324997928474426,0.43857009573378225,0.2505654597524649
1.7520554461529088,-0.4099225191821283,-6.245803498024564,2.075002077486038,-0.324997928474426,0.45396291117027693,0.2162932934691717
1.7740325880414254,-0.40901796357696796,-6.237054764285251,2.075002077486038,-0.324997928474426,0.45140396496464696,0.2223275373792981
1.7965456658026717,-0.40786487452389864,-6.228387735705851,2.125002078231096,-0.324997928474426,0.4643418055209158,0.18999999277454171
1.8192118845591878,-0.4065260953150158,-6.218250002810029,2.125002078231096,-0.324997928474426,0.46316105005319946,0.19316097816772904
1.8423788984328588,-0.40489148819827037,-6.21018394046668,2.175002078976154,-0.324997928474426,0.4742093564500604,0.1613042761619885
1.8657536087197766,-0.4031103256491111,-6.202496207557306,2.175002078976154,-0.324997928474426,0.47296175662808776,0.1651958636824289
1.8940642102297716,-0.4006953958336492,-6.193867793858248,2.2250020797212122,-0.324997928474426,0.4819596363698111,0.13472609289659876
1.9131230676366489,-0.39894288647621323,-6.188939484641522,2.2250020797212122,-0.324997928474426,0.4811675626498551,0.13767078278928535
1.9370847339160786,-0.39660279382587227,-6.183025279538127,2.2750020804662703,-0.324997928474426,0.4883330745144139,0.1082261848134558
1.9658815305163433,-0.3936229328368217,-6.17755168709432,2.2750020804662703,-0.324997928474426,0.48743134705023694,0.11234799748997948
1.9901779255113716,-0.39098656844889845,-6.172626655704576,2.3250020812113283,-0.324997928474426,0.49298826121202816,0.08383470868662712
2.0081865117449222,-0.3934038544152436,-6.165282737384597,2.3250020812113283,-0.324997928474426,0.49110253787140024,0.0944675585788548
2.025920783121558,-0.3959211012789794,-6.158521055621223,2.3250020812113283,-0.324997928474426,0.48843474081641863,0.10775174058644987
2.0496603877912953,-0.39326500849187873,-6.153773628721092,2.3750020819563864,-0.324997928474426,0.4940419953017005,0.07726524334359786
2.0740150469674887,-0.3900474724334533,-6.149859280337452,2.3750020819563864,-0.324997928474426,0.49371621159572354,0.07935392184541556
2.0985044365646512,-0.3867191617841801,-6.146388562963328,2.4250020827014445,-0.324997928474426,0.49750237370992445,0.049997115659820235
2.1279005807421925,-0.382627636926971,-6.143657020168399,2.4250020827014445,-0.324997928474426,0.4972965141162207,0.052018551051011386
2.147602285712912,-0.37983311519058205,-6.141806654676097,2.4750020834465025,-0.324997928474426,0.49939677696751256,0.024563070006624832
2.1720960566154996,-0.37631533761951275,-6.139504190676353,2.4750020834465025,-0.324997928474426,0.4994174892459359,0.024137604169650828
2.196640495548472,-0.37274082951081056,-6.13776441210767,2.5250020841915606,-0.324997928474426,0.499998928074492,-0.0010353385393289116
2.2223943009578537,-0.3689557252518476,-6.137461427068626,2.5250020841915606,-0.324997928474426,0.4999978402299802,-0.0014696161317406808
2.246149650552365,-0.3654763545442936,-6.137503785985326,2.5750020849366186,-0.324997928474426,0.49946169532583057,-0.02320347654510846
2.270890787473949,-0.3618555070818843,-6.138091588590654,2.5750020849366186,-0.324997928474426,0.49940087835133296,-0.024479407241379425
2.295513792135065,-0.358275430663042,-6.139607220972336,2.6250020856816767,-0.324997928474426,0.4981611018215036,-0.042895544237733785
2.320095608179198,-0.35474330057824055,-6.141619063124718,2.6250020856816767,-0.324997928474426,0.49803974555572006,-0.044289255615716394
2.3447756724010134,-0.35124709994838454,-6.143466347911788,2.6750020864267348,-0.324997928474426,0.496365436442872,-0.06032400129598692
2.36929404490278,-0.3478134048033308,-6.145366620801827,2.6750020864267348,-0.324997928474426,0.49600595677920384,-0.06324069004273136
2.398797807481044,-0.3437672442789488,-6.148623182378403,2.725002087171793,-0.324997928474426,0.4940927727798146,-0.0769346311840392
2.423340985621129,-0.3404920843307959,-6.151830658246285,2.725002087171793,-0.324997928474426,0.49363494691997256,-0.07986648826316145
2.442975799705609,-0.33655358832346316,-6.153912748007362,2.775002087916851,-0.324997928474426,0.49115215420822994,-0.09420300051040986
2.458494615430139,-0.33338480322832176,-6.155799649151241,2.775002087916851,-0.324997928474426,0.48992339086246517,-0.10055270672492689
2.4817229185731176,-0.3300930045737971,-6.159383570298754,2.825002088661909,-0.324997928474426,0.488267463056909,-0.10853128896463937
2.506101185871957,-0.32710938036891335,-6.163806084410192,2.825002088661909,-0.324997928474426,0.48744586296077647,-0.11228282333300088
2.5303910291595315,-0.32424421057878305,-6.169067987245585,2.875002089406967,-0.324997928474426,0.4866546033747258,-0.11578288726409569
2.559486839210905,-0.32100140253414544,-6.175184083880117,2.875002089406967,-0.324997928474426,0.4856493915007546,-0.12008494050388152
2.5836667710698187,-0.3184464081103293,-6.180375296551423,2.925002090152025,-0.324997928474426,0.4853350081390795,-0.12139972779171204
2.6030125963657262,-0.3164931258275221,-6.184602121787644,2.925002090152025,-0.324997928474426,0.4846189583754414,-0.12434348901077341
2.627186222110229,-0.3141702142502041,-6.1899737192141195,2.975002090897083,-0.324997928474426,0.4847780421510381,-0.12369540534161794
2.656190894198952,-0.3115559042660099,-6.1965009741578445,2.975002090897083,-0.324997928474426,0.483677184316058,-0.12811442477456803
2.675542344996458,-0.309914558111279,-6.20083569195004,3.025002091642141,-0.324997928474426,0.484498930206455,-0.12483028611371427
2.7045300597660766,-0.3076155519490271,-6.207593311618832,3.025002091642141,-0.324997928474426,0.48343797161279933,-0.12905508959092304
2.7286710073653495,-0.30585331048729714,-6.213161933301162,3.0750020923871992,-0.324997928474426,0.4845570654547523,-0.12459473997332404
2.7528510988611856,-0.304223928679221,-6.218626263807224,3.0750020923871992,-0.324997928474426,0.4836440617690501,-0.12824507592302625
2.777032290425092,-0.30272942254830326,-6.224194431648634,3.1250020931322573,-0.324997928474426,0.4851216345461165,-0.12228418915178796
2.8012659749857303,-0.30136555625496264,-6.2295904024845035,3.1250020931322573,-0.324997928474426,0.4842598030578879,-0.1257946170017985
2.82550211788479,-0.3001319946546186,-6.235059899376053,3.1250020931322573,-0.324997928474426,0.4831402200926211,-0.13021667273593396
2.8496846188778218,-0.29903526874368325,-6.240725139663455,3.1750020938773154,-0.324997928474426,0.4853120078094162,-0.12149537045571068
2.8738401920227066,-0.2980769665432632,-6.246524836353885,3.1750020938773154,-0.324997928474426,0.4844188151525093,-0.12515417682317376
2.897997781556416,-0.29725800864976826,-6.252206129189914,3.2250020946223734,-0.324997928474426,0.4868120617705243,-0.11509471666845916
2.922522792789758,-0.29906408872497003,-6.255142532449257,3.2250020946223734,-0.324997928474426,0.4872665344948592,-0.11308539118221639
2.9471855884730864,-0.30092388138368165,-6.257815650125398,3.2750020953674315,-0.324997928474426,0.49035731392354565,-0.09835661086521752
2.971689829600847,-0.3003584353513524,-6.262244142043747,3.2750020953674315,-0.324997928474426,0.4897039123106478,-0.10164566943219078
2.9962171963899635,-0.2998980572303651,-6.266662571582922,3.3250020961124895,-0.324997928474426,0.4914771698501159,-0.09245149827714183
3.0207977963983783,-0.29954350565585663,-6.270783003512235,3.3250020961124895,-0.324997928474426,0.49089040813351287,-0.09559049345222503
3.045401842382791,-0.29928833420466994,-6.2749754432609395,3.3750020968575476,-0.27499792772936793,0.49574708259567435,0.06526082843910608
3.0700678067718723,-0.29913634771088127,-6.278521306998185,3.3750020968575476,-0.27499792772936793,0.49450536254021854,0.07419409856091486
3.0944985922547597,-0.2990088343986379,-6.277575076401556,3.4250020976026057,-0.27499792772936793,0.4955427918122271,0.06681215510984218
3.119298172035035,-0.29886294813186076,-6.274218319200064,3.4250020976026057,-0.27499792772936793,0.4952696839679877,0.06883178695845671
3.1440654015978593,-0.2985907486485715,-6.271234588370413,3.4750020983476637,-0.27499792772936793,0.4965052725598692,0.059150779183298585
3.1688714270526326,-0.29825769507811195,-6.268563977231173,3.4750020983476637,-0.27499792772936793,0.49626699437622207,0.06113649059631254
3.1936999614613786,-0.29786467710145637,-6.265912774683674,3.5250020990927218,-0.27499792772936793,0.4973405107022473,0.05159315900713635
3.2185443718535467,-0.29740322771051986,-6.26347822239128,3.5250020990927218,-0.27499792772936793,0.49716995858165364,0.053223300576874744
3.2434257402694975,-0.29688439080662654,-6.261208594691879,3.57500209983778,-0.27499792772936793,0.49807343855224107,0.04390673489268382
3.268315601993704,-0.29630590211948693,-6.258800443711688,3.57500209983778,-0.27499792772936793,0.4979807353978312,0.044951383337449524
3.2931748118385036,-0.29567378436807346,-6.257014306698204,3.625002100582838,-0.27499792772936793,0.49870153547348783,0.03604202211765317
3.3180811118314626,-0.29500362934643043,-6.255234486501405,3.625002100582838,-0.27499792772936793,0.4986225932728471,0.03712196294108017
3.3430092373322173,-0.2942840408065077,-6.253622929201132,3.675002101327896,-0.27499792772936793,0.4991904364512805,0.02845667256994666
3.367953403446724,-0.2935293060826023,-6.252213259093603,3.675002101327896,-0.27499792772936793,0.4991417753081835,0.02929966633644754
3.3929154133694146,-0.29274036242389556,-6.250929476127903,3.725002102072954,-0.27499792772936793,0.49955412177186487,0.02111739876911245
3.4177318653431685,-0.2909462607792328,-6.253027074822989,3.725002102072954,-0.27499792772936793,0.49952939608524866,0.021695109514137334
3.4335728040500566,-0.2896401689777477,-6.255161905243207,3.775002102818012,-0.27499792772936793,0.49977995724569996,0.014834382290161985
3.4583434804564925,-0.2889002829112606,-6.254645975190257,3.775002102818012,-0.27499792772936793,0.4997648690857879,0.01533458013685074
3.4833139463454783,-0.2881789535389849,-6.25396320095676,3.82500210356307,-0.27499792772936793,0.49991286609256136,0.009334690057049233
3.513300017731627,-0.2872924837451034,-6.253359231752582,3.82500210356307,-0.27499792772936793,0.499907910304554,0.00959648490742282
3.533296902653409,-0.2866930696642047,-6.253018894674663,3.875002104308128,-0.27499792772936793,0.4999836296964265,0.004046034219340244
3.5582986920542865,-0.2859354696011973,-6.252732772395906,3.875002104308128,-0.27499792772936793,0.49998344072022494,0.004069320727102754
3.583306365984681,-0.2851720146437948,-6.252549478050396,3.9250021050531863,-0.27499792772936793,0.4999992442451723,-0.00086934171537012
3.613319365409585,-0.28425007597712515,-6.252482002429207,3.9250021050531863,-0.27499792772936793,0.4999989442184016,-0.0010275125157377385
3.6383142121558265,-0.2834829722282759,-6.252662363565204,3.9750021057982443,-0.27499792772936793,0.49997162639705495,-0.005326712992781979
3.6632785964128898,-0.28272105562273,-6.252786183287623,3.9750021057982443,-0.27499792772936793,0.49996831963503147,-0.0056285610531511265
3.683273380852894,-0.2821135249117841,-6.252985040392752,4.025002106543303,-0.27499792772936793,0.49991200609650754,-0.009380644153017204
3.7082718823133707,-0.281363528028459,-6.253282249464699,4.025002106543303,-0.27499792772936793,0.4999038143272204,-0.009807586706746974
3.7332719473881095,-0.2806208482035011,-6.25370090086884,4.075002107288361,-0.27499792772936793,0.4998302057018815,-0.013030882932585808
3.763276185333006,-0.27974573274094183,-6.254322064023637,4.075002107288361,-0.27499792772936793,0.49981415629476944,-0.013632872781757621
3.788278586941221,-0.27903155415494396,-6.254912039592134,4.125002108033419,-0.27499792772936793,0.4997345501480381,-0.016293352844185982
3.813271957520385,-0.27833197100457596,-6.255593630261345,4.125002108033419,-0.27499792772936793,0.4997145797069165,-0.016895190344749067
3.8379772397520835,-0.27817807058629107,-6.256039910461514,4.175002108778477,-0.27499792772936793,0.4996864631938043,-0.017707896156444414
3.8614592219847292,-0.2807251146972778,-6.2547202101931925,4.175002108778477,-0.27499792772936793,0.4998959486342855,-0.01020073404396471
3.885221883081866,-0.2826414796932344,-6.253498776052747,4.225002109523535,-0.27499792772936793,0.49994823827428536,-0.007194624302848229
3.91022244389777,-0.2819042610675577,-6.253834026322898,4.225002109523535,-0.27499792772936793,0.4999450269372767,-0.0074144500896499155
3.9352279976444375,-0.2811749532745793,-6.254148664300688,4.275002110268593,-0.27499792772936793,0.4998820993895051,-0.010858418145941684
3.9602358027351094,-0.2804536816148282,-6.25455707938514,4.275002110268593,-0.27499792772936793,0.4998723884122042,-0.011296770194177963
3.9852369436251616,-0.27974361508013956,-6.255066589896938,4.325002111013651,-0.27499792772936793,0.4997997588985532,-0.014151129636192805
4.010209903059344,-0.27904721570276436,-6.2556508498523105,4.325002111013651,-0.27499792772936793,0.49978478464881404,-0.014670746203537255
4.03516453563154,-0.27836625167351947,-6.256280316817818,4.375002111758709,-0.27499792772936793,0.4997112960179634,-0.01699210918221883
4.0601507839666375,-0.2777029096681627,-6.2569978396255,4.375002111758709,-0.27499792772936793,0.49969046327084465,-0.017594563877120772
4.085141052875711,-0.2770584507467593,-6.2577546613895505,4.425002112503767,-0.27499792772936793,0.4996250258734947,-0.01936545932748812
4.110133943279647,-0.2764329369846017,-6.258563715388402,4.425002112503767,-0.27499792772936793,0.4995975926638174,-0.020061439081825894
4.135129712661207,-0.27582856697696023,-6.259430903082416,4.475002113248825,-0.27499792772936793,0.4995460715296636,-0.021307209798026805
4.160125524223907,-0.27524613738171055,-6.260339447226333,4.475002113248825,-0.27499792772936793,0.4995136996236441,-0.02205400755376452
4.185112887519543,-0.2746864723407363,-6.261320617942963,4.525002113993883,-0.27499792772936793,0.4994812937873937,-0.02277709267539152
4.210058255500251,-0.274152746176366,-6.262356698502274,4.525002113993883,-0.27499792772936793,0.499447482113762,-0.023507864825955793
4.2400188475278755,-0.27354665658349653,-6.263559106468113,4.5750021147389415,-0.27499792772936793,0.4994263175962742,-0.02395395956703361
4.260003538704435,-0.2731627317265861,-6.264387677619852,4.5750021147389415,-0.27499792772936793,0.4993940453559598,-0.024618633630588027
4.2852897238682806,-0.27254132289715827,-6.2655319555880045,4.6250021154839995,-0.27499792772936793,0.49938113745243434,-0.02487951568652169
4.318412764227662,-0.270346283468454,-6.267701099877877,4.6250021154839995,-0.27499792772936793,0.4990611367686477,-0.03064567450331923
4.345014489228768,-0.2691126438322069,-6.269450612052993,4.675002116229058,-0.27499792772936793,0.4990044747988409,-0.03155718509596184
4.369981829393916,-0.26878662025318967,-6.270810891896366,4.675002116229058,-0.27499792772936793,0.4989295548724363,-0.032723501379075204
4.3949145488712995,-0.2684950385550593,-6.272206331362813,4.725002116974116,-0.27499792772936793,0.49905981134626065,-0.030667305386318455
4.414854307481043,-0.2682866709149234,-6.273313730565895,4.725002116974116,-0.27499792772936793,0.49900828756218524,-0.03149667661739386
4.444809127346289,-0.2680158536183992,-6.274941036193488,4.775002117719174,-0.27499792772936793,0.49913717574799854,-0.02937809813734349
4.469779946428557,-0.26782659251685814,-6.2762396326130245,4.775002117719174,-0.27499792772936793,0.49907445814909096,-0.030427416803967655
4.494754701242521,-0.2676691510256113,-6.277558642547343,4.825002118464232,-0.27499792772936793,0.49922693521735745,-0.027807627857721173
4.519738596707166,-0.26754435303242374,-6.278794730125083,4.825002118464232,-0.27499792772936793,0.49917109922149977,-0.02879461788918769
4.5447240111853615,-0.2674498587246674,-6.280054811117983,4.87500211920929,-0.27499792772936793,0.49932548485007516,-0.02597435124997005
4.569702860649466,-0.2673873079465423,-6.281312110286518,4.87500211920929,-0.27499792772936793,0.49928246680805144,-0.026790015856659966
4.584666504538205,-0.2673649661717423,-6.2820515099977206,4.925002119954348,-0.27499792772936793,0.499445338581092,-0.023553429329552622
4.619609267839078,-0.2673539105449514,6.282788803877972,4.925002119954348,-0.27499792772936793,0.49939381050723575,-0.02462340483258252
4.644594184287413,-0.26737658667793696,6.281731990723421,4.975002120699406,-0.27499792772936793,0.49953326681601634,-0.021605689891906033
4.6645864927808995,-0.26741336783057434,6.2809506046824595,4.975002120699406,-0.27499792772936793,0.49950766890036175,-0.022190356945910428
4.694582932489781,-0.26749714996896046,6.279798416860679,5.025002121444464,-0.22499792698430987,0.48305243181920393,0.13055722391978408
4.718950770878114,-0.2675567169587758,-6.2820846447885375,5.025002121444464,-0.22499792698430987,0.48156017952155916,0.13621890447076712
4.742887896728432,-0.26745222859121043,-6.276397697568209,5.075002122189522,-0.1749979262392518,0.43461283043744964,0.2587042353823854
4.761943174928704,-0.2672895514220066,-6.272262468784884,5.075002122189522,-0.1749979262392518,0.4294557892258216,0.26897814321036595
4.786901417081815,-0.26803796293873106,-6.259736626020526,5.075002122189522,-0.1749979262392518,0.4231204789579993,0.2811417586650524
4.805229032235338,-0.2703940663580724,-6.249262222430171,5.12500212293458,-0.12499792549419375,0.36723150381140146,0.37378907420142715
4.818845458858197,-0.27169393874891945,-6.23814536835757,5.12500212293458,-0.12499792549419375,0.3620328178310439,0.3814810153338837
4.84043663666568,-0.2705118972769238,-6.218214050749409,5.12500212293458,-0.12499792549419375,0.3585752480869469,0.38653419258801636
4.858342320150061,-0.2691995673344447,-6.201301151718277,5.12500212293458,-0.12499792549419375,0.3549839251955916,0.39173265615612296
4.875991705029202,-0.26760238482984455,-6.1841989728170095,5.175002123679638,-0.07499792474913569,0.3194694590736439,0.4408280197704977
4.892330150449517,-0.26583376377946166,-6.1647730768719,5.175002123679638,-0.07499792474913569,0.3181642246523115,0.4425648000872915
4.907782078602852,-0.26386163776786553,-6.146357560685913,5.175002123679638,-0.07499792474913569,0.31634065635153147,0.44498449295658693
4.923457397558633,-0.261539206056991,-6.126679692745956,5.175002123679638,-0.07499792474913569,0.3144284145958423,0.44751351387837435
4.938931559496246,-0.2589373578065466,-6.107219939304008,5.225002124424696,-0.024997924004077632,0.2974940476603198,0.46956829948517265
4.953662846344998,-0.2561652805415804,-6.0869010434639295,5.225002124424696,-0.024997924004077632,0.2976006951127382,0.4694311777455855
4.965166872217024,-0.2537769291957108,-6.070176984265697,5.225002124424696,-0.024997924004077632,0.2978584500536681,0.4690996836763395
4.982585469504589,-0.24978259506682754,-6.045886607032187,5.225002124424696,-0.024997924004077632,0.2969717867493089,0.47023949514129826
4.997172171657949,-0.2461117308009939,-6.02635103465155,5.225002124424696,-0.024997924004077632,0.29501542748537274,0.4727493737642823
5.011710427346592,-0.2421450578666775,-6.007083812566192,5.225002124424696,-0.024997924004077632,0.29219894330100904,0.47635087303306967
5.025641096173403,-0.23804314557591688,-5.985918753238682,5.275002125169754,0.025002076740980428,0.29427248372655895,0.4737007349401652
5.039351815686001,-0.23369247089278034,-5.96565456716064,5.275002125169754,0.025002076740980428,0.294503738464424,0.47340471072505586
5.052892961162606,-0.2290958325605814,-5.946545414595106,5.275002125169754,0.025002076740980428,0.29366620471570387,0.474476375106464
5.0666578172800145,-0.2241198618333673,-5.925600149116346,5.275002125169754,0.025002076740980428,0.2931302784763433,0.4751614771896475
5.080262542038566,-0.21886794930031428,-5.904899615396623,5.275002125169754,0.025002076740980428,0.29195173864092167,0.4766663256778727
5.093706259581185,-0.21336412484431655,-5.884057358837062,5.325002125914812,0.07500207748603849,0.30590131699295925,0.45869230584311627
5.107526745276854,-0.2073683284698653,-5.86382484352042,5.325002125914812,0.07500207748603849,0.30620956889844864,0.45829088581061916
5.1214047919657375,-0.2010124202586141,-5.843755159768195,5.325002125914812,0.07500207748603849,0.3057961981025607,0.4588291521189223
5.132378538972826,-0.19574852295606782,-5.827688007676928,5.325002125914812,0.07500207748603849,0.30512463181352617,0.4597028819765463
5.148661546013568,-0.18753097943107733,-5.803532678163522,5.325002125914812,0.07500207748603849,0.3034642027809682,0.4618592529362431
5.161998873640869,-0.1804243138056485,-5.7833550753209,5.325002125914812,0.07500207748603849,0.3014710113079844,0.46444057405320427
5.1749882737845105,-0.1731656996655282,-5.763647091954335,5.37500212665987,0.12500207823109655,0.32723717715286416,0.4304042193804123
5.188438410365919,-0.16530527173932796,-5.74618104895741,5.37500212665987,0.12500207823109655,0.3259024237709083,0.4322064291159824
5.198745458334669,-0.15473091560106056,-5.726950653639541,5.37500212665987,0.12500207823109655,0.3321003409687763,0.423797005793773
5.202235119920741,-0.14023470174732466,-5.7074327632829815,5.37500212665987,0.12500207823109655,0.3527113999280711,0.39499677673863487
5.212855315380364,-0.12511690103447748,-5.685163145605438,5.4250021274049285,0.1750020789761546,0.387249501624608,0.34296465518091956
5.227649916878307,-0.11481466449280475,-5.66583262310188,5.4250021274049285,0.1750020789761546,0.388263911545629,0.34134499883494995
5.242795978835532,-0.10387273436572464,-5.648227947316424,5.4250021274049285,0.1750020789761546,0.38744017797694286,0.3426606790569082
5.258375556735116,-0.09219331667615194,-5.633497282922489,5.4250021274049285,0.1750020789761546,0.38388138309727127,0.348299234822081
5.273530421402593,-0.0805263044185569,-5.618389932296799,5.4750021281499865,0.22500207972121267,0.4058197916342437,0.3122455821518566
5.288681695154405,-0.0684949737046896,-5.607147122044552,5.4750021281499865,0.22500207972121267,0.40260885722619494,0.317731636804923
5.3043656990860875,-0.055755725146889645,-5.592972420281501,5.4750021281499865,0.22500207972121267,0.39976155426098925,0.3225311865385567
5.319676301373473,-0.04290656693868833,-5.57902151537967,5.4750021281499865,0.22500207972121267,0.39613156315210274,0.3285658210610929
5.334703293804425,-0.029965004163683417,-5.564734315111972,5.525002128895045,0.2750020804662707,0.4203915605205095,0.28624096384939124
5.350194672176824,-0.01623515193785785,-5.551795708506537,5.525002128895045,0.2750020804662707,0.4182243111107597,0.2902349815223395
5.3657085119242485,-0.002130321370133359,-5.539170928115855,5.525002128895045,0.2750020804662707,0.4150635437274703,0.2959761756382442
5.380855835202239,0.011990375802573894,-5.52620333363376,5.575002129640103,0.3250020812113288,0.437388875809951,0.2530195325432938
5.39564602624607,0.026162817916983272,-5.51225460243399,5.575002129640103,0.3250020812113288,0.4370806131250428,0.2536564426181509
5.410448919330508,0.040701482572158554,-5.501229585137068,5.575002129640103,0.3250020812113288,0.4348722070295784,0.25817786103092155
5.425917024929989,0.056242139806295555,-5.490002973313442,5.575002129640103,0.3250020812113288,0.4316238713090649,0.2647022295424428
5.443959997606905,0.07482564566265282,-5.476241853031365,5.625002130385161,0.37500208195638685,0.4534112551194813,0.21760729795543954
5.459365999210861,0.0910731458983296,-5.466254649970906,5.625002130385161,0.37500208195638685,0.4515430235820149,0.22200353864323397
5.474763528416483,0.10763293169527977,-5.456556630810738,5.625002130385161,0.37500208195638685,0.44887883053707006,0.22813678922333214
5.489875215264912,0.12420131094426345,-5.446648178629584,5.675002131130219,0.4250020827014449,0.46775867694368306,0.18055758907578423
5.505262085125843,0.14139603783331012,-5.438678963650216,5.675002131130219,0.4250020827014449,0.4662364828454239,0.1848207826086079
5.520623363266511,0.1588307668004294,-5.431421112932123,5.675002131130219,0.4250020827014449,0.46394327081930775,0.1910724426410908
5.5357041442455355,0.1761984332094375,-5.423497418936517,5.725002131875277,0.47500208344650297,0.4790182151284167,0.14536890253451618
5.55095858132808,0.19404483112897886,-5.415448796325245,5.725002131875277,0.47500208344650297,0.4784412761995162,0.1473687383842195
5.563351508840753,0.20877152601046411,-5.410757229185197,5.725002131875277,0.47500208344650297,0.4772227187352849,0.15150847253809174
5.581680373286751,0.2307507547218286,-5.402775940504621,5.775002132620335,0.525002084191561,0.48823566265846646,0.10867886285275241
5.597087738758575,0.24951339301775377,-5.39763095335867,5.775002132620335,0.525002084191561,0.48765237288093255,0.11135156602214225
5.61083677632369,0.2702429275270237,-5.392285672667011,5.775002132620335,0.525002084191561,0.48858209530851465,0.10706041151174173
5.62400426193648,0.2914531345999496,-5.387123247342081,5.825002133365393,0.5750020849366191,0.49663766173628654,0.05801828269303089
5.6419310102657185,0.31514823252612345,-5.383176882049188,5.825002133365393,0.5750020849366191,0.4967572640857102,0.056975906861270076
5.654358127339045,0.33084269828601265,-5.381748545291293,5.875002134110451,0.6250020856816771,0.4993345334836255,0.02579950082908522
5.672962303913056,0.3544008973196888,-5.380319844018976,5.875002134110451,0.6250020856816771,0.49929357809344593,0.026581730263917303
5.685318119496,0.370072336576337,-5.379312822937009,5.875002134110451,0.6250020856816771,0.4992589299316618,0.027225967087540548
5.7007562834904695,0.389703712416436,-5.3781191201357945,5.925002134855509,0.6750020864267352,0.4999998247661128,-0.00041860948078675797
5.719275984390492,0.4133004703943275,-5.377656146856946,5.925002134855509,0.6750020864267352,0.4999991042518504,-0.0009464398644782879
5.734723913979244,0.432983432812458,-5.377650655606702,5.925002134855509,0.6750020864267352,0.4999989680210603,-0.0010158638170036927
5.747077566997624,0.4487295704912544,-5.377701711793041,5.975002135600567,0.7250020871717933,0.4994007580412582,-0.024481865473681808
5.762489513151678,0.4683695990250545,-5.378397910858882,5.975002135600567,0.7250020871717933,0.4993439488952233,-0.025616297141150324
5.777954553780721,0.4880331181225426,-5.37971418467416,5.975002135600567,0.7250020871717933,0.49930616994909444,-0.026343702167964667
5.796505475107329,0.511547916149615,-5.380979892422442,6.025002136345625,0.7750020879168513,0.4979005887146812,-0.04583540079982107
5.808879668431845,0.5271894336353977,-5.382396985321445,6.025002136345625,0.7750020879168513,0.4977781745634009,-0.047153738927840916
5.824372652291203,0.5466988632272471,-5.384422422371712,6.025002136345625,0.7750020879168513,0.4976109600424381,-0.048897317194286916
5.839903608340836,0.566173782170944,-5.386511683765953,6.075002137090683,0.8250020886619094,0.49601298087634177,-0.06318498212157875
5.858597027799851,0.5895037042265052,-5.389279714652298,6.075002137090683,0.8250020886619094,0.49562597230863004,-0.06618486881069763
5.874189004545985,0.6088608792469223,-5.392009816489387,6.125002137835741,0.8750020894069674,0.49423689065036874,-0.07598850802298418
5.886644443759843,0.6242453806821118,-5.394732068283332,6.125002137835741,0.8750020894069674,0.4939973887144438,-0.07755452329793144
5.902278604508047,0.6434206239581002,-5.398181156353871,6.125002137835741,0.8750020894069674,0.4936232884454578,-0.07993975532117081
5.9210966925831725,0.6663203780691322,-5.402278909644756,6.175002138580799,0.9250020901520255,0.4926261048883425,-0.08597774612500864
5.933681428122145,0.6815246002008344,-5.405219575237098,6.175002138580799,0.9250020901520255,0.4922950638825966,-0.08789140658347883
5.949464421495489,0.7004607412818409,-5.409017165620945,6.175002138580799,0.9250020901520255,0.4917901089100723,-0.09073351000987628
5.965309473174776,0.7193237523028735,-5.412918988556934,6.225002139325857,0.9750020908970836,0.4914879320828096,-0.0923929396201505
5.981451495215474,0.7442491765088342,-5.415591940942302,6.225002139325857,0.9750020908970836,0.488222657882946,-0.10873915643709431
5.997657381019163,0.7710804519600334,-5.418173967068241,6.225002139325857,0.9750020908970836,0.4823955993646865,-0.13307822966190241
6.013543746257544,0.7911943297797972,-5.423756404038815,6.2750021400709155,1.0250020916421416,0.4834319809634001,-0.12907856086048364
6.02935649649599,0.8094357661382041,-5.429365205244166,6.2750021400709155,1.0250020916421416,0.4824793503035319,-0.1327593819166204
6.048496444213428,0.831239839405626,-5.436287218385735,6.325002140815974,1.0750020923871997,0.48477306833991696,-0.12371571823407768
6.061373864271056,0.8457365099384546,-5.440691987671972,6.325002140815974,1.0750020923871997,0.4842023760207325,-0.12602512865119753
6.080824808105335,0.8674019654651985,-5.447252891133146,6.325002140815974,1.0750020923871997,0.4830488212541988,-0.13057121157347495
6.0971036055999335,0.8853130489455587,-5.452933806442202,6.375002141561032,1.1250020931322577,0.4861434347692931,-0.11798978894048662
6.113482024336045,0.9031305643714695,-5.458636315698351,6.375002141561032,1.1250020931322577,0.4855737967192935,-0.12040237138336518
6.126650334215749,0.9173070042237974,-5.463341603335575,6.375002141561032,1.1250020931322577,0.48501137019462875,-0.12273880248124869
6.143256237625117,0.9350058603000093,-5.468530631927399,6.42500214230609,1.1750020938773158,0.48823644666262045,-0.10867522694996701
6.1633898982890205,0.9562236097277985,-5.4745088796952635,6.42500214230609,1.1750020938773158,0.48756667403949716,-0.11173895129276157
6.180295344297811,0.973846848059134,-5.47936584633613,6.42500214230609,1.1750020938773158,0.48677042229295797,-0.11527709390906926
6.197256203132279,0.9913568788203673,-5.484374892084261,6.475002143051148,1.2250020946223739,0.49020956447452896,-0.09910976495074153
6.214391558495156,1.0088762515958116,-5.488842909402844,6.475002143051148,1.2250020946223739,0.4897063334535431,-0.10163367580873517
6.231635139639379,1.0263553870697333,-5.493266643400152,6.475002143051148,1.2250020946223739,0.48902336306985494,-0.10496335550949543
6.248912539714658,1.0437122340463976,-5.497771475051488,6.525002143796206,1.275002095367432,0.4923011665589365,-0.08785650188975858
6.26628648241835,1.0610112082971153,-5.50199356365736,6.525002143796206,1.275002095367432,0.49194274737512744,-0.08988376995389724
6.283820416979531,1.07833038967628,-5.505769234380975,6.525002143796206,1.275002095367432,0.4913658668462309,-0.09305497569522103
6.3013812614288165,1.0955472442973253,-5.509823036828498,6.575002144541264,1.32500209611249,0.4943274002790955,-0.07538829697987748
6.319071879406444,1.112751747348888,-5.513438016799709,6.575002144541264,1.32500209611249,0.4940485063097931,-0.07722292864717528
6.336867810695016,1.1299424443745192,-5.516797521979366,6.575002144541264,1.32500209611249,0.4936251497951488,-0.07992806223535176
6.35470428278296,1.1470568368284741,-5.520247823297681,6.625002145286322,1.375002096857548,0.49612886829223096,-0.06225872593113857
6.372655374790636,1.1641648865243468,-5.5230838692108915,6.625002145286322,1.375002096857548,0.49591026718444775,-0.06399479744924608
6.39206377643759,1.1832446062424378,-5.526199625999941,6.625002145286322,1.375002096857548,0.49536344675070976,-0.06814511727579042
6.411636880361146,1.2023692218552213,-5.529676277056948,6.67500214603138,1.425002097602606,0.49733143632207094,-0.05168118251451759
6.4298260907074924,1.2194158089499307,-5.532249133268082,6.67500214603138,1.425002097602606,0.49718392123304783,-0.05309171939103452
6.448037088522159,1.2363722815535194,-5.534548672529771,6.725002146776438,1.4750020983476642,0.4985992091459515,-0.0374358914145122
6.466319927624815,1.253325551925652,-5.536320625826992,6.725002146776438,1.4750020983476642,0.49853126791783575,-0.03833343631025776
6.4883128639997,1.2736486192117944,-5.538339054930703,6.725002146776438,1.4750020983476642,0.4984072372587361,-0.03992004386223691
6.502993617535682,1.2871672498918532,-5.539717610432747,6.775002147521496,1.5250020990927222,0.49937552901517734,-0.024992020024361072
6.525086914042925,1.307440715877311,-5.541439606586184,6.775002147521496,1.5250020990927222,0.4993528739823453,-0.02544141723278104
6.54353426713801,1.3243282025828922,-5.5422063491538935,6.775002147521496,1.5250020990927222,0.4992865761432243,-0.02671317375277893
6.561946318441944,1.341149515556351,-5.5435225333266285,6.825002148266554,1.5750020998377803,0.4998318861151339,-0.012966237211342935
6.580418985721996,1.3579896074170197,-5.544187329102227,6.825002148266554,1.5750020998377803,0.4998242566545965,-0.013257210969720434
6.5989059700579675,1.3748302579509772,-5.544774585333466,6.825002148266554,1.5750020998377803,0.49981084321142727,-0.013753861926518063
6.617404596632123,1.3916587664534568,-5.545375869774447,6.875002149011612,1.6250021005828383,0.49999685051868875,-0.0017746787364720795
6.63591761723217,1.4084850503771662,-5.545548386793706,6.875002149011612,1.6250021005828383,0.4999970013098973,-0.0017316734969520242
6.654433396242067,1.4253113177803325,-5.545639375905607,6.92500214975667,1.6750021013278964,0.49994003653503866,0.0077436854004941935
6.672937899720333,1.4421235146473688,-5.545430530818005,6.92500214975667,1.6750021013278964,0.4999343736139211,0.008101100035992292
6.69141381568056,1.4589202717456775,-5.5450390468521835,6.92500214975667,1.6750021013278964,0.4999304546484721,0.008339482228550521
6.709895126100197,1.4757382193841302,-5.544723772135982,6.975002150501728,1.7250021020729545,0.4997393954011372,0.016143953784733434
6.728374414013036,1.4925703014663085,-5.544094247118555,6.975002150501728,1.7250021020729545,0.4997217600860717,0.016681298746961115
6.746842201319071,1.5094159645869265,-5.543372075977411,6.975002150501728,1.7250021020729545,0.4997022876572173,0.017255199128610954
6.761609504928866,1.5229046465187768,-5.542777108831225,7.025002151246786,1.7750021028180125,0.49946750893946407,0.023077816906961868
6.783743989706435,1.5431534441358643,-5.541735199184611,7.025002151246786,1.7750021028180125,0.4994213587020704,0.02405728537804941
6.8021512645903,1.5600274712713507,-5.540613961288684,7.025002151246786,1.7750021028180125,0.4993833909953039,0.024834166563184823
6.8207499228122925,1.5771633055818608,-5.539765795254587,7.0750021519918445,1.8250021035630706,0.4991477424023453,0.029197601718437438
6.840627668919454,1.5957203679306495,-5.540679021976948,7.0750021519918445,1.8250021035630706,0.4989828878231909,0.03189760827870858
6.860210656166577,1.6138823482005247,-5.540907343045604,7.0750021519918445,1.8250021035630706,0.49881119945533675,0.03448582698131619
6.878582592035082,1.6307609474381284,-5.539420248578055,7.1250021527369025,1.8750021043081286,0.4986185630049135,0.03717625741703756
6.900591240265124,1.651049173531911,-5.537516698459981,7.1250021527369025,1.8750021043081286,0.4985039253961069,0.03868878327267633
6.915239334296684,1.6645964175945593,-5.536178168918484,7.175002153481961,1.9250021050531867,0.49843217130796724,0.03960618023975715
6.933521208883559,1.6815554323155943,-5.534457485896046,7.175002153481961,1.9250021050531867,0.4983443054470755,0.04070147474115626
6.955406105674882,1.701932389768631,-5.5322781723161745,7.175002153481961,1.9250021050531867,0.49821070098418085,0.04231274491219428
6.969951103726551,1.715524398518463,-5.530790627051403,7.225002154227019,1.9750021057982448,0.49827188466732336,0.0415826015009213
6.988113829284147,1.7325573336786686,-5.528992575368046,7.225002154227019,1.9750021057982448,0.4981717716786959,0.042770840240782704
7.006255063596285,1.7496324037077198,-5.527146049105183,7.225002154227019,1.9750021057982448,0.4980440322021188,0.04424077194268494
7.024362365400199,1.766739726324996,-5.525234348817638,7.275002154972077,2.025002106543303,0.4982033902298337,0.042399149774922096
7.042441225103049,1.783886353696838,-5.523344425299225,7.275002154972077,2.025002106543303,0.4981012774158505,0.04358815082490475
7.060492182796594,1.801070203962924,-5.521455810026708,7.275002154972077,2.025002106543303,0.4979651834889298,0.045124271315586606
7.0785048705151485,1.8182824650480285,-5.519524434234167,7.325002155717135,2.075002107288361,0.49823504492644527,0.04202374936647679
7.1000562563318566,1.838963637816999,-5.517183241685892,7.325002155717135,2.075002107288361,0.49811528964936386,0.04342691481506766
7.117975487430209,1.85623192768392,-5.515357273259673,7.325002155717135,2.075002107288361,0.4979662371224361,0.04511257911455124
7.135872244758387,1.8735434080840587,-5.513395885988406,7.375002156462193,2.125002108033419,0.4983434866259401,0.04071154349601769
7.15374790238331,1.8909027991787202,-5.511573739392144,7.375002156462193,2.125002108033419,0.49824010512536177,0.04196342870347092
7.171596550587991,1.908297740257062,-5.509743219557703,7.425002157207251,2.175002108778477,0.4985942564225867,0.03750204439458704
7.18942172514277,1.925733281286771,-5.508018365977951,7.425002157207251,2.175002108778477,0.4985233213090208,0.03843704944139015
7.207226116980485,1.9432054045914242,-5.506341723257781,7.425002157207251,2.175002108778477,0.4984239276587459,0.03971022317524153
7.224996703610303,1.960704181932881,-5.5046050345286375,7.475002157952309,2.225002109523535,0.498804223332341,0.034586904196215684
7.242710711366739,1.978206577742153,-5.503013296000246,7.475002157952309,2.225002109523535,0.4987419502717195,0.03547644351888746
7.260761243158275,1.9950495949629516,-5.501411159882302,7.475002157952309,2.225002109523535,0.49848283855821635,0.038960621443634436
7.279291846815248,2.010859963912983,-5.499563702067005,7.525002158697367,2.225002109523535,0.49556232848980203,-0.06666535101547344
7.297427847693719,2.0272523588238816,-5.501423785798237,7.525002158697367,2.225002109523535,0.49561427375094896,-0.06627344741515229
7.3150598527204025,2.044697197570043,-5.504331465309852,7.575002159442425,2.225002109523535,0.4711401793951531,-0.17072459470411427
7.3321224548021915,2.061464129032716,-5.51102167791435,7.625002160187483,2.225002109523535,0.4354434177433256,-0.25701524407030407
7.348318237649224,2.0770925512416945,-5.521047118851062,7.625002160187483,2.225002109523535,0.4315990888968492,-0.2647514528608028
7.364195962900784,2.092024045836826,-5.535586963017816,7.675002160932541,2.225002109523535,0.39499562836808105,-0.33043562997686127
7.379409115672006,2.1059681111970434,-5.547148374278651,7.675002160932541,2.225002109523535,0.38959000828951507,-0.3392183584174949
7.393815018320284,2.118834367243286,-5.563140749356272,7.675002160932541,2.225002109523535,0.38637685161596086,-0.3443531001109392
7.408561589452885,2.1315412215976615,-5.577898309384281,7.725002161677599,2.225002109523535,0.3524789268348298,-0.3953296071828517
7.4226838543235765,2.1433933787744532,-5.594283383956412,7.725002161677599,2.225002109523535,0.34825835938768007,-0.40133829444312696
7.436280927868705,2.1543972942446086,-5.611755122740517,7.775002162422657,2.225002109523535,0.32389878327030186,-0.4349030152221304
7.452154622145448,2.1667424468505345,-5.634187205262596,7.775002162422657,2.225002109523535,0.32115877678175697,-0.4385740197460286
7.462412786632566,2.174403809330622,-5.649117655150758,7.775002162422657,2.225002109523535,0.3192679367896218,-0.44109643898162143
7.4777516132543855,2.185435374636169,-5.670583934541848,7.825002163167715,2.225002109523535,0.30378223150604267,-0.46144666092073017
7.4879501958967865,2.1924794846212095,-5.686545830167147,7.825002163167715,2.225002109523535,0.30299490610231516,-0.4624677254918126
7.500613852218771,2.2008941612271293,-5.706714522805393,7.825002163167715,2.225002109523535,0.3018770035697148,-0.4639154143512748
7.5160354858359275,2.210654074490435,-5.731024835780119,7.825002163167715,2.225002109523535,0.2997748798154464,-0.466631134874279
7.526379742443424,2.216907718550406,-5.7473127183096535,7.875002163912773,2.225002109523535,0.295589165318659,-0.47201401705107315
7.539324319474396,2.2244152722486312,-5.767819390613258,7.875002163912773,2.225002109523535,0.2950078037734045,-0.47275914109909334
7.554897473885806,2.23298239059112,-5.792820883758245,7.875002163912773,2.225002109523535,0.2939946577745342,-0.47405624995608875
7.568005994774666,2.239815890738166,-5.8136566668383205,7.875002163912773,2.225002109523535,0.29250679907360444,-0.4759578790621313
7.581230932776597,2.246356583478347,-5.834411884604936,7.9250021646578315,2.225002109523535,0.29670855013839686,-0.4705776114932999
7.594579284869115,2.2526162241013132,-5.855127717959646,7.9250021646578315,2.225002109523535,0.2963303215870799,-0.47106321040876076
7.60815739351964,2.258646727531069,-5.875208066244599,7.9250021646578315,2.225002109523535,0.29491716324154815,-0.4728752599012609
7.621849734924268,2.2643990672243426,-5.896006335529517,7.9250021646578315,2.225002109523535,0.2933143328880142,-0.4749262470705409
7.63557752459263,2.2698263743431824,-5.916745653372763,7.9750021654028895,2.225002109523535,0.30463641789113344,-0.4603374909131359
7.6496974570843745,2.275078221591084,-5.937166868652945,7.9750021654028895,2.225002109523535,0.3040201229471924,-0.4611379028844087
7.664169161551641,2.2801315949583465,-5.957297334043794,7.9750021654028895,2.225002109523535,0.302402214955483,-0.46323556740016225
7.678631474195229,2.2848586277044376,-5.977558491492261,7.9750021654028895,2.225002109523535,0.3002866805365348,-0.4659707197884815
7.693251380019589,2.2883074487025947,-5.998740531788258,8.025002166147948,2.225002109523535,0.31962557157961347,-0.4406200167440574
7.708760704386513,2.2908787017883174,-6.019608980524974,8.025002166147948,2.225002109523535,0.3220733169148733,-0.43735083801364183
7.724633553506841,2.294280074556685,-6.039805923311482,8.025002166147948,2.225002109523535,0.32140372934229716,-0.4382466041264138
7.740453026125191,2.2980450877908343,-6.059424085119104,8.075002166893006,2.225002109523535,0.34024184955102754,-0.4125833328693995
7.756667590566815,2.3015722540369357,-6.0777125532933125,8.075002166893006,2.225002109523535,0.33856783151787284,-0.41490536406579837
7.773482993445029,2.3049183660976116,-6.095732829154769,8.075002166893006,2.225002109523535,0.33556346556609906,-0.4190512189744574
7.7900735467982605,2.3079014022930426,-6.114109538063254,8.125002167638064,2.225002109523535,0.3562360157623657,-0.3899259089486796
7.807281102498843,2.3106784622973535,-6.132356515985219,8.125002167638064,2.225002109523535,0.3547619693763451,-0.3920523128111383
7.825348127403007,2.313281514733161,-6.147874870571205,8.125002167638064,2.225002109523535,0.3502898728094654,-0.3984540269356275
7.843349543654668,2.3156002190238585,-6.1631848211949585,8.175002168383122,2.225002109523535,0.37077176578392745,-0.3684825854515412
7.860960343424697,2.3175643926289826,-6.181823783227551,8.175002168383122,2.225002109523535,0.370011867898744,-0.36962643087291214
7.879537854525186,2.3192705250600625,-6.197424100109816,8.175002168383122,2.225002109523535,0.3662015339175824,-0.3753223011924085
7.8978138791679635,2.3207201040849483,-6.213533965590599,8.22500216912818,2.225002109523535,0.3890128945428266,-0.3401451775454435
7.916935348207312,2.321899398078571,-6.2284548764893,8.22500216912818,2.225002109523535,0.38613054986715406,-0.34474417628872156
7.940275244524314,2.3229688653067413,-6.246445223642876,8.22500216912818,2.225002109523535,0.3812961968416748,-0.3523503285626033
7.959426785374616,2.323528674826891,-6.2618053777298925,8.275002169873238,2.225002109523535,0.405310099836705,-0.31312178886303343
7.979474331755002,2.3238081906147023,-6.275903303791866,8.275002169873238,2.225002109523535,0.40217702516202736,-0.3184634169325049
7.999761486640732,2.323820624613406,6.27659477636518,8.325002170618296,2.225002109523535,0.42338597504342135,-0.2806413400886719
8.02062775260989,2.323542784717894,6.264068308616063,8.325002170618296,2.225002109523535,0.42063140402955834,-0.28579597890757114
8.04207051953355,2.323001953651527,6.251563236074453,8.375002171363354,2.225002109523535,0.43918370691701625,-0.24928202163730717
8.063479150872952,2.3221904669618976,6.239040056550844,8.375002171363354,2.225002109523535,0.43755719853100183,-0.2526711449970209
8.085418341745212,2.321098581825261,6.228117518291049,8.375002171363354,2.225002109523535,0.43432634533149356,-0.2592845087120639
8.102432990555833,2.3194481595873455,6.220212878361267,8.425002172108412,2.225002109523535,0.453123531811757,-0.21828971290020016
8.128290293936942,2.316459018391525,6.209912475833349,8.425002172108412,2.225002109523535,0.4515597347464373,-0.22196457306329798
8.150753431099565,2.3144831401106725,6.200643851719227,8.47500217285347,2.225002109523535,0.4663230839472537,-0.18458075527547613
8.173828792835115,2.3124704795616005,6.192280027704444,8.47500217285347,2.225002109523535,0.4645532834014986,-0.18942857247036982
8.197114524118664,2.310256842824881,6.183761131277123,8.525002173598528,2.225002109523535,0.4765563150727453,-0.1537267331747142
8.220649586474092,2.307823167176579,6.176989578654441,8.525002173598528,2.225002109523535,0.47519825968181817,-0.15815416212343913
8.244382761837096,2.3052072064330016,6.170008143023522,8.575002174343586,2.225002109523535,0.4846612447890268,-0.12417154351489923
8.268079837977659,2.3024221214863214,6.163279736258554,8.575002174343586,2.225002109523535,0.48408256930918747,-0.12650470913656142
8.292076566482837,2.2994596959391114,6.15750713661302,8.625002175088644,2.225002109523535,0.49117732723125107,-0.09406849497520475
8.316321210338579,2.2963357618357634,6.152806578385442,8.625002175088644,2.225002109523535,0.4907309955854152,-0.09642586314687107
8.34069023863853,2.293090189722676,6.148617020601999,8.675002175833702,2.225002109523535,0.4956169909992424,-0.06625288357548731
8.365150579406862,2.28973593557717,6.145207564262295,8.675002175833702,2.225002109523535,0.49540018521386353,-0.0678741816907209
8.389696819228462,2.286295104638125,6.142342637883657,8.72500217657876,2.225002109523535,0.49840585002945004,-0.03993743367958902
8.414251370748056,2.282784407393871,6.140392130413704,8.72500217657876,2.225002109523535,0.4983176232969394,-0.0410283069319084
8.438934622692308,2.2792093115178798,6.138635852075862,8.775002177323818,2.225002109523535,0.499763767714603,-0.015370455174664177
8.463593074853712,2.275593161395445,6.137326345202312,8.775002177323818,2.225002109523535,0.4997692412684732,-0.015191329304386714
8.488309834653286,2.271952715119376,6.1366109558155655,8.825002178068877,2.225002109523535,0.49993566442540566,0.008021032002409223
8.51304479606621,2.2682997275395618,6.136513536223548,8.825002178068877,2.225002109523535,0.4999232778446365,0.008759230424556286
8.537785985756276,2.26465322855527,6.136878433265494,8.875002178813935,2.225002109523535,0.49914454705802874,0.02925230096893139
8.56254283842635,2.2610163037197317,6.137464712328602,8.875002178813935,2.225002109523535,0.49904199131996585,0.03095666227945526
8.59043302504552,2.2552133507444463,6.1380486472210345,8.925002179558993,2.225002109523535,0.4969751652525442,0.05502631297234317
8.619223991286804,2.2487340062885277,6.139235209227695,8.925002179558993,2.225002109523535,0.4955980538957515,0.06639606582242963
8.6447509184276,2.2445059235461233,6.141751904611607,8.97500218030405,2.225002109523535,0.49324890947897915,0.08225813152313388
8.669189085447586,2.2410603514255243,6.144972962218514,8.97500218030405,2.225002109523535,0.4927006498164092,0.08554097666685845
8.693595021956693,2.2377121229150756,6.148643914248708,9.025002181049109,2.225002109523535,0.4908290687962066,0.09591278042608709
8.717958510058033,2.234465819908845,6.152639825114039,9.025002181049109,2.225002109523535,0.4901515724672689,0.09940384094928167
8.742273938006086,2.231329842663735,6.156918474234779,9.075002181794167,2.225002109523535,0.4886284434541213,0.10684205410951586
8.766545824924481,2.2283068894323055,6.1614722008709135,9.075002181794167,2.225002109523535,0.48782965742948026,0.11054594957827968
8.790793270059137,2.225397937968232,6.166178800402944,9.125002182539225,2.225002109523535,0.4867635908180483,0.1153069881228781
8.81497118008411,2.2226122621997426,6.171289831439328,9.125002182539225,2.225002109523535,0.48589764298379984,0.11903666900038234
8.83912186341059,2.2199565334782783,6.176435668847993,9.175002183284283,2.225002109523535,0.48538966978178616,0.12117213059424459
8.863243680931594,2.217434186673735,6.181693859176224,9.175002183284283,2.225002109523535,0.484431540093353,0.1251027869951875
8.887352556422307,2.2150463231288544,6.187078049052549,9.225002184029341,2.275002110268593,0.43130273178789413,0.2653394523870476
8.909996260343453,2.2129413327193213,6.195945040252791,9.225002184029341,2.275002110268593,0.4265913786470512,0.2745365862824365
8.931167223555647,2.2112208648379745,6.208037804127506,9.225002184029341,2.275002110268593,0.42313267177613434,0.2811187941999336
8.952342967814289,2.2097547266634905,6.220161811627134,9.275002184774399,2.325002111013651,0.3595329071464127,0.38513943172176446
8.972460333027767,2.208589279655305,6.229840630884362,9.275002184774399,2.325002111013651,0.3509667381107715,0.39748978935992785
8.991958612137001,2.2076259387067285,6.237836368025628,9.275002184774399,2.325002111013651,0.34039911286118363,0.412364743364086
9.010265965707053,2.2069016643198225,6.252046838690506,9.275002184774399,2.3750021117587092,0.24520204917165006,0.534823951567424
9.024352109197835,2.2065678201267414,6.274103498710388,9.275002184774399,2.3750021117587092,0.24293198197396543,0.5375905739655009
9.037012381965084,2.2041339220164975,-6.263104395701898,9.275002184774399,2.4250021125037673,0.1732228436049034,0.6218531388979691
9.045072907882751,2.20159451486491,-6.236862755124518,9.275002184774399,2.4250021125037673,0.17490710360117587,0.6198063998232299
9.051731874322748,2.201870783788536,-6.214984089844293,9.275002184774399,2.4250021125037673,0.17888768448608902,0.6149764699417011
9.062252016152,2.20275925385112,-6.182644187158398,9.275002184774399,2.4250021125037673,0.1841637998884313,0.6085883371528085
9.071234370973325,2.2037847395779036,-6.155914950488947,9.275002184774399,2.4250021125037673,0.18809507883815677,0.6038368501475251
9.08040612654925,2.205083554711555,-6.129431440896533,9.275002184774399,2.4750021132488254,0.142425372100827,0.6597654883597621
9.087909880577406,2.2063464096514576,-6.101024222296199,9.275002184774399,2.4750021132488254,0.14793657266447152,0.6528950953592152
9.094777008237038,2.2077147462900353,-6.0727385979358965,9.275002184774399,2.4750021132488254,0.15411957202940413,0.6452389475103999
9.102268974789329,2.2094285460716954,-6.0439444398439734,9.275002184774399,2.4750021132488254,0.1599555659939822,0.6380560643060535
9.109933725421694,2.2114134948376947,-6.015262333966252,9.275002184774399,2.4750021132488254,0.16556462927298846,0.6311867444568908
9.117585914991867,2.213627123868731,-5.988204668953801,9.275002184774399,2.4750021132488254,0.1703534699028515,0.625344753400259
9.12561732755077,2.2161934711548916,-5.9604867431121145,9.275002184774399,2.5250021139938834,0.1401165515609199,0.6626580880889239
9.132481378152452,2.2185985139957527,-5.93188738025084,9.275002184774399,2.5250021139938834,0.1461895548612863,0.6550679715322354
9.139052572026317,2.221119020919394,-5.903131231021501,9.275002184774399,2.5250021139938834,0.15271618954195212,0.6469722777962121
9.14597185257746,2.2240012435850804,-5.874759645381018,9.275002184774399,2.5250021139938834,0.1587474141638434,0.639539878529169
9.153052064103408,2.2271856311628344,-5.846706493327927,9.275002184774399,2.5250021139938834,0.16444495285155927,0.6325555549386157
9.160306597440613,2.2306949407404293,-5.818960908839754,9.275002184774399,2.5250021139938834,0.16973921797078179,0.6260930266760665
9.1677095169299,2.2345296374719705,-5.79149688561392,9.275002184774399,2.5250021139938834,0.17460860245026824,0.6201690013669776
9.175218822910157,2.23868334513042,-5.7642897106196855,9.275002184774399,2.5250021139938834,0.17905532583870054,0.6147732683294556
9.182811833469733,2.2431553577115526,-5.737317090293982,9.275002184774399,2.5750021147389415,0.16040836842990802,0.63750034946248
9.189756379102672,2.2475008525421334,-5.709438424670798,9.275002184774399,2.5750021147389415,0.16604649451459863,0.6305980143286394
9.1962307197594,2.251815041039114,-5.682742954696862,9.275002184774399,2.5750021147389415,0.17158202225629607,0.6238490280339843
9.202659549906794,2.256354517234147,-5.657471604055519,9.275002184774399,2.5750021147389415,0.17635726653367423,0.6180456640352279
9.209057993429461,2.261098160634381,-5.633006148213601,9.275002184774399,2.5750021147389415,0.18060260212680312,0.6128985234042319
9.21888884639857,2.265374566828383,-5.606790612915995,9.275002184774399,2.5750021147389415,0.17979507669281555,0.61387679037493
9.228683839636746,2.2697882195917263,-5.581113572752815,9.275002184774399,2.5750021147389415,0.17825672034606138,0.6157414202502669
9.23677492553557,2.2767072536863378,-5.548871514247235,9.275002184774399,2.5750021147389415,0.18294327833494878,0.6100648608004664
9.243369598118825,2.2828246161229853,-5.522125783097811,9.275002184774399,2.6250021154839995,0.17854506989537183,0.6153918105434408
9.24972267092979,2.2890405273534125,-5.495248070261341,9.275002184774399,2.6250021154839995,0.18360244160404485,0.6092673532077053
9.254989079123188,2.2944546728776594,-5.472785300720903,9.275002184774399,2.6250021154839995,0.18769506204441047,0.6043200451533659
9.26225365569477,2.3023289550599433,-5.442008175983234,9.275002184774399,2.6250021154839995,0.19287600856027654,0.5980659096264354
9.26848801582957,2.3094855896909614,-5.415768526539484,9.275002184774399,2.6250021154839995,0.1968318924857414,0.5932954838290943
9.273442721694792,2.3154509369467373,-5.3949510467228174,9.275002184774399,2.6250021154839995,0.19964280081502864,0.5899075667495606
9.280741387828105,2.324717950210321,-5.3639815041975805,9.275002184774399,2.6250021154839995,0.20334899427168188,0.5854419740384695
9.28660555310925,2.3326174507458663,-5.3391636610631945,9.275002184774399,2.6750021162290576,0.208864787150255,0.5787968700765569
9.292425892373311,2.3408644840639923,-5.314525057125102,9.275002184774399,2.6750021162290576,0.21241955300210702,0.5745134964437149
9.29829820188649,2.349647670013571,-5.289145949073135,9.275002184774399,2.6750021162290576,0.2157641320480719,0.5704818914740535
9.303990036972573,2.3586506650020667,-5.264163123022673,9.275002184774399,2.6750021162290576,0.2186172060246487,0.5670410545144666
9.309540338015013,2.3679273465948807,1.0438552324686803,9.275002184774399,2.6750021162290576,0.2209875574008335,0.5641808604170002
9.314923243489895,2.377450510526126,1.068561365466153,9.275002184774399,2.6750021162290576,0.2228778734445807,0.5618987303892706
9.32010601534684,2.3871693192551326,1.0931999346975407,9.275002184774399,2.7250021169741157,0.23737117023651563,0.5443529091816628
9.3253169988662,2.3975458276773463,1.117213498168214,9.275002184774399,2.7250021169741157,0.23985378017543035,0.5413363615852378
9.330422928299374,2.4083382361316357,1.1409046062711343,9.275002184774399,2.7250021169741157,0.2415375486421075,0.5392882174495108
9.335275037503632,2.419255499923935,1.1645422017687628,9.275002184774399,2.7250021169741157,0.24285541315785408,0.5376838271360067
9.339904281520985,2.430372604020837,1.1880495268224605,9.275002184774399,2.7250021169741157,0.24362864732490938,0.536741914913492
9.344288723529615,2.4416529573648535,1.2115584615429855,9.275002184774399,2.7750021177191737,0.26455075102615305,0.5110646513977442
9.348493847373758,2.4532411335890103,1.2347547217378736,9.275002184774399,2.7750021177191737,0.26668721924968475,0.5084181308231108
9.35272576932134,2.4658183555228295,1.2573256147794478,9.275002184774399,2.7750021177191737,0.26719169044140306,0.5077924601913271
9.35683137269628,2.4789295499082495,1.2776323607339588,9.275002184774399,2.7750021177191737,0.26535995562347064,0.5100628696515084
9.361055067324678,2.4913832779696374,1.2982265531145156,9.275002184774399,2.8250021184642318,0.28811141164620746,0.4815537658407578
9.367201558351844,2.500561728008206,1.3208747722994483,9.275002184774399,2.8250021184642318,0.28702452668957973,0.4829326335329718
9.373545257985116,2.5142420472554843,1.3450396733888712,9.275002184774399,2.8250021184642318,0.2833811485502949,0.4875412676678419
9.376582651204794,2.528050931405579,1.366404797628307,9.275002184774399,2.8250021184642318,0.2826796286217976,0.48842631661587554
9.378761479422964,2.539046792471897,1.3834534961849227,9.275002184774399,2.8250021184642318,0.28181705632795484,0.48951354726224583
9.38123659581557,2.5528924939102993,1.4049801386096394,9.275002184774399,2.87500211920929,0.31272967849641137,0.4497531703547155
9.383493208958058,2.5671633153911113,1.423557502692908,9.275002184774399,2.87500211920929,0.3117090329466954,0.4510957114797285
9.385996261104628,2.585534477977985,1.4466727104793948,9.275002184774399,2.87500211920929,0.30916312428569015,0.4544346287000949
9.387740134877639,2.6008342007188503,1.4663760591613075,9.275002184774399,2.925002119954348,0.34000762388210887,0.4129087528978115
9.389020854566454,2.6139295074910365,1.4812854649307945,9.275002184774399,2.925002119954348,0.3389764593338123,0.4143393585048931
9.390613932650227,2.6342347150390335,1.5029635714893808,9.275002184774399,2.925002119954348,0.33572188655628954,0.4188332838664641
9.391426453276177,2.647604587429468,1.5176023325239152,9.275002184774399,2.925002119954348,0.3331470761865175,0.42236624156727665
9.392160475370474,2.6642339194795728,1.5360388943712344,9.275002184774399,2.975002120699406,0.3658124743786646,0.3759002456742577
9.392611148447394,2.6816726267904,1.5533799798902248,9.275002184774399,2.975002120699406,0.36380778632180244,0.3788677934042868
9.392776267986566,2.700166421720523,1.5702331283709494,9.275002184774399,3.025002121444464,0.39223458965858,0.33494490895719564
9.392550061332892,2.722816524368909,1.5916723172116654,9.275002184774399,3.025002121444464,0.3912946596935859,0.33646878383912493
9.391996792985056,2.7418741656961707,1.6083839161249098,9.275002184774399,3.025002121444464,0.38900855338673324,0.3401521415657114
9.391312951154863,2.757015981432504,1.621759605081321,9.275002184774399,3.075002122189522,0.4177886158709579,0.29103218160446875
9.390135207187587,2.777234344438652,1.6352146622520045,9.275002184774399,3.075002122189522,0.4153539747004312,0.29545265281416944
9.388339602745983,2.802179136674715,1.6505724975002394,9.275002184774399,3.12500212293458,0.43773863250556094,0.2522951340831536
9.386490737534944,2.823653531075225,1.6620125629704021,9.275002184774399,3.12500212293458,0.43534110954187083,0.25722382465780735
9.384388330590316,2.8454049369891354,1.6734005658301216,9.275002184774399,3.12500212293458,0.4320172795682636,0.26391973776983924
9.382059638614585,2.8668561483213786,1.68466485731889,9.275002184774399,3.175002123679638,0.4536648832019871,0.21700409404958831
9.379452592359247,2.8887328026259773,1.693084586904861,9.275002184774399,3.175002123679638,0.4508037452860415,0.22372102507907177
9.377029168101576,2.91067223427995,1.7041988028736088,9.275002184774399,3.2250021244246962,0.4684738765322675,0.17852105978228172
9.375286986504271,2.931298224829053,1.7171637393233994,9.275002184774399,3.2250021244246962,0.4677210747426751,0.18066405526426466
9.37265743179374,2.952896689855409,1.7287826269140305,9.275002184774399,3.2750021251697543,0.4817412842205502,0.1355440829570087
9.368861233526648,2.9760852912830096,1.7365562941359034,9.275002184774399,3.2750021251697543,0.4811841625659687,0.13760969917218002
9.364797155798954,2.999909086726152,1.7424231024422532,9.275002184774399,3.3250021259148124,0.490513216544948,0.09755567502768603
9.360599089709488,3.0237898030110806,1.7472046056086359,9.275002184774399,3.3250021259148124,0.49000750990686875,0.100130691020486
9.356301260783741,3.0476839058622947,1.7505044353004566,9.275002184774399,3.3750021266598704,0.4959530891971708,0.0636584254940229
9.351877511115783,3.0718139897077688,1.7534383409136174,9.275002184774399,3.3750021266598704,0.4957045447840369,0.0655868556740109
9.34732986633987,3.0962292250033476,1.756238185103956,9.275002184774399,3.4250021274049285,0.49903362502521204,0.031091584226037083
9.342707664579008,3.120682239082199,1.7579964065295266,9.275002184774399,3.4250021274049285,0.4989951239706567,0.03170509430866719
9.33803967734678,3.1452468292083955,1.7592007565993886,9.275002184774399,3.4750021281499865,0.4999997684843533,0.0004811607471537638
9.333358561171828,3.1697475944966103,1.7597219422726667,9.275002184774399,3.4750021281499865,0.49999999898007247,-3.1936304668356286e-05
9.328663404758295,3.1943226038850137,1.7597597923378787,9.275002184774399,3.5250021288950446,0.49921156346858386,-0.02808280483647163
9.32396578154546,3.218936362525393,1.7593327914574297,9.275002184774399,3.5250021288950446,0.4991065937884505,-0.029894356314765003
9.319282660689728,3.2435433137555956,1.7583706644565056,9.275002184774399,3.5750021296401027,0.49700944711124245,-0.054713290595202246
9.314656979455153,3.268004277691844,1.7563128350011967,9.275002184774399,3.5750021296401027,0.4967549409387318,-0.05699633463249154
9.310098208786243,3.2924374530636644,1.7538211070208303,9.275002184774399,3.6250021303851607,0.49397095690729226,-0.07772543337165083
9.305615405160337,3.316816111180972,1.750761920196275,9.275002184774399,3.6250021303851607,0.49348876333684877,-0.08078040548196297
9.301233611210648,3.341139569014949,1.7472285279260695,9.275002184774399,3.675002131130219,0.49048308329599105,-0.09771098707535986
9.296964014372247,3.3653682837576557,1.7433324233551621,9.275002184774399,3.675002131130219,0.48975811218312076,-0.1013768444699561
9.291945903326585,3.3939311166120376,1.739158357479349,9.275002184774399,3.725002131875277,0.48644469898283627,-0.11669407712186286
9.28858806340199,3.412571828017634,1.7373503324338568,9.275002184774399,3.725002131875277,0.4850744663955649,-0.12247886287929799
9.283698389519946,3.4409289543481796,1.7327405987980353,9.275002184774399,3.775002132620335,0.4818630668769678,-0.1350884566296776
9.28062198662577,3.4599922673576486,1.7280206360413495,9.275002184774399,3.775002132620335,0.4809441339996725,-0.13849039256883766
9.276917505765338,3.483794410058125,1.7220213177431327,9.275002184774399,3.825002133365393,0.4792405045534535,-0.14459122258009172
9.27336566141911,3.5075620842496393,1.7157977473908754,9.275002184774399,3.825002133365393,0.47795376300407405,-0.14903830798720952
9.269325277904967,3.535993087975566,1.7081545839239032,9.275002184774399,3.875002134110451,0.47680760752656093,-0.15289391160343158
9.266760186594752,3.5549358522138332,1.7028592569395933,9.275002184774399,3.875002134110451,0.47570659797031045,-0.15651108289624716
9.263703537703627,3.578589350829338,1.6961000021349237,9.275002184774399,3.925002134855509,0.4756765301270985,-0.1566087328531457
9.260251799847317,3.6069611574154896,1.6878551384933165,9.275002184774399,3.925002134855509,0.47399939648061773,-0.1619654940768097
9.258076743808758,3.6258856826496713,1.6823774387206913,9.275002184774399,3.975002135600567,0.4750370284959352,-0.15867187203921473
9.25502045100294,3.6542091502604865,1.6738392775601914,9.275002184774399,3.975002135600567,0.47342439065983477,-0.16376317124429152
9.252661684689777,3.677789084070776,1.6668351304693807,9.275002184774399,4.025002136345625,0.47495529373233253,-0.15893369920293499
9.25046636288402,3.7014148707358627,1.65998418337732,9.275002184774399,4.025002136345625,0.4735443288288595,-0.1633897724361849
9.248436910457695,3.725063723339815,1.6528726634298487,9.275002184774399,4.025002136345625,0.4717860531192685,-0.16878417803150203
9.246587034673771,3.748637873060636,1.6455480895301724,9.275002184774399,4.075002137090683,0.47455614751988356,-0.16020638540278775
9.24490172621541,3.7723151374400645,1.638474103009382,9.275002184774399,4.075002137090683,0.47293891524424364,-0.1652662897851238
9.24367183215834,3.7912711710614673,1.6327964726548692,9.275002184774399,4.125002137835741,0.47636403769750224,-0.15436103532302192
9.242033378161786,3.819659081253925,1.6239951604693352,9.275002184774399,4.125002137835741,0.4748142414562526,-0.15938456690719116
9.24085042137668,3.8434008015949352,1.6169374931077583,9.275002184774399,4.175002138580799,0.4783502571310973,-0.14768183733809503
9.240180800076855,3.8687980621576115,1.6090186094060908,9.275002184774399,4.175002138580799,0.4775795001188524,-0.15030783633523948
9.240015570953213,3.895457636215496,1.6001611723959777,9.275002184774399,4.225002139325857,0.48206793137894044,-0.13431859724564676
9.239751115704912,3.9209230324996076,1.5930028856911707,9.275002184774399,4.225002139325857,0.48141529392919735,-0.1367564323156556
9.239286964157309,3.9450413477280053,1.587046391805941,9.275002184774399,4.2750021400709155,0.4848409143488152,-0.12343835509638257
9.238963044831003,3.969275534617964,1.58153436613272,9.275002184774399,4.2750021400709155,0.48386248958265704,-0.12738107637083063
9.238768857114968,3.9935375716856276,1.5759919628264303,9.275002184774399,4.325002140815974,0.4871545200049532,-0.11358387428284555
9.2387081001801,4.0177971105150725,1.5706258231942893,9.275002184774399,4.325002140815974,0.4863992442693322,-0.11689047665599572
9.238774876644761,4.0420114947354,1.5652941615417104,9.275002184774399,4.375002141561032,0.48952988803042036,-0.1025041104361949
9.23896832874049,4.066410629060483,1.5606518484806067,9.275002184774399,4.375002141561032,0.48886900587231286,-0.10570157275185488
9.23927180180338,4.0908953173041125,1.5560562127459776,9.325002185519457,4.42500214230609,0.4471095185766763,-0.23212715108588544
9.239689941933433,4.113775132283593,1.5471134464381402,9.325002185519457,4.42500214230609,0.4439320931255916,-0.23913940680791723
9.240336542076044,4.135975624434891,1.5366980871404294,9.325002185519457,4.42500214230609,0.44086703554156104,-0.24572999102592652
9.24120556396814,4.158162990836107,1.5260429567121303,9.325002185519457,4.475002143051148,0.45631540374745744,-0.21060417271428877
9.242329077912132,4.180602037443368,1.5162885802606065,9.325002185519457,4.475002143051148,0.45416386971255845,-0.21581277443463887
9.24368049523164,4.203473688827676,1.5070301857025838,9.375002186264515,4.525002143796206,0.40531902694626953,-0.3131064600568416
9.24519093106544,4.225695954913893,1.4986164448706827,9.375002186264515,4.525002143796206,0.3983824838823321,-0.3248346727775133
9.246809471256302,4.247266487376154,1.4921636278208865,9.375002186264515,4.525002143796206,0.38926680024283733,-0.3397376663830246
9.24882678810886,4.270326182124312,1.4725631470628437,9.375002186264515,4.575002144541264,0.4204274613512151,-0.28617439486950413
9.251028223648191,4.29094370180814,1.4597551932489585,9.375002186264515,4.575002144541264,0.4173955454846389,-0.29174977302930094
9.253482472470075,4.3118546255506764,1.446998453082724,9.375002186264515,4.575002144541264,0.4131739689989831,-0.2993630622195952
9.254811410870708,4.332756444688334,1.4366956602122034,9.375002186264515,4.575002144541264,0.4040143868625437,-0.31534003936877475
9.256230431611694,4.357602938920571,1.4240056829789258,9.375002186264515,4.575002144541264,0.38957805066300827,-0.33923758246862434
9.258573738654643,4.373385779330368,1.4118735741482225,9.375002186264515,4.575002144541264,0.3831759275029259,-0.3494083814363075
9.261791798509519,4.392503592666428,1.3962376765306863,9.375002186264515,4.575002144541264,0.37419392023218573,-0.3632975254401679
9.26521212863083,4.411026811836416,1.380528704148592,9.375002186264515,4.575002144541264,0.36323131718838514,-0.37971796097924193
9.268863310213408,4.429173204095443,1.3644499130133827,9.375002186264515,4.575002144541264,0.34969550624212337,-0.3992993924399394
9.272659219830494,4.446552849551758,1.3475371138403345,9.375002186264515,4.575002144541264,0.3337875557051532,-0.42148922994528293
9.276619985295481,4.463337514803008,1.3306653358283729,9.375002186264515,4.575002144541264,0.31410804016474847,-0.44793640240032206
9.280752662612633,4.479722530748297,1.3150585975013598,9.375002186264515,4.575002144541264,0.2885831809887258,-0.48095466889855465
9.284648804111352,4.494051553956196,1.2934037206484827,9.375002186264515,4.575002144541264,0.2653448410550529,-0.5100815879898678
9.288471421269334,4.506903954172763,1.2716218170927633,9.375002186264515,4.575002144541264,0.24053728899495377,-0.5405051637043301
