1.8145222838501383,-0.06905766490574017,-5.771475721937894,1.8250020737607477,-0.024997924004077632,0.25291142778149717,0.3908355840426596
1.8146771675533557,-0.06895926227617188,-5.770965733339753,1.8750020745058058,0.025002076740980428,0.3941088231637749,0.23919161502662845
1.8159516477745647,-0.06824678073420465,-5.765578932217754,1.8750020745058058,0.07500207748603849,0.32250242309172394,0.319504967745287
1.8198897592711898,-0.06594743116330726,-5.748046625044461,1.8750020745058058,0.12500207823109655,0.28289596439053033,0.3603914309196825
1.8275982992233484,-0.0612348001522669,-5.716596980626075,1.9250020752508639,0.1750020789761546,0.34332517112456423,0.2973095581468337
1.8383169230922132,-0.054183049840258235,-5.690903396026179,1.975002075995922,0.22500207972121267,0.3802525919316677,0.2558066889460544
1.8526157543803095,-0.04436885744750185,-5.675701903195514,2.02500207674098,0.2750020804662707,0.401516213639278,0.22999057578184678
1.8687317671495087,-0.033018391979931394,-5.665184016263751,2.02500207674098,0.2750020804662707,0.3958495804259867,0.23705115496080942
1.8849431507173744,-0.021386470680893055,-5.654852309736063,2.02500207674098,0.2750020804662707,0.38900516561019616,0.24539540056567244
1.900723087158946,-0.009823596507736454,-5.643842586722099,2.02500207674098,0.2750020804662707,0.3815281086002577,0.2543061318775486
1.916337252978325,0.0019357556122496788,-5.63093237131822,2.075002077486038,0.3250020812113288,0.40388983003809115,0.22698831703861067
1.9295421631314849,0.01211917897431114,-5.622441982527467,2.075002077486038,0.3250020812113288,0.39905571240775384,0.23307430119260508
1.9478334471669303,0.026523534098215507,-5.610845560643251,2.075002077486038,0.3250020812113288,0.39107441428428985,0.2428926528463471
1.9632035800973817,0.03888690063911504,-5.600868402016411,2.075002077486038,0.3250020812113288,0.3831311237846455,0.25241248767878544
1.9781713133941405,0.05117790517792997,-5.590580233056221,2.125002078231096,0.37500208195638685,0.40742637337750276,0.22246252782341114
1.9932626937436737,0.06382889834183736,-5.579878624796961,2.125002078231096,0.37500208195638685,0.40202472388885235,0.2293496968133133
2.0086157969294867,0.07698562426983813,-5.569922591902093,2.125002078231096,0.37500208195638685,0.3951152111198091,0.23795571854284048
2.0234938155473277,0.08998265330991373,-5.5596725763895,2.125002078231096,0.37500208195638685,0.3873918733105957,0.2473352548845693
2.03798357919578,0.10291346109588062,-5.549301011468432,2.175002078976154,0.4250020827014449,0.4139090627527454,0.21398959500138193
2.0525439300563164,0.11615992645940487,-5.541020816336179,2.175002078976154,0.4250020827014449,0.4079239341004523,0.2218205309100365
2.067665157992879,0.13016171251878106,-5.531142672032378,2.175002078976154,0.4250020827014449,0.4010428934673927,0.23058599310954642
2.080556396820729,0.14235392969611382,-5.5224946321381285,2.2250020797212122,0.47500208344650297,0.4259206758789892,0.19758840997081517
2.098977838970118,0.16631280553177774,-5.510770068200975,2.2250020797212122,0.47500208344650297,0.4223649211621449,0.20254874080324448
2.1102300028525782,0.1814610802737544,-5.504513682036557,2.2250020797212122,0.47500208344650297,0.4193495677686758,0.20668325587055425
2.1282307789941743,0.19957906900794598,-5.494970796956625,2.2750020804662703,0.525002084191561,0.439576361643836,0.1775397845017923
2.1403302399869037,0.21181784155350591,-5.488259532402863,2.2750020804662703,0.525002084191561,0.43610437850769596,0.18280460037195878
2.155715450703651,0.22763319424100104,-5.479933167419574,2.2750020804662703,0.525002084191561,0.4307679134515519,0.19066543117421264
2.170822845203025,0.24342227270785344,-5.470743249955505,2.2750020804662703,0.525002084191561,0.424706974177943,0.19929227146571216
2.1882468145485134,0.2619862294211739,-5.4608526818650285,2.2750020804662703,0.5750020849366191,0.39783486702227994,0.23459402249646488
2.2018917204549258,0.27682780787855243,-5.450900844564082,2.2750020804662703,0.5750020849366191,0.3901542513047659,0.24400765019328063
2.2149590629777887,0.2913310702315073,-5.440284430797092,2.2750020804662703,0.6250020856816771,0.3695435461725159,0.26820347330242167
2.2273093104073443,0.3053506544116207,-5.428773008911584,2.2750020804662703,0.6250020856816771,0.36201025521831254,0.27672971749123443
2.2391107946486866,0.3190669018878225,-5.416657808186606,2.2750020804662703,0.6250020856816771,0.3540606712935627,0.28557622403850336
2.2505441036920875,0.33269193750283677,-5.404324235561263,2.2750020804662703,0.6750020864267352,0.34017337233827294,0.3007130467569197
2.261485470949495,0.346060351348191,-5.391952512146445,2.2750020804662703,0.6750020864267352,0.3325970418663033,0.30882654680207877
2.2719101918188667,0.35912080983241523,-5.3797029735810655,2.2750020804662703,0.6750020864267352,0.3244941257312202,0.3174089164767546
2.2818275477006136,0.37188375684538855,-5.365762933377677,2.2750020804662703,0.6750020864267352,0.31664585858782046,0.32564049234860803
2.2914342916680432,0.384621916906541,-5.351768409819872,2.2750020804662703,0.7250020871717933,0.3116215720300584,0.3308736732824411
2.300643290341604,0.39718066662439,-5.3373398372967715,2.2750020804662703,0.7250020871717933,0.3050228013113518,0.3377091088172419
2.309487306988025,0.40962848520794637,-5.322638533742167,2.2750020804662703,0.7250020871717933,0.29809468044626997,0.34484582090777716
2.317952817819961,0.42192144855815705,-5.307620423218888,2.2750020804662703,0.7250020871717933,0.2908769772474993,0.3522445705602404
2.3260306736092353,0.43405148225350487,-5.29223501096309,2.2750020804662703,0.7750020879168513,0.2941319497193892,0.3489120685682452
2.333943255769281,0.44633931275395256,-5.276914495521907,2.2750020804662703,0.7750020879168513,0.2883227185588111,0.3548554005817586
2.341587610037079,0.4586110536284753,-5.2613572603469265,2.2750020804662703,0.7750020879168513,0.2821603031343969,0.36114088708713976
2.3488657321452724,0.47071630605945636,-5.24553483168708,2.2750020804662703,0.7750020879168513,0.2758146148272106,0.36759720438014254
2.355867916507668,0.48280351545448497,1.0540899774856505,2.2750020804662703,0.7750020879168513,0.26926976025189486,0.37424395372225594
2.362573946619843,0.4948416539470468,1.0712195199484935,2.2750020804662703,0.8250020886619094,0.2811136922237839,0.36220674625160676
2.3690366673825363,0.5069360680092725,1.086850744194819,2.2750020804662703,0.8250020886619094,0.27576441839412597,0.36764822316308465
2.375394337802618,0.5192648118082595,1.1027668829925037,2.2750020804662703,0.8250020886619094,0.2698630189618298,0.37364183864865685
2.3813998587624123,0.5314027283354221,1.119009802302354,2.2750020804662703,0.8250020886619094,0.26387520251259905,0.37971672066633944
2.3870866545953042,0.5433784032837554,1.1354913694081776,2.2750020804662703,0.8250020886619094,0.2577216991901676,0.38595689194911786
2.3925037616321703,0.5552725157281166,1.151558636761046,2.2750020804662703,0.8750020894069674,0.27575688001891563,0.36765588497369106
2.3978143271398125,0.567451141358081,1.168226618884131,2.2750020804662703,0.8750020894069674,0.27105276485410207,0.3724341338777737
2.4018817737422147,0.5801746469233588,1.1841834379023957,2.2750020804662703,0.8750020894069674,0.2665990713994829,0.3769538140007862
2.4022687670279144,0.5927301461180008,1.2023851055893147,2.2750020804662703,0.8750020894069674,0.2670319629518681,0.37651464249388655
2.403902779165941,0.6050863382851404,1.2194046176525148,2.2750020804662703,0.9250020901520255,0.29155975851310306,0.35154604963414005
2.408457085496501,0.6177494795410308,1.2315939193165308,2.2750020804662703,0.9250020901520255,0.2853335717139783,0.35790644795913584
2.4130355018236074,0.6310091506355171,1.2462359706173851,2.2750020804662703,0.9250020901520255,0.27912010886410077,0.3642358374737429
2.4174107145288968,0.6443867223470559,1.2621047050664755,2.2750020804662703,0.9250020901520255,0.27282767115887857,0.3706318887823543
2.421451528236405,0.657401921433518,1.2782775728282805,2.2750020804662703,0.9250020901520255,0.266491255877772,0.37706318991140675
2.4252075094837124,0.67026360322917,1.2946586206625479,2.2750020804662703,0.9750020908970836,0.2916988138190287,0.35140375562540593
2.4289800641433352,0.6839909676096827,1.3102680886997216,2.2750020804662703,0.9750020908970836,0.28609051290451704,0.3571342449658099
2.432573636619498,0.6979009232671078,1.325865251761037,2.2750020804662703,0.9750020908970836,0.27977980486060705,0.3635645530212641
2.435857168532708,0.711483826668287,1.3417199620033864,2.2750020804662703,0.9750020908970836,0.27333448842769975,0.37011713276168945
2.438859761052921,0.7248359318986815,1.357886974644908,2.2750020804662703,1.0250020916421416,0.30091305650326067,0.34194709127120415
2.4417596569844466,0.7387973760260351,1.3729293696339915,2.2750020804662703,1.0250020916421416,0.295407529455699,0.34760431203318576
2.4446116223074785,0.7536181913217295,1.38904023871678,2.2750020804662703,1.0250020916421416,0.2890220971178824,0.35414088426845947
2.4471606838446416,0.7681562041736356,1.4048444559327147,2.2750020804662703,1.0250020916421416,0.2821359209307272,0.36116572269028113
2.449353320400766,0.7818837064861874,1.4203900000112601,2.2750020804662703,1.0750020923871997,0.3118844221848703,0.33060054094207825
2.451421813170162,0.796311262982762,1.4376851802875559,2.2750020804662703,1.0750020923871997,0.3074005961018882,0.3352506318476687
2.4532995029680134,0.8111933730457626,1.4540971558093672,2.2750020804662703,1.0750020923871997,0.30157908999018596,0.3412611938899923
2.4547981260426965,0.8252540830109165,1.472822714720176,2.2750020804662703,1.0750020923871997,0.29690572699889106,0.34606695052774605
2.45612253866884,0.8400220307849651,1.488061212610354,2.2750020804662703,1.1250020931322577,0.32817660043718216,0.3135198668987378
2.457343422499015,0.8559820130990978,1.5021769405503562,2.2750020804662703,1.1250020931322577,0.3216063582842632,0.3204463586383677
2.4583366623051095,0.8721164977236935,1.5162180148427193,2.2750020804662703,1.1250020931322577,0.3140855233353471,0.32831058775869826
2.459089630049304,0.8878680138205866,1.5303665037514567,2.2750020804662703,1.1250020931322577,0.3060762532906468,0.33662052330866366
2.459603329162272,0.9032120445571152,1.5451141876089953,2.2750020804662703,1.1750020938773158,0.3394517787270904,0.30148983890500114
2.4599147959391825,0.9191084888466552,1.555929218674052,2.2750020804662703,1.1750020938773158,0.33169839473169843,0.30978296710203934
2.4600658753404705,0.9358340880997638,1.5697382013058065,2.2750020804662703,1.1750020938773158,0.3236061964181759,0.3183439874752616
2.4599554975020066,0.952020382047774,1.5834757522120857,2.2750020804662703,1.2250020946223739,0.35600493245792686,0.2834258897927844
2.4596241928445224,0.9693850501743242,1.5962499811207627,2.2750020804662703,1.2250020946223739,0.3488144746413218,0.2913385051416326
2.4589245209732553,0.9904163003305531,1.6113959180328095,2.3250020812113283,1.275002095367432,0.4263300416999191,0.1970111370160359
2.458274820746068,1.005260586577208,1.6214649848097245,2.3250020812113283,1.275002095367432,0.4232477591677716,0.2013259806506671
2.457215242593369,1.0262281552396164,1.6283934987103448,2.3250020812113283,1.32500209611249,0.4395335384021279,0.17760549840186135
2.4563831499444113,1.045951902531984,1.6357180048635436,2.3250020812113283,1.32500209611249,0.43437276367031963,0.1853847131253057
2.4552483584681504,1.0658833621751462,1.6442671686698729,2.3250020812113283,1.375002096857548,0.4497927450266937,0.16123153603901796
2.453538670182562,1.0879057509498011,1.6513556247460086,2.3250020812113283,1.375002096857548,0.44529737934161234,0.1685708100806147
2.451653877651381,1.1102636746648713,1.658837442067454,2.3750020819563864,1.425002097602606,0.48875068182970155,0.0752820806036314
2.449487406291997,1.1340026825398795,1.6632002434166722,2.3750020819563864,1.425002097602606,0.48764478318457616,0.07892542206982589
2.447183459808439,1.1583771239214684,1.6666054752202486,2.4250020827014445,1.4750020983476642,0.4996655419008595,-0.012933149315663361
2.444791074905133,1.1830742586755392,1.6668963944527466,2.4250020827014445,1.5250020990927222,0.49926748295971435,-0.019142558091231887
2.4423969025854486,1.208025205119439,1.6660079594762773,2.4250020827014445,1.5250020990927222,0.49918501422441974,-0.020191941328764784
2.4400282488514495,1.2330039336469483,1.6645427457205997,2.4250020827014445,1.5750020998377803,0.4987596148250193,-0.024913975330449367
2.4377126242144556,1.2579094774747617,1.6628195193179618,2.4250020827014445,1.5750020998377803,0.49865189945821164,-0.025974160172416938
2.435442665700343,1.2827024405787508,1.6617301070368848,2.4250020827014445,1.6250021005828383,0.49817671849762013,-0.030211772242767942
2.433193081363287,1.3075283816501209,1.6604536924553073,2.4250020827014445,1.6250021005828383,0.49796494126314345,-0.03192041780324939
2.4309766553013716,1.3323466942564188,1.6590706592504152,2.4250020827014445,1.6750021013278964,0.49749713231712483,-0.03540519656862984
2.4287983811832916,1.357152182842949,1.6575472637577517,2.4250020827014445,1.6750021013278964,0.4972097096596415,-0.03738647762407776
2.4266598526178047,1.3819496400845281,1.655919825330445,2.4250020827014445,1.7250021020729545,0.4967870350583598,-0.04012401022391365
2.424564646525191,1.4067378701199402,1.6542045655975666,2.4250020827014445,1.7250021020729545,0.49641883478364424,-0.042365966135805566
2.4225186718348386,1.4315221089181218,1.652337126147725,2.4250020827014445,1.7750021028180125,0.4960753546399599,-0.04435628578843542
2.420521035888724,1.4562634565822652,1.650582470827045,2.4250020827014445,1.7750021028180125,0.49561599337160156,-0.04688754713818455
2.4185719832894854,1.4809665230970666,1.6484789964764892,2.4250020827014445,1.8250021035630706,0.49537784006388536,-0.04814809695179845
2.416072608136359,1.5062810825930448,1.6467585710976826,2.4250020827014445,1.8250021035630706,0.4946240727817799,-0.05193897094276001
2.412049425945021,1.5331353038725233,1.6458574180182493,2.4250020827014445,1.8750021043081286,0.4936637847814583,-0.05640556533643071
2.4086456019820943,1.559369059272706,1.644398884741023,2.4250020827014445,1.8750021043081286,0.4922017023614582,-0.06260672793210331
2.4068624329763537,1.5839617336617398,1.641692890375987,2.4250020827014445,1.9250021050531867,0.49236645027211656,-0.06193843406707722
2.405150912245988,1.6085342229999693,1.6390177362301326,2.4250020827014445,1.9250021050531867,0.49150987330408563,-0.0653400825499183
2.403509296500335,1.633092731801069,1.6363452313921707,2.4250020827014445,1.9750021057982448,0.49183347133190536,-0.0640757728393524
2.4019344431328555,1.6576520470539435,1.6335954948384142,2.4250020827014445,1.9750021057982448,0.49092226993387816,-0.06757678351636043
2.4004283568938263,1.682171830638115,1.6306346225479045,2.4250020827014445,2.025002106543303,0.4914417802483699,-0.06560309147471932
2.3989919567253786,1.7067154498585602,1.6277417360239297,2.4250020827014445,2.025002106543303,0.4905025330373757,-0.06913125971285927
2.3976271400007274,1.7312418398958247,1.6247360469929424,2.4250020827014445,2.075002107288361,0.4911801573006121,-0.06660417028175258
2.396335684228262,1.7557834631907472,1.621795461036542,2.4250020827014445,2.075002107288361,0.49021829789189925,-0.07016484832883207
2.394884926582476,1.7852290964567814,1.6180511675814349,2.4250020827014445,2.125002108033419,0.49088196109102916,-0.06772757524381945
2.3939829241782338,1.804856987304337,1.615650608524425,2.4250020827014445,2.125002108033419,0.49009623784523315,-0.07060418292757831
2.3929225386031057,1.8293811225149934,1.6127740752506448,2.4250020827014445,2.175002108778477,0.49103227522599696,-0.06716358337044359
2.391931571784479,1.8539198884464625,1.609820381059121,2.4250020827014445,2.175002108778477,0.4900663452524188,-0.0707113712659394
2.391010611098489,1.8784319468275203,1.606733673757183,2.4250020827014445,2.225002109523535,0.4911410042436438,-0.06675272506717966
2.3901620723064756,1.9029828871409222,1.6037695685557078,2.4250020827014445,2.225002109523535,0.49019269062993215,-0.07025723901749192
2.3893847872821627,1.9275326100801529,1.6007348633086311,2.4750020834465025,2.275002110268593,0.4644623394584464,-0.1349361267180127
2.3887076374884586,1.9514344649537918,1.5955612468366778,2.4750020834465025,2.275002110268593,0.46088914818963794,-0.14173696566611627
2.3882064055052243,1.974655570498573,1.5889278482738247,2.4750020834465025,2.275002110268593,0.4571155850318471,-0.1486173559359638
2.38769030313159,1.9980175677095229,1.5818942976536954,2.5250020841915606,2.325002111013651,0.4230952607399276,-0.2015376034021057
2.3859456453801187,2.022006582889695,1.5771844153668788,2.5250020841915606,2.325002111013651,0.41320517470125373,-0.21492134390469197
2.3846552432576207,2.0451433871365126,1.5726374566726204,2.5250020841915606,2.325002111013651,0.40214653822218915,-0.22919598850879674
2.3847067754177864,2.0655165356218994,1.5626698784986055,2.5750020849366186,2.3750021117587092,0.37225744382089293,-0.26509426313085493
2.384968384717414,2.085097191417711,1.5521389472401037,2.5750020849366186,2.3750021117587092,0.36475990142330056,-0.2736347140793689
2.385407768269525,2.103397138513472,1.54010944619102,2.5750020849366186,2.3750021117587092,0.3576945198104293,-0.2815503972419613
2.386230650578737,2.12506909368231,1.5253652129004904,2.5750020849366186,2.3750021117587092,0.3482327406938764,-0.2919740243258956
2.3871471198375875,2.1427967372992622,1.5119144345321647,2.6250020856816767,2.4250021125037673,0.33134472266783505,-0.31015904856553833
2.3882774708527776,2.159848389160217,1.4973532339771947,2.6250020856816767,2.4250021125037673,0.32541396226819613,-0.31643916990325605
2.3895824853273737,2.1760487444225447,1.4840071488315496,2.6250020856816767,2.4250021125037673,0.3188760705379107,-0.32330877634592714
2.391085929265323,2.192066764387075,1.4699338043794765,2.6250020856816767,2.4250021125037673,0.31204217761373493,-0.33043658129056386
2.3927926897388296,2.2077853109061945,1.455625671477604,2.6250020856816767,2.4250021125037673,0.3047802252164435,-0.33795964006992896
2.394671985449067,2.2230376608807347,1.4408782467385224,2.6250020856816767,2.4250021125037673,0.2973064107735063,-0.3456555335450888
2.396729863638262,2.2379208765490084,1.4258905621101958,2.6250020856816767,2.4750021132488254,0.3397687147191208,-0.3011487678264486
2.3990631072588666,2.2531054522351184,1.408687053955647,2.6250020856816767,2.4750021132488254,0.33521960546303664,-0.3060283859526912
2.4017196244165664,2.268477471445948,1.3894641379320776,2.6250020856816767,2.4750021132488254,0.3306675775348574,-0.3108785882990991
2.404058342763303,2.2807077927354094,1.3755208865856032,2.6250020856816767,2.5250021139938834,0.373544058410037,-0.2636128333363149
2.4080197340244407,2.3001287744721814,1.366042228356302,2.6250020856816767,2.5250021139938834,0.36426391452562573,-0.27419440664498995
2.4117045243167556,2.317452567292701,1.3569269374043573,2.6750020864267348,2.5750021147389415,0.35610549647211887,-0.28331444033837094
2.4148290097563816,2.331565520263533,1.346944935874696,2.6750020864267348,2.5750021147389415,0.3510257605667756,-0.28891660579456446
2.419697127651135,2.3522080970632864,1.3318893892180919,2.6750020864267348,2.5750021147389415,0.342796348994415,-0.2978818362860425
2.4238992655296094,2.3689782419912166,1.3189423168929342,2.6750020864267348,2.5750021147389415,0.33542093811815626,-0.30581313257526643
2.4282182883443824,2.385322776163653,1.305627712110869,2.6750020864267348,2.5750021147389415,0.3275646038621161,-0.3141674609212842
2.432654658224724,2.4012382827037673,1.291942596079831,2.6750020864267348,2.6250021154839995,0.3709484264729788,-0.2665965630913454
2.4377272660511906,2.418541595681903,1.2798348499211456,2.6750020864267348,2.6250021154839995,0.3638615146877701,-0.2746480312248455
2.443185071838606,2.436372116728016,1.2671315358475903,2.725002087171793,2.6750021162290576,0.36355129399012664,-0.27499746272876424
2.449278036504147,2.454639850180385,1.2537171182976172,2.725002087171793,2.6750021162290576,0.3573939298525488,-0.281884533675432
2.454862806190082,2.469989250558786,1.2421898695585094,2.725002087171793,2.6750021162290576,0.35176047646953973,-0.28810970913348
2.4629165427721063,2.4918917952063353,1.2287971906003847,2.725002087171793,2.6750021162290576,0.34086552259112063,-0.2999671131116185
2.46765267243077,2.5050086610521163,1.2189695388158248,2.725002087171793,2.6750021162290576,0.3339917713669615,-0.3073397461916817
2.4747268789636117,2.5237697868394946,1.2022971296865916,2.725002087171793,2.7250021169741157,0.37951087978601666,-0.25667678070629873
2.4814809272852667,2.5409404191533156,1.190448676433413,2.725002087171793,2.7250021169741157,0.37223146084877673,-0.2651241305862323
2.488577739983091,2.558393254223816,1.17883611665601,2.775002087916851,2.7750021177191737,0.3770129490027196,-0.25959397734083933
2.4958449654223003,2.5757136085459003,1.1675531719656114,2.775002087916851,2.7750021177191737,0.37047372102518766,-0.267140154106836
2.5032997998495414,2.5929231464321436,1.1555885755275963,2.775002087916851,2.7750021177191737,0.36328037727316287,-0.2753024242252823
2.5108695452525325,2.609819681133983,1.1426576737650846,2.775002087916851,2.7750021177191737,0.3555978810490738,-0.28387677241777587
2.5184708946713563,2.6261911712054804,1.1298372125255438,2.775002087916851,2.8250021184642318,0.40069904634383,-0.23101787212810898
2.5286308064698026,2.6473575554552617,1.1172824780692268,2.775002087916851,2.8250021184642318,0.3922819346363555,-0.24142434254865952
2.535716352401316,2.661703567948372,1.1093790278774183,2.825002088661909,2.87500211920929,0.3993733764519726,-0.23267775823714598
2.544538992167926,2.6792237493580693,1.0981374967433046,2.825002088661909,2.87500211920929,0.39376804849233166,-0.23960913900398417
2.553479240112969,2.696444055980427,1.0860167095737923,2.825002088661909,2.87500211920929,0.3877202847934326,-0.24694116188230053
2.562685331309357,2.713704884018215,1.0755195785128893,2.825002088661909,2.87500211920929,0.37985956476480887,-0.25626796858470247
2.571856040480334,2.730473015024671,1.064209789168053,2.825002088661909,2.925002119954348,0.42297840828012123,-0.20169964446004462
2.5816771220744705,2.747974431276269,1.057154571155863,2.825002088661909,2.925002119954348,0.41624115361516234,-0.21088087088736185
2.591556024098967,2.7654014302129983,1.0519654312795341,2.875002089406967,2.975002120699406,0.42081249655108055,-0.2046853000598835
2.6020215850670105,2.7835678222909888,-5.240199124865005,2.875002089406967,2.975002120699406,0.41509091986431323,-0.21241837411030307
2.6127066188262624,2.801676066923404,-5.249216343030534,2.875002089406967,2.975002120699406,0.4083301204622061,-0.22129544441481885
2.6233094140346758,2.8193103326059727,-5.2587562651599,2.875002089406967,3.025002121444464,0.44563738913780876,-0.16802520759974082
2.634741934466682,2.8379200187358364,-5.266722331057944,2.875002089406967,3.025002121444464,0.4408378902666329,-0.1755948320407762
2.6466068291740505,2.8569154116536843,-5.273701115313872,2.875002089406967,3.075002122189522,0.47036779579472976,-0.12295979461799067
2.6581880888006744,2.876301272688714,-5.282121704920866,2.925002090152025,3.12500212293458,0.4695214399334427,-0.12474041353082177
2.669916562612009,2.8966660399329154,-5.290297489411737,2.925002090152025,3.12500212293458,0.46664167763052783,-0.13063264871283198
2.6819512553275526,2.9168997133166865,-5.297600364462082,2.925002090152025,3.12500212293458,0.4629427967377047,-0.13786496149829175
2.697395281745804,2.94003550334301,-5.304472668805753,2.925002090152025,3.175002123679638,0.48450874489276935,-0.08847070614621588
2.710839951275462,2.959913296104526,-5.308822781703989,2.925002090152025,3.175002123679638,0.48285277718287656,-0.09313208437820142
2.7217598127412597,2.975948747719352,-5.311995166511484,2.975002090897083,3.2250021244246962,0.48150717752942435,-0.09676195083259764
2.735411218993395,2.9958276529063586,-5.316180725974527,2.975002090897083,3.2250021244246962,0.4796535164338151,-0.10156048418060526
2.7491172050926114,3.015608104880732,-5.3205090741930245,2.975002090897083,3.2250021244246962,0.4773836301989817,-0.10715982302630012
2.7628906316862825,3.035302279837392,-5.324798224162008,2.975002090897083,3.2750021251697543,0.4937668536103863,-0.055942978545811206
2.7796458366386023,3.0590618430495313,-5.327961293290788,3.025002091642141,3.3250021259148124,0.49167344532122453,-0.06470401887143784
2.7910679992447776,3.075166335503411,-5.330012056205289,3.025002091642141,3.3250021259148124,0.490981095528096,-0.06735613138021546
2.805326857757782,3.0951876827337452,-5.332893888981696,3.025002091642141,3.3250021259148124,0.4899716071977549,-0.07105004163366047
2.8196212962807756,3.1151299045661487,-5.335944845697715,3.025002091642141,3.3750021266598704,0.49897720553322467,-0.022621811244306622
2.837043227210552,3.139275172206202,-5.337972643184705,3.025002091642141,3.3750021266598704,0.4988710384670303,-0.023767754759319026
2.848760598100659,3.1554830401356897,-5.338760300034361,3.0750020923871992,3.4250021274049285,0.4974181273693497,-0.03596060219537223
2.8633711504501136,3.1756476564828793,-5.340256714661552,3.0750020923871992,3.4250021274049285,0.4971293854413761,-0.03792180277949353
2.8779732442202715,3.195728853661266,-5.341959670485356,3.0750020923871992,3.4250021274049285,0.49678363593797675,-0.04014527471155893
2.895520606920787,3.219769316592461,-5.3439809283754895,3.0750020923871992,3.4750021281499865,0.4998248692576581,0.009358183413881838
2.9102607574105335,3.239906307747316,-5.344000886267025,3.1250020931322573,3.5250021288950446,0.49990270696079864,-0.006974931918164451
2.925027451738641,3.260091362590768,-5.344179818964125,3.1250020931322573,3.5250021288950446,0.4998901472392835,-0.0074115048003643436
2.9368460162731562,3.2762316719063502,-5.344426119714288,3.1250020931322573,3.5250021288950446,0.49987970543285637,-0.0077557789956060885
2.951626249519091,3.296409986399471,-5.34475114663147,3.1250020931322573,3.5750021296401027,0.4971439873474986,0.0378250467596839
2.96621607175582,3.316007181974155,-5.343060002956923,3.1250020931322573,3.5750021296401027,0.49675550384313066,0.04032083893077454
2.9802497717330425,3.3338630151034643,-5.339739133861294,3.1250020931322573,3.5750021296401027,0.4962538615018401,0.04333321138991297
2.994411744821953,3.352598537778916,-5.3369112554535185,3.1250020931322573,3.5750021296401027,0.49564008500547563,0.046758159836676194
3.0088779927919527,3.372710925313661,-5.3349904155119905,3.1250020931322573,3.5750021296401027,0.49487675145179916,0.050699359302793345
3.023288264556183,3.3928311000534546,-5.332823659926318,3.1250020931322573,3.5750021296401027,0.4938543552747801,0.05554728698070166
3.034778504730758,3.4089394135990556,-5.331005857295186,3.1250020931322573,3.5750021296401027,0.4927418653731435,0.060388529128566404
3.054754772686211,3.437104781066461,-5.327412273442646,3.1250020931322573,3.5750021296401027,0.48975706845482514,0.07181123229926856
3.0660643358029915,3.4531506714123825,-5.324983939201615,3.1250020931322573,3.5750021296401027,0.48703541590223065,0.08086509171949752
3.0828752904166032,3.477165790229371,-5.32095494289015,3.1250020931322573,3.5750021296401027,0.4800135255570015,0.1006454856918162
