2.80530121712348,-0.1628700102086036,4.897129923030409,2.775002087916851,-0.12499792549419375,0.00016192639255437527,-0.9433581967929935
2.805327072264932,-0.16300723449233878,4.891218697111993,2.775002087916851,-0.12236634650761172,0.0001366905579657558,-0.945363565238889
2.805159609339004,-0.16220464348429964,4.872391395469062,2.775002087916851,-0.11724169269163622,0.00011264030826495141,-0.9475460272733172
2.8047900300330824,-0.15978782761562904,4.845143238370739,2.775002087916851,-0.10975517851097215,9.547917903438165e-05,-0.9493239734892996
2.8046546699818276,-0.1584790627544237,4.809468915063073,2.775002087916851,-0.10003111240586629,7.814398365623338e-05,-0.9513789152156173
2.8046807672472696,-0.15869117905583785,4.768024202660177,2.775002087916851,-0.08818726026707874,6.472148552590383e-05,-0.9532174319421478
2.8046683083820216,-0.15883656667310753,4.726379448664258,2.775002087916851,-0.07433518978059274,5.723137585013417e-05,-0.9543705152558998
2.804439397466819,-0.15947562632357482,4.683077948802531,2.775002087916851,-0.05858059664891876,5.350003340958947e-05,-0.9549875444131501
2.80408475437255,-0.16037889229309066,4.647056054777607,2.772370508930268,-0.041023613642856144,5.7751173953796195e-05,-0.9542869669574338
2.8038478783989422,-0.1610785925447331,4.595028294309886,2.7672458551142918,-0.02175910338737272,7.90680481813843e-05,-0.9512612598836367
2.80382303727964,-0.16123973970280936,4.553371088907397,2.759759340933627,-0.0008769357377011622,0.00011013637928438053,-0.9477923886024204
2.8037916422964013,-0.16140054923835656,4.511854930179304,2.7500352748285204,0.021537749443306536,0.00015834792517927256,-0.9436279639319458
2.803753466436852,-0.1615620108221112,4.470508384462524,2.738191422689732,0.04540429333821163,0.00023011344588385645,-0.9388931155041472
2.803707688103021,-0.1617266256221246,4.429316082600196,2.7243393522032453,0.07064628233049322,0.00033381673744107936,-0.9336689467267111
2.803653639195309,-0.16189506206054283,4.388389864398106,2.7112163380581524,0.09719132457292093,0.0004558993703463337,-0.9288475457016185
2.8035914020814783,-0.16206666771547873,4.347676310416216,2.698784008868065,0.12497083831548708,0.0005968973078665702,-0.9243127799771826
2.803520482315001,-0.16224138024865198,4.307161794218214,2.698784008868065,0.12497083831548708,0.0007442246064283149,-0.9203214460442583
2.8034399351053505,-0.16242010886597313,4.2668276257358375,2.698784008868065,0.12497083831548708,0.0009234503494594071,-0.9161517335235881
2.8033474609256004,-0.1626062121094911,4.226701434699506,2.698784008868065,0.12497083831548708,0.001140159701517411,-0.9118022188914612
2.8032371696659837,-0.16281284905066862,4.18685323089193,2.698784008868065,0.12497083831548708,0.001400100038692096,-0.9072798774923168
2.8031069325735753,-0.16302867303761914,4.147273291800237,2.698784008868065,0.12497083831548708,0.0017102934214092114,-0.9025793870024327
2.80298682236557,-0.1632105716724901,4.107745625955696,2.698784008868065,0.12497083831548708,0.0020821603113104314,-0.8976511752318711
2.8028741517727767,-0.16337008463168168,4.068689444743225,2.698784008868065,0.12497083831548708,0.0025208502854110458,-0.8925451625538322
2.801775343255658,-0.16478271465988215,4.027324994982457,2.698784008868065,0.12497083831548708,0.0030110668537368245,-0.8874957875016839
2.799918287694407,-0.1671403154146649,3.9842151603386506,2.698784008868065,0.12497083831548708,0.003559412678314231,-0.8824525963761236
2.7990157378731357,-0.16824621948948604,3.9436896093420937,2.698784008868065,0.12497083831548708,0.004229599907258564,-0.8769348720249784
2.7987646716213206,-0.16849289169191373,3.9052767700438817,2.698784008868065,0.12497083831548708,0.005028643645345067,-0.8710498852847309
2.7984775329598204,-0.16875445238350473,3.867116263802764,2.698784008868065,0.12497083831548708,0.00594946778360822,-0.8649670208107196
2.798147612208698,-0.16903320238307096,3.8292181603843143,2.698784008868065,0.12497083831548708,0.0070042212079447,-0.8586906316226777
2.7977685309195746,-0.1693303811906084,3.791590667993737,2.698784008868065,0.12497083831548708,0.008205153479303428,-0.8522256356017741
2.797332781123796,-0.1696471252459073,3.754240611960986,2.698784008868065,0.12497083831548708,0.009564215243834677,-0.8455785611547773
2.7968306627401898,-0.16998476047395705,3.7171738147191458,2.698784008868065,0.12497083831548708,0.011092553106981175,-0.8387584523793845
2.79625137136404,-0.1703439201480581,3.6803968321659934,2.698784008868065,0.12497083831548708,0.012800158815460934,-0.8317766395011891
2.7955849353343574,-0.17072405954555414,3.643918878093,2.698784008868065,0.12497083831548708,0.014695672429157466,-0.8246459732011714
2.7948413353665433,-0.1711136436212488,3.607683245191084,2.698784008868065,0.12497083831548708,0.0167950879011256,-0.8173505801649539
2.794154305580742,-0.17144591547230092,3.5789849408025427,2.698784008868065,0.12497083831548708,0.018611286062679023,-0.8114533588944379
2.7930282015800696,-0.17194259976931647,3.5361816224579448,2.698784008868065,0.12497083831548708,0.021602699573866242,-0.8024139091451997
2.791926590698793,-0.17237779861971525,3.5009714807462182,2.698784008868065,0.12497083831548708,0.024306824870610574,-0.7948282562897493
2.7906756860463258,-0.17282265649878603,3.466065551570359,2.698784008868065,0.12497083831548708,0.027211385238577745,-0.7871808533827797
2.789300308899527,-0.17325794351272883,3.4315009330649606,2.698784008868065,0.12497083831548708,0.030320230608211745,-0.779470054495344
2.7878019869648014,-0.17367515664906996,3.3971835834203348,2.698784008868065,0.12497083831548708,0.03364318779361094,-0.7716796686101315
2.787833304038241,-0.17216381308447737,3.3646871367313516,2.698784008868065,0.12497083831548708,0.03785872365296243,-0.7623533515548255
2.789035275676774,-0.16922185130851197,3.333166649026328,2.698784008868065,0.12497083831548708,0.043066915945503055,-0.7515347846125221
2.788501171926079,-0.16789683229515262,3.3006272845786127,2.698784008868065,0.12497083831548708,0.04790307158299346,-0.7420585453462605
2.7858717474077146,-0.16826957230545503,3.2687826783576837,2.698784008868065,0.12497083831548708,0.05166359303470543,-0.7350073815506366
2.783198985262377,-0.168564440450087,3.2366142293872033,2.698784008868065,0.12497083831548708,0.05569203086260144,-0.7277195793688525
2.780390732740024,-0.16878540264417197,3.204585404908939,2.698784008868065,0.12497083831548708,0.05986017938211089,-0.7204332244036507
2.7772952797735595,-0.1689301286086664,3.1730766780738118,2.698784008868065,0.12497083831548708,0.0639877784845845,-0.7134425746309732
2.774025217342796,-0.16898038945463334,3.141779224574201,2.698784008868065,0.12497083831548708,0.0681759938239238,-0.7065522534656177
2.7705407172103698,-0.16892768081608978,3.110807621227398,2.698784008868065,0.12497083831548708,0.07235393691598646,-0.6998608482590432
2.7661014325147217,-0.16871030071213688,3.0740046244402004,2.698784008868065,0.12497083831548708,0.0773502865365505,-0.6920716734719559
2.7630363202916204,-0.16846649969897776,3.04961246156536,2.698784008868065,0.12497083831548708,0.08070695644087858,-0.6869563394377536
2.7589391878600615,-0.16802916148789215,3.019518587532037,2.687006012793245,0.15391985137397388,0.0890024689341701,-0.6746713921870251
2.7546028079545586,-0.1674326733115361,2.9897674214899137,2.687006012793245,0.15391985137397388,0.09339186565912067,-0.6683537589386899
2.7490305423376515,-0.1664824226102084,2.9545654032305415,2.687006012793245,0.15391985137397388,0.098421771755918,-0.6612513267218713
2.7441760144752134,-0.1654912154625272,2.925645530868765,2.687006012793245,0.15391985137397388,0.10245117710316728,-0.6556580422226002
2.740178328334359,-0.16456372166954658,2.902818969295499,2.687006012793245,0.15391985137397388,0.10555655999788346,-0.6514013826509435
2.7351761510232375,-0.16326712383501452,2.8751081037735697,2.687006012793245,0.15391985137397388,0.1092578332398616,-0.6463851292671985
2.7308257921345156,-0.16201850553541064,2.851058702218677,2.687006012793245,0.15391985137397388,0.11250242587388994,-0.6420358162596959
2.7274506055264176,-0.16097045744718486,2.8317034794966243,2.687006012793245,0.15391985137397388,0.1152500740285264,-0.6383856500905245
2.7235613184545056,-0.15968011727122366,2.810789024860988,2.687006012793245,0.15391985137397388,0.11802293657859252,-0.6347310456328981
2.7182591644236656,-0.15777993798909407,2.7843210145429627,2.687006012793245,0.15391985137397388,0.12119078459737476,-0.6305897222740207
2.711378949684274,-0.15508119132513443,2.7511020553862116,2.687006012793245,0.15391985137397388,0.12492892177481757,-0.6257466608589557
2.701376339451505,-0.15112133166683073,2.727844546359609,2.687006012793245,0.15391985137397388,0.12231025569525066,-0.6291345113500397
2.6861204882885747,-0.1449017093403242,2.6980824412495643,2.6758479112486784,0.18397681115280654,0.1266765208176876,-0.6234979367029856
2.676263115396072,-0.14048262153705338,2.6697029822318075,2.6758479112486784,0.18397681115280654,0.12618019181272727,-0.624135618475229
2.6705619556340245,-0.13747640057132848,2.642437080751053,2.6758479112486784,0.18397681115280654,0.1292244586150561,-0.6202361598173949
2.6648986010563718,-0.13428710262125598,2.6152197499096776,2.6758479112486784,0.18397681115280654,0.13222537621020777,-0.6164189352885797
2.65918414154247,-0.13086389919406827,2.5881733416330053,2.6758479112486784,0.18397681115280654,0.135033986742734,-0.6128691056653269
2.6534441038259615,-0.12719456406993324,2.561189617720899,2.6758479112486784,0.18397681115280654,0.13768851001964483,-0.6095332679741875
2.6476951812891514,-0.12331740155432591,2.534453960378964,2.6758479112486784,0.18397681115280654,0.14012534115892375,-0.6064866913766453
2.6419525773786425,-0.11921672644739978,2.507886082634554,2.6758479112486784,0.18397681115280654,0.1423648002729291,-0.603699548730158
2.6362448629324255,-0.11490577024385296,2.481516400770521,2.6758479112486784,0.18397681115280654,0.14440874090486186,-0.6011659150007687
2.6295530608109168,-0.1095472088437095,2.4506381752456012,2.665277078206458,0.2150834046667037,0.1633258308041181,-0.5781175545378868
2.6247648097984797,-0.10551841344797275,2.4306444320322904,2.665277078206458,0.2150834046667037,0.16477022915124023,-0.5763835362124681
2.6171932960206306,-0.09876905042344397,2.4000481230475335,2.665277078206458,0.2150834046667037,0.16635943487142604,-0.5744793284719659
2.6123045994039806,-0.09419670085194909,2.379942153493834,2.665277078206458,0.2150834046667037,0.16729301735157096,-0.5733624348983217
2.606258213747825,-0.08828316984575046,2.3548558006919778,2.665277078206458,0.2150834046667037,0.16825671582119184,-0.5722108290420365
2.6003216361718184,-0.08217947197644015,2.3298442216206134,2.665277078206458,0.2150834046667037,0.16901882336364846,-0.5713010516152783
2.593383146380676,-0.0746414986813484,2.2998330895484935,2.6552626047980383,0.24718438803487247,0.19045323905319156,-0.5459990208958168
2.588484547832728,-0.06906038006772874,2.280397447020054,2.6552626047980383,0.24718438803487247,0.1909701281274353,-0.5453945583741036
2.5810354649366225,-0.060109195562020545,2.2518218171572313,2.6552626047980383,0.24718438803487247,0.19083667721312741,-0.5455505979898598
2.575057869598897,-0.052568667534295344,2.227973413836686,2.6552626047980383,0.24718438803487247,0.19060233771525578,-0.5458246386758889
2.570407034290664,-0.04642129166717801,2.208854610447525,2.6552626047980383,0.24718438803487247,0.1902894702240336,-0.5461905822974327
2.5647589920482474,-0.03861725070199107,2.184943154132197,2.6457752089374305,0.2802274249491934,0.21346966006246482,-0.5192526949704364
2.559152495620676,-0.030478369743310196,2.162805655648438,2.6457752089374305,0.2802274249491934,0.2130804344647117,-0.5197028122946519
2.552458181301118,-0.02025135599538963,2.1389997709791264,2.6457752089374305,0.2802274249491934,0.21080411135681493,-0.5223363247658471
2.5478330724089098,-0.012877586619342907,2.1199754388581415,2.6457752089374305,0.2802274249491934,0.20982203173031436,-0.5234731134194576
2.542382294773059,-0.003709177316883583,2.0976253108082776,2.6457752089374305,0.2802274249491934,0.2079953849056139,-0.525588576282223
2.5356517663362457,0.006102886369385274,2.074070028459623,2.636787149701065,0.31416293364407943,0.23165312483091588,-0.49826102966469243
2.528111191187161,0.016645057180484812,2.049077261868996,2.636787149701065,0.31416293364407943,0.2281810194396579,-0.502266347276417
2.5219062872562166,0.027059004395768582,2.0244759394610075,2.636787149701065,0.31416293364407943,0.22567759619221936,-0.5051545160161813
2.5162768780446374,0.039029765875737255,1.9959274717760547,2.636787149701065,0.31416293364407943,0.22410316933840985,-0.5069711937735224
2.5127639231245205,0.04700763555991827,1.9767714901259972,2.6282721462139818,0.34894394192055345,0.25331149445035606,-0.47323999654371407
2.506490996640908,0.062308056436899406,1.944778981868877,2.6282721462139818,0.34894394192055345,0.25135644503682203,-0.47550396041871923
2.501147925434715,0.07642612185666309,1.9205389846675915,2.6282721462139818,0.34894394192055345,0.24669824035236657,-0.48089245987660856
2.496900668277801,0.08840093102435098,1.8986504754341385,2.620205300805166,0.38452594980063715,0.27538594895676566,-0.44753089236682175
2.4927075624649326,0.10115011481644309,1.8788109842782046,2.620205300805166,0.38452594980063715,0.27157387997957194,-0.45199436994654807
2.4886459423318765,0.11443149468865776,1.8587107430877305,2.620205300805166,0.38452594980063715,0.26687637336415815,-0.45747921566577576
2.4849554563844958,0.12734748252423067,1.8388190562017461,2.6125630262073405,0.42086679941045635,0.2956169905406283,-0.4236087866161946
2.4812439900714374,0.14138457252538927,1.8198892131679059,2.6125630262073405,0.42086679941045635,0.2909359512578733,-0.42918374604830023
2.4777538215838746,0.15570776533274433,1.8012448036970297,2.605322976588348,0.4579265517116039,0.31772899482624634,-0.3968560431372806
2.4743144727995734,0.17093836217991587,1.7835114365662113,2.605322976588348,0.4579265517116039,0.3126528067769307,-0.40306612307779255
2.4711097006855187,0.18645704695203058,1.7659640043152867,2.605322976588348,0.4579265517116039,0.30652796709839364,-0.4105016403123327
2.4682446949378853,0.2016190905255435,1.7480574350312528,2.5984639822124604,0.4956673697203257,0.3340059780219258,-0.3766088817114911
2.4655044382652314,0.2176983441696052,1.7317199048149667,2.5984639822124604,0.4956673697203257,0.32813025772108995,-0.3839810831256858
2.4629622764539345,0.2343407334643537,1.7142580926904951,2.591965987540567,0.5340534078730653,0.3538937545505771,-0.3510247864063947
2.4606449224860683,0.25122899751522,1.6997282476071747,2.591965987540567,0.5340534078730653,0.34777164397936505,-0.35901406829600724
2.4584899650314274,0.26889191991679695,1.6844222006070722,2.585809992588247,0.5730507072148743,0.37140013816505,-0.32751360887614067
2.456606521839104,0.28676025878963607,1.6681833355554379,2.585809992588247,0.5730507072148743,0.366502301562857,-0.33419990799906685
2.454997559595821,0.3047188280195652,1.6518065952526317,2.5773464183836774,0.6126270961042227,0.3929113158548613,-0.29693622740503356
2.4536115403916874,0.32359150359922495,1.6364456799762677,2.5773464183836774,0.6126270961042227,0.3883866971013,-0.3035507100181607
2.4524767340691707,0.3432591555172788,1.623683844131202,2.5666967164664505,0.6527520961438716,0.41398060535960735,-0.2645155093448045
2.4514857715186693,0.36360265267029135,1.6117040134767717,2.5666967164664505,0.6527520961438716,0.40868140811440773,-0.272951479937235
2.451006098782491,0.3845931607711126,1.5997509812786197,2.5592391041630282,0.6933968330627527,0.4290010575814773,-0.23931251552040111
2.4520008881607733,0.4074669016546686,1.5905622101338543,2.5592391041630282,0.6933968330627527,0.4244565903279617,-0.2471614674649497
2.4528602623030125,0.43028985593849356,1.5814158707157964,2.5521739977703124,0.7345339522882746,0.4427670336544732,-0.21406547368944395
2.4527345155930256,0.4522469450191462,1.5717067993050107,2.5454807390824765,0.7761375389621931,0.4572074389862988,-0.1843984118731864
2.4528167131856584,0.4750336051435724,1.5634660177824444,2.5454807390824765,0.7761375389621931,0.45381243668726295,-0.19174304104189177
2.453078316881596,0.49791273802556724,1.555550933020831,2.5391397571676846,0.8181830421661715,0.4662546407330429,-0.1633684662068543
2.453527616883955,0.5207287925132729,1.5467937131762668,2.5391397571676846,0.8181830421661715,0.46385396701513226,-0.16918364991317758
2.454170394854552,0.5441010483815258,1.539806199083288,2.533132511143145,0.86064720313547,0.4746267966188435,-0.1413602030239477
2.455139715370928,0.5723732200743434,1.5324244529559905,2.5274414359620017,0.9035079872508611,0.4824924842149224,-0.11719208103284973
2.456128251726156,0.5963346754453731,1.5274736674030862,2.5274414359620017,0.9035079872508611,0.48086191645074555,-0.12257762075763112
2.4570008197092204,0.6156196291882896,1.523144813862926,2.5220498910535505,0.9467445196099189,0.48791328097714054,-0.09724310806569536
2.4582253206434785,0.6399239769133427,1.5186848010137828,2.5220498910535505,0.9467445196099189,0.48680370436806547,-0.10163638097245054
2.45982523058381,0.6691676457859188,1.5134480732746847,2.5169421116665966,0.9903370239892925,0.4920196248233135,-0.07893679609506743
2.4609844407593435,0.6887354484542776,1.510309007322875,2.5169421116665966,0.9903370239892925,0.491434448541664,-0.08179138434364586
2.462515743059887,0.7134289158070146,1.5073121193826453,2.512103162773693,1.0342667650194919,0.4954071957547738,-0.05983410574523407
2.4641221861096785,0.7381162081980879,1.5041975096902291,2.512103162773693,1.0342667650194919,0.494974031471165,-0.06259870960650415
2.465803267210731,0.7628538390468496,1.5013495542093396,2.507518895401468,1.0785159934031048,0.4978121502379112,-0.04127296643702538
2.4675569693875303,0.7876280426783726,1.4991628619725608,2.503175905259361,1.1230678940162675,0.4993338019133643,-0.02276665088104224
2.4693633119009437,0.8125119881041574,1.4978805055700843,2.503175905259361,1.1230678940162675,0.49927897199389115,-0.023685320381128805
2.471196672562991,0.8374302453343443,1.4968965099461502,2.4990614935457853,1.1679065367416352,0.499940337764452,-0.00681214313419698
2.473066913422361,0.8671156496483938,1.4963715535082882,2.4990614935457853,1.1679065367416352,0.49992068569408005,-0.00785437843541914
2.473744012539761,0.8913114816476284,1.4964723028526041,2.4951636298171347,1.213016829889092,0.49996487200131184,0.005227067904812088
2.4748190745955494,0.9157160858798612,1.496581600548528,2.491470916811045,1.2583844760680014,0.49962394250595804,0.01710386340042014
2.4766605707404405,0.9406393163545488,1.4972801298386968,2.491470916811045,1.2583844760680014,0.4995854763604895,0.01795749570705385
2.478483159446803,0.9655497664309038,1.4980348810407975,2.487972557121065,1.3039959303819713,0.4988579737163402,0.029811603229233707
2.480285309643156,0.9904345795429474,1.499261064552865,2.487972557121065,1.3039959303819713,0.49873800700372706,0.03133923013784057
2.4820530466344586,1.0153193715300741,1.5005958913699042,2.4846583216252944,1.349838360823893,0.4977790521716948,0.04158431846948618
2.483783528375186,1.0401705548306808,1.5023553342791385,2.4846583216252944,1.349838360823893,0.49754577601739536,0.043716158757236556
2.485463713847839,1.0650003563251094,1.5042451801317307,2.4815185195766696,1.3958996107554538,0.4964934693838454,0.052267808981346864
2.4870906280697405,1.0897824449641842,1.5064085310775521,2.4815185195766696,1.3958996107554538,0.496117534447697,0.05500331139623604
2.488653039609545,1.1145175637414617,1.5087361250895395,2.4811755492540284,1.442168163361409,0.4959001938732066,0.0565248696473406
2.4901576543401696,1.1392596943657853,1.5111431520916925,2.4811755492540284,1.442168163361409,0.4954641178251341,0.05946134402580294
2.4915998320185935,1.1639744275370933,1.5137988352784357,2.483482208987582,1.4886331079746853,0.4961728262209248,0.05460951293892924
2.492983056983027,1.1887354148180993,1.5162369500667445,2.483482208987582,1.4886331079746853,0.49576917039132223,0.057422814282882095
2.4943080556962816,1.2135000666236841,1.5187456876055667,2.488299044563846,1.5352841081738449,0.49715005340660107,0.04711344031210629
2.495574503968987,1.2383144197461853,1.5209058207080313,2.4954939414647836,1.5821113715596307,0.4985663453847046,0.03340412565381867
2.4967986818581025,1.2632205666505385,1.522537337870299,2.4954939414647836,1.5821113715596307,0.4984364094318367,0.03488614494729747
2.497982508299202,1.288116248918298,1.5239516619710551,2.5049417385680433,1.6291056211222203,0.4996007323299606,0.01762388281950611
2.499596203573411,1.3127835616653574,1.5253896093428312,2.5049417385680433,1.6291056211222203,0.49953576985725373,0.01900391104265453
2.5019842251901228,1.3371456929178382,1.5271906880474404,2.516523862178766,1.6762580681154662,0.49999967313939553,0.000504207253602118
2.5043894576262407,1.3615949243563232,1.5280700093754058,2.516523862178766,1.6762580681154662,0.49999000508025915,0.002788164965715767
2.5054610225867275,1.386582781109718,1.5281804548083735,2.5301279793228746,1.7235603863588074,0.49947029819714966,-0.0203001336567995
2.5065286260885724,1.4115619797907168,1.527744267659787,2.5301279793228746,1.7235603863588074,0.49939888616826494,-0.02162564183528337
2.507620925872221,1.4365238761297334,1.526765297047678,2.545647669288086,1.7710046878917127,0.4972733273327373,-0.04608186104408718
2.508736465941027,1.4615543125986061,1.5255870806413452,2.545647669288086,1.7710046878917127,0.4969216983859907,-0.04896728650508719
2.5098819998156934,1.4864924630314817,1.5237642872197146,2.5629821124522367,1.818583499909468,0.4929433156065098,-0.07421135545195112
2.511074416346121,1.5111720506807291,1.5204459609985146,2.5629821124522367,1.818583499909468,0.4922483351308008,-0.07779310367913539
2.51235760561301,1.5357763677813097,1.517093748129806,2.582035795489067,1.866289742912871,0.48661750176101987,-0.1023556191274676
2.513716236351714,1.5601559797027633,1.5128513637359213,2.582035795489067,1.866289742912871,0.48529321773102346,-0.10733559468855003
2.5151831206095263,1.5844125031973917,1.5082127696704055,2.602718232089488,1.9141167100079401,0.4783240877178565,-0.13053456642589156
2.5167483937179718,1.6083977129270046,1.5027199134175564,2.602718232089488,1.9141167100079401,0.4763183329072186,-0.13650893959837673
2.5184440823964422,1.6321924546882052,1.4967707318294352,2.624943698381732,1.9620580472951155,0.4685892430808365,-0.15752228103271604
2.52026991071574,1.6558658388130247,1.490769337851527,2.624943698381732,1.9620580472951155,0.46569755893363685,-0.16473487113788332
2.5222197203331085,1.6793697625439936,1.4845873726689813,2.624943698381732,1.9620580472951155,0.4621804384852462,-0.173130282794421
2.52430271087224,1.702425132557078,1.4764293833856077,2.6486309822767558,2.0101077352906036,0.45428499649619575,-0.1907360844421193
2.52654864686491,1.72513065928152,1.4685033012944262,2.6486309822767558,2.0101077352906036,0.4503680611990073,-0.1989435285653165
2.5292225000239323,1.747739279204266,1.4596219822867917,2.673703146005992,2.058260071325551,0.4433680427789572,-0.2129044292483281
2.5327667629600317,1.7703669974334524,1.4497585501925068,2.673703146005992,2.058260071325551,0.4400793104236529,-0.21919168173206027
2.5363163244308833,1.7926588369545442,1.4396677373588733,2.7000873011571134,2.1065096528715737,0.4347432282836918,-0.22907251933852868
2.5392789865462717,1.8143128386260354,1.42971640139633,2.7000873011571134,2.1065096528715737,0.43044599460155025,-0.23677121455443428
2.5424267430763514,1.835698743341501,1.4194158546095894,2.7000873011571134,2.1065096528715737,0.42546356783800493,-0.24544039221182168
2.5457759621734812,1.8568945777467114,1.4087022099480968,2.727714395550021,2.1548513617438942,0.42167744338017255,-0.2518606788689022
2.549322921784732,1.8778867704438813,1.3980438890308988,2.727714395550021,2.1548513617438942,0.41664895038091604,-0.2601850622975064
2.553039207818971,1.8985062054725503,1.3869705845445084,2.727714395550021,2.1548513617438942,0.4109336294334922,-0.2693918056281672
2.5569287553684674,1.9187670341134133,1.3751442323326568,2.7565190113298836,2.2032803491359023,0.41024089121833845,-0.2704906439558652
2.5610467911187644,1.9389217826666787,1.3633275490394265,2.7565190113298836,2.2032803491359023,0.4050670856786633,-0.2785887806890577
2.565359890206153,1.958832145023143,1.3512022685718574,2.7565190113298836,2.2032803491359023,0.3991082111100444,-0.287694342360722
2.5698506458233688,1.978397502641016,1.3386758651762203,2.786439173686862,2.2517920214413687,0.40161727570598993,-0.28388776200106136
2.574591630628186,1.9979193483010746,1.3262662947905737,2.786439173686862,2.2517920214413687,0.39634246447277666,-0.2918463546611686
2.579552592604008,2.0172922451818334,1.3133574307880465,2.786439173686862,2.2517920214413687,0.3903261992816328,-0.3007285157377796
2.584674609701901,2.036242367437847,1.300295203874023,2.8174161696432125,2.300382026822882,0.3959682808418858,-0.2924046578596817
2.590056474579878,2.0551522083505613,1.2872112399017381,2.8174161696432125,2.300382026822882,0.39093314617686514,-0.2998413323478165
2.595745854499631,2.07420854799048,1.2749413398692657,2.8174161696432125,2.300382026822882,0.3844658299995704,-0.30919843685165393
2.6016438512249955,2.0931896527405307,1.2637669221718257,2.8493943763779126,2.349046242487231,0.3916554585259374,-0.29878298425245575
2.607636716373099,2.1116656769179727,1.249975526193467,2.8493943763779126,2.349046242487231,0.3868925342298892,-0.3057118658730684
2.6139095174993603,2.130107583802838,1.2367645522785307,2.8493943763779126,2.349046242487231,0.3809656631200298,-0.3141781905457637
2.6203488249476194,2.1483130449393464,1.2231144131630796,2.8493943763779126,2.349046242487231,0.37423441018571185,-0.3236019767135222
2.626903657909944,2.166010556125755,1.208837896574017,2.8823210985868344,2.3977807626305565,0.38763440146818307,-0.30464022594862306
2.634100431457899,2.1826016552095364,1.1953513896626846,2.8823210985868344,2.3977807626305565,0.3837713012445954,-0.3101910952343292
2.6423633387977503,2.195892005186531,1.1803934973255725,2.8823210985868344,2.3977807626305565,0.3838528699351652,-0.3100746310186159
2.650575567326321,2.2102431724203626,1.166017532474517,2.9161464144029052,2.446581887018052,0.4012403802298943,-0.28446205315917583
2.6585436729824092,2.228505804278493,1.1533028981543132,2.9161464144029052,2.446581887018052,0.39636920444362633,-0.29180642627708553
2.666768229993684,2.246743486177186,1.1408039010913085,2.9161464144029052,2.446581887018052,0.3904251267475071,-0.30058404370231606
2.6750512266497974,2.2644920888056035,1.1275388394606205,2.9161464144029052,2.446581887018052,0.3839637470020401,-0.30991626982929865
2.681779709980745,2.278473622576545,1.1166740529938524,2.950823029425731,2.495446110164875,0.40155756641925405,-0.28397880304225087
2.6921862516945705,2.2993599634055126,1.100790830634741,2.950823029425731,2.495446110164875,0.39584483326065634,-0.29258867249863973
2.701285913697724,2.3170387678388042,1.089623676445012,2.950823029425731,2.495446110164875,0.38889001642321286,-0.3028201775236512
2.710399619728742,2.3342457976725104,1.0764801772357344,2.9863061384338687,2.5443701110867307,0.4065009454263556,-0.27636316481849843
2.719765189071367,2.351336500358423,1.0633185604089146,2.9863061384338687,2.5443701110867307,0.40215336561922566,-0.28306935565515223
2.7296919991794226,2.3689356411413964,1.0509819145684427,2.9863061384338687,2.5443701110867307,0.39616350428523667,-0.2921134737696953
2.7397059943041846,2.3861844063698108,-5.244902873571586,3.0225532943753897,2.593350743590295,0.41410210725216345,-0.26431956870414974
2.750143470683337,2.4036492643740974,-5.25700184291662,3.0225532943753897,2.593350743590295,0.40953780261205297,-0.2716022896658825
2.7609819762967707,2.4213100665104523,-5.268733305555758,3.0225532943753897,2.593350743590295,0.4036961742642017,-0.2807038070874064
2.7739538737461285,2.441839574130645,-5.283429238385795,3.0595242842536634,2.642385027075315,0.42115011565863497,-0.252744168173184
2.7827415574768235,2.455394965138309,-5.292438850468609,3.0595242842536634,2.642385027075315,0.4177363104728642,-0.2584035737755094
2.794365208246475,2.4729205425618783,-5.3032493178576114,3.0595242842536634,2.642385027075315,0.41211938322403185,-0.26750260602216747
2.806006489465876,2.4900577547486655,-5.314919840305285,3.097181011545443,2.691470137821834,0.4300575670416147,-0.2374566249024762
2.8180838357558624,2.50740464793944,-5.326428581743041,3.097181011545443,2.691470137821834,0.4262306726039035,-0.24412251268683016
2.83057688277397,2.524882112342098,-5.336862217154754,3.097181011545443,2.691470137821834,0.42103169967497484,-0.2529422139265318
2.8430088498747015,2.5419746509911345,-5.347873299393691,3.135487384807418,2.740603400737589,0.4385503243863024,-0.22206175349858237
2.856023122880446,2.5594189880468576,-5.357870406732398,3.135487384807418,2.740603400737589,0.4346387021311876,-0.22926239815122285
2.8693311504106838,2.576929161098775,-5.368086568953066,3.135487384807418,2.740603400737589,0.4298291554873668,-0.23785889436660268
2.8827950242243805,2.5936811612188713,-5.379388076653713,3.1744092121455108,2.789782281542194,0.44742460256161765,-0.20491680060077178
2.8975296909540607,2.6077310593832372,-5.390097666649918,3.1744092121455108,2.789782281542194,0.44753252844604385,-0.20470052644848746
2.9111780183094194,2.6204318504471136,-5.399136297711177,3.1744092121455108,2.789782281542194,0.4472421254846486,-0.2052820085689313
2.9269565713967562,2.6394789516352315,-5.408619069180697,3.213914101238268,2.8390043793663717,0.460880829549652,-0.17613879033464397
2.94167340045583,2.6569395275891026,-5.416677680975122,3.213914101238268,2.8390043793663717,0.45800654025927534,-0.1826307147294075
2.956656523270272,2.674446971470056,-5.4244239663530385,3.213914101238268,2.8390043793663717,0.4542735906532293,-0.1907604451993241
2.9716013137680246,2.6916304610391713,-5.43276769180389,3.2539713646219504,2.8882674197461156,0.4675978413143224,-0.16002924884202174
2.9869242843540125,2.7089553603904584,-5.439508509224596,3.2539713646219504,2.8882674197461156,0.4649006619515996,-0.16667138186916974
3.002281275684023,2.7261306286622133,-5.445482313447001,3.2945519299602326,2.937569247993431,0.4750990513719782,-0.14002187070010041
3.018182073415103,2.743663584298016,-5.451962052698471,3.2945519299602326,2.937569247993431,0.4732333008613877,-0.14524104733868304
3.0342567514801972,2.761166066621625,-5.458112110723578,3.2945519299602326,2.937569247993431,0.47079856284437027,-0.15179635991818807
3.050304819202232,2.778421411689111,-5.464806880649835,3.335628255035934,2.9869078229271278,0.48034127816291267,-0.12424985588157034
3.066481355505071,2.7955721119386947,-5.472076143007944,3.335628255035934,2.9869078229271278,0.4791388908358969,-0.12803159334579584
3.0830649900653695,2.812930861351001,-5.477633404767585,3.335628255035934,2.9869078229271278,0.4771411697962852,-0.13408876282428317
3.099689060898201,2.8301568917877127,-5.483616454613187,3.377174247215885,3.036281210949087,0.4854637143674536,-0.10670711526915833
3.116588569328826,2.8474485113495085,-5.488448444835784,3.377174247215885,3.036281210949087,0.4841925021713978,-0.11131011910292676
3.133623572720844,2.8647319495719383,-5.493271000053799,3.4191651871529767,3.085687580453486,0.4902382967313793,-0.0873413166307192
3.150881216344943,2.882060642326957,-5.497258014359689,3.4191651871529767,3.085687580453486,0.4894361515174245,-0.09087686888781443
3.1682474761739003,2.8993789784051263,-5.50118204982035,3.4191651871529767,3.085687580453486,0.4884001909333882,-0.09525287332485333
3.185639594761029,2.916575032781319,-5.505287466861898,3.461577656501583,3.1351251965586284,0.49337446263152374,-0.07190100538047983
3.203087237729952,2.9336890018866555,-5.509515067463302,3.461577656501583,3.1351251965586284,0.49292191142229075,-0.07432420602094025
3.220723278901736,2.950856656193171,-5.513024203069829,3.461577656501583,3.1351251965586284,0.49222676201531423,-0.07790168872788161
3.2384324685540378,2.967986989996925,-5.516319979468169,3.504389469434,3.184592416153191,0.49604278958407316,-0.05553125258879987
3.2562853018072655,2.985144487685581,-5.518925425183796,3.504389469434,3.184592416153191,0.49567843682549917,-0.05803656429658244
3.2741152011978434,3.002520830715488,-5.521314434845872,3.5475796077562602,3.234087683250855,0.49799842232710567,-0.03947513423726745
3.2900262568620384,3.0251719602686657,-5.522065106949307,3.5475796077562602,3.234087683250855,0.49639112653215783,-0.05302639109271534
3.305920417222854,3.04782652496871,-5.523144280825297,3.5475796077562602,3.234087683250855,0.4939293952076512,-0.0688147818207605
3.3238934560317235,3.064859578873115,-5.525930629183267,3.5911281594316993,3.283609524649209,0.4971039829298363,-0.04749324639029906
3.3418521487178916,3.08177929998282,-5.528949508647765,3.5911281594316993,3.283609524649209,0.49691174061749904,-0.04904654106699713
3.3599947247516484,3.0987966101272235,-5.530915213759973,3.63501626033001,3.333156545890345,0.4987644446255126,-0.031009030512269997
3.3782055538138325,3.115816774624185,-5.532534126381103,3.63501626033001,3.333156545890345,0.49866830416139113,-0.03219360982674391
3.3964253475643877,3.1327931252381163,-5.533702499463863,3.63501626033001,3.333156545890345,0.4985186451049422,-0.033955677341510615
3.4147008566287624,3.1497754593326004,-5.535181431113676,3.6792260390282148,3.3827274275215014,0.499614238517829,-0.017323176952317998
3.4330302211961117,3.1667581815656334,-5.536061684870165,3.6792260390282148,3.3827274275215014,0.4995825358485505,-0.01802108858259366
3.451380017848166,3.183738858723067,-5.536830297834632,3.6792260390282148,3.3827274275215014,0.4995373029071616,-0.018972499313726465
3.469742691028708,3.200703978157578,-5.537621235934569,3.7237405644981223,3.432320921654107,0.4999778847178581,-0.004147403785410897
3.488096614033779,3.2176419254243616,-5.538120814883965,3.7237405644981223,3.432320921654107,0.49997811890384625,-0.004125385999294573
3.5064544094430126,3.2345811464158016,-5.538180984259194,3.7685437965223936,3.4819358488184076,0.49992471213648565,0.007652408119976695
3.524809552012224,3.2515169096752707,-5.537978084618976,3.7685437965223936,3.4819358488184076,0.4999161223150867,0.008077179848103633
3.543174841622027,3.2684683972362363,-5.537568926147762,3.7685437965223936,3.4819358488184076,0.4999083089356865,0.008445023443013566
3.561544683638023,3.285434752308806,-5.53719234223783,3.8136205386885695,3.531571095108182,0.4995685426113422,0.01832069087960253
3.5799077738329403,3.302407637046848,-5.536742564418639,3.8136205386885695,3.531571095108182,0.49951543208829097,0.019415821680109913
3.5982543114827727,3.3193871161953057,-5.535835576863739,3.8136205386885695,3.531571095108182,0.49946502806980814,0.02040089501646558
3.6165819645158006,3.336384869673605,-5.534944850684714,3.858956393817279,3.5812256096056836,0.49898246264264295,0.028139049575141906
3.6385227101924116,3.3567841117652932,-5.533711651102655,3.858956393817279,3.5812256096056836,0.49884762442064284,0.029946453017781538
3.6531270354924503,3.3703937955503402,-5.532728977981063,3.9045377216876966,3.630898402070743,0.4984152248605517,0.03512185985266458
3.6713516468346628,3.3874118111784064,-5.531307053305644,3.9045377216876966,3.630898402070743,0.49826652719242187,0.036733963324560914
3.689536708003624,3.404440934244324,-5.529698057161398,3.9045377216876966,3.630898402070743,0.49809087098787924,0.03855185966087693
3.7076525812841883,3.421657834221439,-5.528295459279542,3.950351598930262,3.680588540869879,0.4977475213622571,0.04187878366052433
3.7255500238245967,3.439610307752007,-5.527932829993367,3.950351598930262,3.680588540869879,0.49760172490481946,0.04321440338904181
3.7434708551657057,3.4575516589016146,-5.5275236916628865,3.950351598930262,3.680588540869879,0.49741863718878204,0.04483557779612579
3.761556954574619,3.474627038750506,-5.525645957927854,3.996385780964037,3.730295151111638,0.4971823630945314,0.046845251695736945
3.7795979819709,3.4917303392012116,-5.523735521425439,3.996385780964037,3.730295151111638,0.49690273733615625,0.04911808937580697
3.7976120969142286,3.508872381463237,-5.521708524308429,4.039997086877502,3.7800174129435193,0.49636821242661877,0.05319476230490472
3.8155544196814386,3.5260146716526695,-5.519390012066551,4.039997086877502,3.7800174129435193,0.49604984264998614,0.055481648089118485
3.8334532247646074,3.5431937337338724,-5.516985840138754,4.039997086877502,3.7800174129435193,0.4956551921346623,0.05819276567550369
3.8513032511824976,3.5604078451322794,-5.5144579863417205,4.08394460623722,3.8297545599545515,0.49542727676233506,0.05970286595327656
3.8690969222023277,3.577657124676332,-5.5118731426659355,4.08394460623722,3.8297545599545515,0.49500910422644345,0.06237937947647354
3.8903662930494924,3.598399271170103,-5.508711668091121,4.08394460623722,3.8297545599545515,0.4943642148194701,0.06629748509562994
3.9080011624428055,3.6157064748722085,-5.505943352643442,4.125579052555104,3.8795058776167295,0.49387131106544363,0.06914418834797531
3.925576847129361,3.6330567199653903,-5.50297300884057,4.125579052555104,3.8795058776167295,0.4932753099871727,0.07243876367767732
3.943086477768066,3.6504416401275215,-5.499873708076231,4.1676537299745195,3.929270701689344,0.4931996752702031,0.07284633728638212
3.960521853552706,3.6678576276778987,-5.496617234083278,4.1676537299745195,3.929270701689344,0.4926072041128714,0.07596437213453355
3.97789860230188,3.6853267564615626,-5.493296126468081,4.1676537299745195,3.929270701689344,0.4918643163549129,0.07970422261789856
3.9951954252839963,3.702831991237713,-5.4898591360064986,4.207513869761476,3.979048416503867,0.49154911751875735,0.08123978417755384
4.0124086874327665,3.7203785216010425,-5.486297008971014,4.207513869761476,3.979048416503867,0.49077012966181954,0.08491769887959566
4.02953145984805,3.7379629989905396,-5.482792005100657,4.247907580947173,4.02883845304496,0.490950449992176,0.08408039800130362
4.0465786066443,3.7556025889859885,-5.479104837309855,4.247907580947173,4.02883845304496,0.49018687849112136,0.08757214519342393
4.060180516388548,3.7697698022419504,-5.476204842881331,4.247907580947173,4.02883845304496,0.4894265932552628,0.09091818571814736
4.0804675880329695,3.7910493738832125,-5.471596128680989,4.975002120699406,4.975002150501728,0.4928624247723074,0.07463695735253273
4.097355705637651,3.8089079000665818,-5.4680907912302,4.975002120699406,4.975002150501728,0.49306933364275707,0.07354348045427117
4.1142472463825515,3.8268847462575737,-5.464803939606936,4.975002120699406,4.975002150501728,0.49324449606834125,0.0726050835148695
4.127497756228665,3.841052131057899,-5.462390961327747,4.975002120699406,4.975002150501728,0.4933580538171082,0.07199027300642635
4.144268637979666,3.8587525266355884,-5.460907257090879,4.975002120699406,4.975002150501728,0.4932901658962173,0.072358443293987
4.159387993408512,3.874872290879771,-5.458795515890215,4.975002120699406,4.975002150501728,0.4933247556960027,0.07217108726106725
4.176104438375007,3.8930128932711714,-5.455690549211253,4.975002120699406,4.975002150501728,0.4934650735532879,0.07140607806899846
4.192770224012525,3.9112063567682407,-5.452578584437694,4.975002120699406,4.975002150501728,0.4936026292768207,0.07064819105343334
4.209381307159938,3.9294484870845823,-5.449451513848975,4.975002120699406,4.975002150501728,0.49373837001458504,0.06989234965755498
4.225944140105901,3.9477453422880684,-5.446337927569143,4.975002120699406,4.975002150501728,0.4938686758402932,0.06915909646090457
4.24245964856592,3.9661020871068757,-5.44326809290511,4.975002120699406,4.975002150501728,0.49399021958096806,0.06846815638810955
4.258914256948967,3.9845065782020868,-5.440283922876357,4.975002120699406,4.975002150501728,0.4940986129257619,0.06784610711903016
4.275305590120713,4.002954593366163,-5.437421856453033,4.975002120699406,4.975002150501728,0.4941898361864564,0.0673181912119869
4.291661143147638,4.021476507570363,-5.4344926962668865,4.975002120699406,4.975002150501728,0.4942851316430884,0.06676230203790068
4.3079670792785425,4.040052454088564,-5.431596473913336,4.975002120699406,4.975002150501728,0.49437290982372145,0.06624618278973804
4.324225408552868,4.058677155873965,-5.428717453635445,4.975002120699406,4.975002150501728,0.4944544098893483,0.06576339142549537
4.340425117833204,4.0773375465911,-5.42576986180381,4.975002120699406,4.975002150501728,0.4945391555594948,0.06525762697522408
4.356581023350704,4.096051821898619,-5.422876127509993,4.975002120699406,4.975002150501728,0.4946131728107132,0.0648126957703603
4.372686398711619,4.114816540391762,-5.420020283238306,4.975002120699406,4.975002150501728,0.4946784792894272,0.06441760166080446
4.38872165996284,4.133610860437397,-5.417305498559358,4.975002120699406,4.975002150501728,0.4947241322916053,0.06413997779567482
4.40471698769806,4.152470055610799,-5.414528812874231,4.975002120699406,4.975002150501728,0.49477162955684273,0.06384987059865854
4.420666466850071,4.171385663371443,-5.411764269991926,4.975002120699406,4.975002150501728,0.4948125812308993,0.06359869154392439
4.4365640813905864,4.190344221585087,-5.408986975587302,4.975002120699406,4.975002150501728,0.494849038713486,0.0633742486704727
4.452412432082206,4.2093459282274654,-5.406207797085189,4.975002120699406,4.975002150501728,0.4948791892328739,0.06318803707884135
4.468202082266121,4.228378875056727,-5.403349700742645,4.975002120699406,4.975002150501728,0.4949109423176827,0.06299133874839047
4.483947151531017,4.24746316763946,-5.400579738843519,4.975002120699406,4.975002150501728,0.49492583284306946,0.06289888782312558
4.499630024660472,4.26658115107608,-5.397884179452967,4.975002120699406,4.975002150501728,0.49492535053702386,0.0629018844288578
4.514574335593533,4.28771096582164,-5.395853096336441,4.975002120699406,4.975002150501728,0.49505941626130956,0.06206340909276831
4.5284060108711435,4.312171676771412,-5.3948130061753075,4.975002120699406,4.975002150501728,0.49544167749028056,0.05960857340848924
4.542780180773013,4.335127458862663,-5.393383217572999,4.975002120699406,4.975002150501728,0.495701830580978,0.057878939190021184
4.558357293209167,4.354407147517105,-5.390838913414152,4.975002120699406,4.975002150501728,0.49567350405135086,0.0580697467398279
4.573888761299431,4.373723984535621,-5.388281956944465,4.975002120699406,4.975002150501728,0.49563519521135524,0.058326810558932296
4.589360857803552,4.393063180158162,-5.3856358952043335,4.975002120699406,4.975002150501728,0.4955936767522954,0.05860414937832248
4.604782303563019,4.412440858784451,-5.383120993838466,4.975002120699406,4.975002150501728,0.4955257510406994,0.059055101246481945
4.620138404357715,4.431838570210882,-5.380682475052188,4.975002120699406,4.975002150501728,0.4954352241980286,0.0596508463002936
4.635460860200088,4.451302028838321,-5.378081485366379,4.975002120699406,4.975002150501728,0.4953439770378394,0.06024542268123256
4.650731311914862,4.4708075257609385,-5.375471446281867,4.975002120699406,4.975002150501728,0.4952344715245216,0.0609513844873677
4.665948504583864,4.490349610223412,-5.372823665062994,4.975002120699406,4.975002150501728,0.495106391397297,0.06176695014358402
4.681113231986947,4.509929194362854,-5.370143934246044,4.975002120699406,4.975002150501728,0.49495551165360413,0.06271421824260326
4.6962184498944355,4.529535159364058,-5.3673748523142235,4.975002120699406,4.975002150501728,0.4947836201083083,0.06377642736047595
4.711257875710534,4.549163294493461,-5.364536620137108,4.975002120699406,4.975002150501728,0.4945840288058828,0.06498824544039583
4.726226162929671,4.568814389197968,-5.361797382143961,4.975002120699406,4.975002150501728,0.49433252338952777,0.06648413960442401
4.741137530945012,4.58851140108406,-5.3589442134513705,4.975002120699406,4.975002150501728,0.4940443600155148,0.06815815591208985
4.7559889375800655,4.608252749705779,-5.355991527975429,4.975002120699406,4.975002150501728,0.49370824649074235,0.07006078097024249
4.770773883990522,4.628029051096658,-5.352953243278702,4.975002120699406,4.975002150501728,0.49330953682120027,0.07225357953627864
4.781818618563553,4.642886404290447,-5.350639288832123,4.975002120699406,4.975002150501728,0.4929569019468084,0.07413963547948343
4.800135933207092,4.66768326769422,-5.346633751096436,4.975002120699406,4.975002150501728,0.4922481839453302,0.07779386516794262
4.814696636807359,4.687540307960531,-5.343249830831401,4.975002120699406,4.975002150501728,0.49154525687530426,0.08125841519617683
4.829160636720157,4.707408356295697,-5.339613328535526,4.975002120699406,4.975002150501728,0.490693245549519,0.08527224791961019
4.843518877174126,4.727288810664596,-5.335971339848277,4.975002120699406,4.975002150501728,0.4896012208167852,0.09016041045846568
4.857774956478065,4.747189766200049,-5.332085316879213,4.975002120699406,4.975002150501728,0.4882169646741702,0.09600653588118835
4.871958079726063,4.768005587461001,-5.327366135245147,4.975002120699406,4.975002150501728,0.48678602345893696,0.10170488921217524
4.886092581020754,4.791087148077664,-5.321052227970489,4.975002120699406,4.975002150501728,0.48587292925117864,0.1051838014564006
4.90001548251706,4.813452351982413,-5.314981268843016,4.975002120699406,4.975002150501728,0.4841261915933701,0.11154517107683004
4.91371787170024,4.833468942199719,-5.310285182017895,4.975002120699406,4.975002150501728,0.4799436691315103,0.1255125118876479
4.927255352030959,4.853443945469876,-5.305139398632004,4.975002120699406,4.975002150501728,0.4734554148049338,0.14462907526259317
4.940478437645039,4.873213935678304,-5.29832565265181,4.975002120699406,4.975002150501728,0.46311672737755494,0.170932632661702
