4.983790579625151,4.895637727017011,-5.242283998986596,4.975002120699406,4.825002148266554,1.5828599158665381e-07,-0.9492015030145114
4.984079258923265,4.896092868382445,-5.2672312418814204,4.975002120699406,4.82237056927997,2.1059575972017223e-07,-0.9474415820064078
4.984136547370285,4.896232230501576,-5.308810305708282,4.972370541712822,4.817245915463992,2.5091629022821896e-07,-0.9463238403231204
4.984220912611081,4.896343289206845,-5.350261025448818,4.9698774668834265,4.809759401283326,3.2860388976631e-07,-0.9445436084481379
4.984323726792702,4.89648099026152,-5.391629350502743,4.964884027532154,4.800035335178219,3.5270474920710305e-07,-0.9440641974599865
4.9844224382647715,4.896600049229955,-5.432948824936687,4.957521821791735,4.78819148303943,3.415670687118336e-07,-0.9442821827911853
4.98452966216816,4.896718028708772,-5.474276935296271,4.947915521577388,4.774339412552942,3.1985804359978244e-07,-0.9447249626018424
4.984658453485635,4.896833069450698,-5.5157125634565665,4.936183237124582,4.758584819421267,3.0289293653404833e-07,-0.9450890694335207
4.984764757867836,4.896932795355291,-5.557034995025776,4.922436862340605,4.741027836415203,2.972662210693875e-07,-0.9452136498787858
4.984876167329032,4.897023302313668,-5.59835818184802,4.906782401979729,4.721763326159718,3.0520471482369063e-07,-0.9450384523588193
4.984966290763348,4.8970592357924945,-5.639461991271654,4.889320281598633,4.700881158510045,3.2767234347091903e-07,-0.9445627291536195
4.984919954828363,4.897022465628513,-5.6799186069499665,4.8701456411983814,4.678466473329037,3.665604935067617e-07,-0.943801004465625
4.984960373249801,4.897042440196483,-5.712743094073029,4.849348613411561,4.654599929434131,3.9229186245446484e-07,-0.9433338004245282
4.982963986219849,4.897610738376035,-5.770812054315081,4.829646166034573,4.629357940441849,6.553256875161778e-07,-0.9396363428467581
4.9814624448923785,4.897932913801297,-5.795730553903159,4.829646166034573,4.629357940441849,8.908223148615938e-07,-0.9372775128798804
4.98028913941232,4.898220522852644,-5.845328340733375,4.829646166034573,4.629357940441849,1.5340851270795555e-06,-0.9328068467246105
4.980439090735497,4.898286150250274,-5.88614828036919,4.829646166034573,4.629357940441849,2.2997220193135993e-06,-0.9292106472235393
4.980623561178894,4.898357953171963,-5.926680680717101,4.829646166034573,4.629357940441849,3.4124243463610878e-06,-0.9254652962985566
4.980761518642246,4.898406081687815,-5.967322684895157,4.829646166034573,4.629357940441849,5.040843769895243e-06,-0.9215093515867545
4.98088166546479,4.8984442679288005,-5.9996013970527065,4.829646166034573,4.629357940441849,6.838182020856082e-06,-0.9182278419419108
4.98106411349983,4.898493752804286,-6.047898984142136,4.829646166034573,4.629357940441849,1.0707849400570787e-05,-0.913073668218575
4.981213989931678,4.8985285086036745,-6.08804490157667,4.829646166034573,4.629357940441849,1.5436339111405456e-05,-0.9085553350964192
4.981397266941888,4.898561759302446,-6.135912981517262,4.829646166034573,4.629357940441849,2.367272051552242e-05,-0.902878696293261
4.981549860813109,4.898582625575538,-6.1754733207094095,4.829646166034573,4.629357940441849,3.347533222903058e-05,-0.8979381524760577
4.981703040141855,4.898596739106941,-6.214822138709191,4.829646166034573,4.629357940441849,4.6957023362656534e-05,-0.8927907106198341
4.981856301919846,4.898604259884946,-6.253998416020511,4.829646166034573,4.629357940441849,6.536869737954523e-05,-0.8874249913524387
4.982007775551634,4.898605469485329,6.273481904537535,4.829646166034573,4.629357940441849,9.02362638593486e-05,-0.8818506005458522
4.982129668461657,4.898601546920879,6.24254218479538,4.829646166034573,4.629357940441849,0.00011611603494265417,-0.8772338751409038
4.982303058655214,4.8985882084262355,6.196366080902215,4.829646166034573,4.629357940441849,0.00016801635362728655,-0.8700272734261636
4.983098327500589,4.898553296479941,6.158126175149932,4.829646166034573,4.629357940441849,0.00022342135864191498,-0.8640789360690676
4.983642741900664,4.898513977921953,6.128025037837974,4.829646166034573,4.629357940441849,0.00027905638769374475,-0.8591829077123075
4.983764450987327,4.898517473331282,6.090995376564764,4.829646166034573,4.629357940441849,0.00036973440478776926,-0.8526421808040814
4.983986811390788,4.898463278151809,6.0457837144534885,4.829646166034573,4.629357940441849,0.000516358482281538,-0.8443349176562842
4.984173703852979,4.898410048096829,6.00897672867679,4.829646166034573,4.629357940441849,0.0006736100068975895,-0.8372637310147979
4.9842956789508985,4.898372037583037,5.972097255646617,4.829646166034573,4.629357940441849,0.0008758934137252045,-0.8298431601495623
4.984399885675421,4.8983349480855285,5.9428513508480965,4.829646166034573,4.629357940441849,0.0010743551194044739,-0.8237486074072349
4.984603000237109,4.898259508400812,5.8992734682626,4.829646166034573,4.629357940441849,0.0014458615790189557,-0.8143386762082286
4.984776631161003,4.898184704905151,5.863489963472917,4.829646166034573,4.629357940441849,0.0018345584165655798,-0.8062863983321518
4.984989248695365,4.898085396546592,5.828179541860391,4.829646166034573,4.629357940441849,0.002306837838786287,-0.7980742074306735
4.985209013750261,4.897973034949458,5.793189390519933,4.829646166034573,4.629357940441849,0.002880187070631757,-0.789645096036225
4.985446203025412,4.897842260123191,5.758561934582364,4.829646166034573,4.629357940441849,0.0035693484313247324,-0.7810216717100487
4.985707273280917,4.897686403272003,5.7243094710111295,4.829646166034573,4.629357940441849,0.004390251838130756,-0.7722195224062829
4.985994513535268,4.897501367631248,5.690437262988576,4.829646166034573,4.629357940441849,0.005359912325301503,-0.7632499310195413
4.986313009269794,4.897280411800895,5.6569540234040865,4.829646166034573,4.629357940441849,0.006495195490723593,-0.754129867568955
4.986577161219643,4.897085524994025,5.630289353565927,4.829646166034573,4.629357940441849,0.007543851357041252,-0.7466701807476543
4.987034859223187,4.896721861884597,5.590957163311137,4.829646166034573,4.629357940441849,0.00934596413440831,-0.7354102517418106
4.987470371126028,4.896348789451033,5.558666654802821,4.829646166034573,4.629357940441849,0.011078590290722291,-0.7259427543611937
4.987943115061142,4.895916358170497,5.526719682663,4.829646166034573,4.629357940441849,0.013045246732779762,-0.7163690470492619
4.98848101780066,4.895392107703982,5.4952856858821475,4.829646166034573,4.629357940441849,0.015237754193516025,-0.7068004935940007
4.989105079559456,4.891067959651508,5.4645839843879775,4.829646166034573,4.629357940441849,0.017074968120798895,-0.6994798066651311
4.989771430411193,4.886807970232182,5.4343921070662695,4.829646166034573,4.629357940441849,0.019027836339420696,-0.6922580209651862
4.990401952677333,4.885920610640744,5.404361955871316,4.829646166034573,4.629357940441849,0.021781946425044645,-0.6828685907044469
4.990925434563269,4.885248629688693,5.375743505182144,4.829646166034573,4.629357940441849,0.024773410803972717,-0.6735181862610624
4.9913692665194755,4.884669661938622,5.348556797481458,4.829646166034573,4.629357940441849,0.0279585666912742,-0.6643381744359702
4.992199834941955,4.883500141308099,5.319489875208362,4.829646166034573,4.629357940441849,0.03143703251930973,-0.6550507827599763
4.993162167606562,4.882074431654565,5.290611667799241,4.829646166034573,4.629357940441849,0.03509474737875274,-0.6459629866992429
4.993720478138224,4.881191527820621,5.27355230511352,4.829646166034573,4.629357940441849,0.037403458635709826,-0.6405290380909276
4.99489179023596,4.879250253360908,5.2396557978750575,4.808349110585581,4.60281289819942,0.040521699894988265,-0.6335098311835063
4.996083698919045,4.877107297326597,5.206149506888246,4.808349110585581,4.60281289819942,0.04565522665360446,-0.6226403429994508
4.99715080421905,4.875049987002974,5.178745355436782,4.808349110585581,4.60281289819942,0.050056538263032996,-0.613893894297777
4.998269593541877,4.872743779349208,5.151794866289377,4.808349110585581,4.60281289819942,0.05454036037578312,-0.6054401197884547
4.9994180090088,4.870206945380326,5.125221430419195,4.808349110585581,4.60281289819942,0.05910662407328225,-0.5972375911083041
5.000585850379867,4.867440050292531,5.099083690136224,4.808349110585581,4.60281289819942,0.06371161223685698,-0.5893257341052556
5.00199690380953,4.863815109678371,5.068128485949543,4.808349110585581,4.60281289819942,0.06928930198393786,-0.5801626481389077
5.0029421617165815,4.861189457664982,5.047714978853501,4.808349110585581,4.60281289819942,0.07300625932699283,-0.5742815349823465
5.0041060769132075,4.857709067840294,5.022547670609171,4.808349110585581,4.60281289819942,0.07762412304824091,-0.5671976912892303
5.005248446438699,4.854021463621184,4.997471014003351,4.808349110585581,4.60281289819942,0.08227734214627853,-0.5602845057092875
5.006335238763087,4.850178589619364,4.9722831564800165,4.808349110585581,4.60281289819942,0.08706545584786873,-0.553382529170888
5.007335302594603,4.846205387440862,4.946671737277177,4.808349110585581,4.60281289819942,0.09212532400772706,-0.5462987193949487
5.008251376417586,4.842147727167711,4.9208122587342515,4.808349110585581,4.60281289819942,0.0974306178007512,-0.5390798240618906
5.009094643151962,4.837898756544316,4.894711572849008,4.808349110585581,4.60281289819942,0.10288832615442434,-0.5318540703171952
5.010028610027145,4.832365552345453,4.864879612067404,4.808349110585581,4.60281289819942,0.10876111087400611,-0.5242831448089587
5.010609693524162,4.828348041637861,4.847186744338429,4.808349110585581,4.60281289819942,0.11163530614600477,-0.5206486056941452
5.009722253946627,4.820340319245467,4.825405583513816,4.785541373805218,4.5750333844568525,0.11649688048421242,-0.5145985241932198
5.008676207189066,4.811303755818461,4.800218454367337,4.785541373805218,4.5750333844568525,0.12003276133297773,-0.5102703992577758
5.008815871467902,4.8030329583618885,4.774624200496907,4.785541373805218,4.5750333844568525,0.12309094991516087,-0.5065729131290073
5.009098369692875,4.79786778261624,4.75771189830743,4.785541373805218,4.5750333844568525,0.12508942745488352,-0.5041785920222853
5.009321504390451,4.791314326324495,4.736707154778618,4.785541373805218,4.5750333844568525,0.12742874557378925,-0.5013970546629192
5.009414849622793,4.783299947494212,4.711658647652054,4.785541373805218,4.5750333844568525,0.12996814313954447,-0.49840246781100106
5.009345360734542,4.776454888508686,4.69103824745434,4.785541373805218,4.5750333844568525,0.13173872047748497,-0.49632927855366904
5.009122719715008,4.769437258491299,4.670847350859005,4.761302465237239,4.546084371398365,0.14092226616391404,-0.485757365721625
5.008745314673277,4.76215792525322,4.650561967639507,4.761302465237239,4.546084371398365,0.14299185020142233,-0.48341406169888734
5.008210939579289,4.754716446558678,4.630402661625269,4.761302465237239,4.546084371398365,0.14476581775182654,-0.4814161727135985
5.007526752293923,4.747257888014794,4.610074124659603,4.761302465237239,4.546084371398365,0.14650377491379105,-0.4794681443605414
5.006702614428336,4.739973936640671,4.588782814019106,4.761302465237239,4.546084371398365,0.1487739857526054,-0.47693698982594057
5.005725496334245,4.732802210115647,4.566841019445641,4.761302465237239,4.546084371398365,0.15138883925548974,-0.4740398412358513
5.004554162045354,4.725394754799341,4.545922026761352,4.761302465237239,4.546084371398365,0.1531698669265358,-0.47207735148674046
5.003187270085716,4.717703243313603,4.525704920023175,4.735707709712571,4.516027411619532,0.16819569294288234,-0.455836707060587
5.0016388556771325,4.709944688344044,4.506443016302773,4.735707709712571,4.516027411619532,0.16982418223663157,-0.4541074214278221
4.999866146726203,4.701819102826746,4.488261803084323,4.735707709712571,4.516027411619532,0.1703662620037206,-0.4535330118347164
4.997854627251031,4.6933674380401,4.467902259257078,4.735707709712571,4.516027411619532,0.1714543791803765,-0.45238181081251916
4.995676288122525,4.68501649877506,4.448169595643536,4.735707709712571,4.516027411619532,0.1721375917981223,-0.4516602099789413
4.993323430082838,4.676662022413071,4.428440567012462,4.735707709712571,4.516027411619532,0.17258000068775253,-0.45119343979339477
4.990801347567929,4.668326234006845,4.4086951124712686,4.708828467597357,4.484920818105634,0.19272167687490274,-0.430312683983772
4.98787706205041,4.659318616957244,4.38963405462289,4.708828467597357,4.484920818105634,0.19323237905669172,-0.4297916259756154
4.9846901046632,4.650070156040237,4.370872678069139,4.708828467597357,4.484920818105634,0.19303022598598715,-0.42999783421259274
4.981349052268765,4.640948352268056,4.3520396726691395,4.708828467597357,4.484920818105634,0.19269677194693038,-0.4303381033563868
4.977837841887457,4.631884320791479,4.333199846201145,4.708828467597357,4.484920818105634,0.19209517136242155,-0.43095239908328165
4.974167722088073,4.622915494347472,4.314324874584495,4.680732343448993,4.452819834737464,0.21623511908030218,-0.4066550593476851
4.96997960853889,4.613210701793753,4.296401103732287,4.680732343448993,4.452819834737464,0.21561234194795129,-0.40727407602931365
4.965430448181636,4.6031423506560785,4.278031474610715,4.680732343448993,4.452819834737464,0.21442270852874598,-0.40845750582662566
4.9607954325500065,4.593376674736439,4.26009490475389,4.680732343448993,4.452819834737464,0.2129083733835975,-0.40996585120624296
4.9560110607376355,4.583749275418243,4.242065887205549,4.680732343448993,4.452819834737464,0.21115321601633896,-0.41171682739039595
4.951067554332593,4.574246689151508,4.223850993069913,4.651483383690277,4.419776797823142,0.23976455708376007,-0.3834785804872166
4.945552261093556,4.564294474482613,4.206692070486534,4.651483383690277,4.419776797823142,0.2385304357702429,-0.3846859821625217
4.937608077587833,4.5550249558651394,4.190458408345178,4.651483383690277,4.419776797823142,0.23912138028261098,-0.38410774552813864
4.929562452763492,4.545931014877355,4.174280401246687,4.651483383690277,4.419776797823142,0.23941911647683548,-0.3838164724546008
4.9233038394418935,4.535645676835748,4.15749092199936,4.621142263879648,4.385841289128256,0.2696556902739629,-0.35436237984302676
4.91672140811855,4.5252172412394405,4.141987806538676,4.621142263879648,4.385841289128256,0.26717559806192515,-0.3567745273101788
4.9090066153506156,4.513407094423832,4.125882786451123,4.621142263879648,4.385841289128256,0.26277223920733245,-0.3610568534414762
4.90160647669786,4.502443605755238,4.110100116146075,4.621142263879648,4.385841289128256,0.2583998577817469,-0.36530980117758594
4.894144971398021,4.491776718992882,4.094137713585002,4.589766466125101,4.351060280851781,0.29144176439460173,-0.3331218627504344
4.886066499971395,4.4806106559149095,4.0791416602594985,4.589766466125101,4.351060280851781,0.28789205417950314,-0.3365929401525666
4.877303348368897,4.468837574064445,4.067641835756232,4.589766466125101,4.351060280851781,0.2806901720577376,-0.3436204612633009
4.868382687480099,4.4570533744702425,4.058247540141401,4.557410447160528,4.315478272971697,0.3096751836339326,-0.31518045908476544
4.859438738315714,4.445581865817286,4.0418021896874485,4.557410447160528,4.315478272971697,0.30722879167595196,-0.3176009565873872
4.849700762715484,4.433512754982056,4.028136701304643,4.557410447160528,4.315478272971697,0.30160127123296276,-0.3231517649008636
4.840019806828138,4.4217841695151705,4.013955422265903,4.557410447160528,4.315478272971697,0.29563867438750696,-0.3290102096292764
4.8303611712263415,4.410460236726849,3.999623893432326,4.5241257975759295,4.2791374233618775,0.33173374624648216,-0.29309386353542355
4.819677651432765,4.398264899504526,3.9864276179134133,4.5241257975759295,4.2791374233618775,0.3264572604775544,-0.29842622521591367
4.808628315770157,4.38597678816625,3.973337909695141,4.5241257975759295,4.2791374233618775,0.3199220785816097,-0.30498472670620014
4.797680204798307,4.374110096442786,3.960175828064043,4.489961392667096,4.24207767106073,0.3553208859627655,-0.26874848844065524
4.785912578237703,4.361693066989498,3.9491928170066024,4.489961392667096,4.24207767106073,0.3492893124636136,-0.2750643629531909
4.773606583119652,4.348985885539764,3.9374144566034683,4.489961392667096,4.24207767106073,0.3422351314256181,-0.2823674672653834
4.761800024882384,4.337037834039624,3.9267606971247266,4.45496353534583,4.204336853052007,0.37629874318923623,-0.24615779274476857
4.748912275591085,4.324311092345606,3.914961659494858,4.45496353534583,4.204336853052007,0.37123425741942667,-0.2517117736595389
4.735308213184124,4.311199980204721,3.9045223843790384,4.45496353534583,4.204336853052007,0.3638015137482574,-0.259742156971311
4.724553432443601,4.300996327035564,3.8960413299867347,4.419176091528574,4.165950814899268,0.39782533065667475,-0.2216456473099614
4.708248858514974,4.28589035626199,3.8819020000709665,4.419176091528574,4.165950814899268,0.39298420191543454,-0.2273026073977521
4.693636818075228,4.272683717438386,3.871394646051389,4.382640618399329,4.126953515557458,0.4218089298788222,-0.19198457489439524
4.67809652672761,4.25889607156485,3.862664198176812,4.382640618399329,4.126953515557458,0.4170975586438635,-0.19806165081122595
4.662106184635314,4.2449578254793074,3.8534242718967637,4.382640618399329,4.126953515557458,0.4113953725144009,-0.20523825428307563
4.646063655220614,4.231264878462873,3.843003715747218,4.345396485921883,4.08737712666811,0.43899852559304636,-0.16842044275365664
4.626584779910621,4.214986575798244,3.833549161407244,4.345396485921883,4.08737712666811,0.43405529865749526,-0.1754514841304372
4.609686176962867,4.201079442902838,3.825961614512187,4.307480991956669,4.047252126628461,0.45642032316206005,-0.141402422426659
4.592333414749365,4.18704172658919,3.819013643871533,4.307480991956669,4.047252126628461,0.4533861785755215,-0.14641058723579325
4.5743847306248995,4.1719669819299225,3.8136673415927764,4.268929471318831,4.00660738970958,0.46999929852559974,-0.11672766238509047
4.555987574443315,4.15372458916623,3.8100491651074875,4.268929471318831,4.00660738970958,0.46343580923417843,-0.12918028342192323
4.537579628840973,4.1361092637983115,3.8064994606616676,4.229775399096402,3.965470270484059,0.4754348458451185,-0.10541412981368825
4.519129329064151,4.121709899294781,3.802012508400971,4.229775399096402,3.965470270484059,0.47340366990767657,-0.10976748931519542
4.500505224228367,4.107286777334753,3.798073318999044,4.229775399096402,3.965470270484059,0.47063845777120406,-0.11545025920959906
4.481732622586309,4.092904893002677,3.7929807090349286,4.1900504885306775,3.9238666838101413,0.4843350772645912,-0.08390684727987263
4.46254853350054,4.078348364807618,3.7890301942485283,4.1900504885306775,3.9238666838101413,0.48295126490966117,-0.08757830964486846
4.443199871929969,4.063773693279783,3.785276733640368,4.1497847837449875,3.8818211806061633,0.49221102582322523,-0.0589992693822593
4.423572265243129,4.049103928676286,3.782396457266381,4.1497847837449875,3.8818211806061633,0.4915457921177675,-0.06148171407571701
4.40371330132321,4.034326855942088,3.7801577842567045,4.109006747593015,3.8393570196368656,0.49708202409488195,-0.03604927484885556
4.383753091779372,4.0195335927998235,3.7786642830426262,4.109006747593015,3.8393570196368656,0.49680272362342476,-0.03773885005973687
4.363824817319771,4.004800755685488,3.777269646826662,4.109006747593015,3.8393570196368656,0.4964342681295342,-0.03985928704976227
4.343843652274315,3.9900809943118416,3.775614509791163,4.067743344883512,3.796496235521475,0.49949257958000076,-0.01502001202914438
4.323730794467925,3.9753124605980306,3.774759656149444,4.067743344883512,3.796496235521475,0.49945157727107964,-0.015615298975477754
4.3035762476809305,3.9605305808925557,3.7740858496002345,4.026020121224769,3.753259703162418,0.49992011541630577,0.005958712568928437
4.283405608744706,3.945759283005616,3.7739707429917333,4.026020121224769,3.753259703162418,0.4999043589844872,0.006519967728189524
4.26322732031296,3.9309671337831835,3.7742763984622596,3.9838612777193787,3.7096671987830447,0.49861417360812144,0.024829910631946284
4.243121971312833,3.916218546680862,3.775095996443532,3.9838612777193787,3.7096671987830447,0.4984642899739512,0.026139562216279888
4.223083924850951,3.9014762323098333,3.776269584872719,3.9838612777193787,3.7096671987830447,0.49830860558937246,0.027434054517213813
4.203063593355629,3.886711216506894,3.7776082907662256,3.94128974172769,3.6657374577528463,0.49578422431146263,0.0433504781306564
4.1831098421703885,3.8719537223086737,3.779355848275277,3.94128974172769,3.6657374577528463,0.49535203683417967,0.04552531931102832
4.163217648098116,3.857184368544446,3.7813195124885635,3.898327233906877,3.621488229369234,0.49241634098270437,0.058212216022806684
4.143421401529704,3.842425254984745,3.7836622708635796,3.898327233906877,3.621488229369234,0.4916904336527986,0.06095036065962112
4.123739634027117,3.827669913896619,3.786292125170046,3.898327233906877,3.621488229369234,0.4908362057955744,0.0640261171265124
4.104293635984188,3.8121833965036585,3.789348609237215,3.8549943317216298,3.576936328756072,0.48833354176963983,0.07230660802728939
4.085792263702928,3.7935353963577407,3.7941481731062625,3.8549943317216298,3.576936328756072,0.48987924976085256,0.06730919537665803
4.0675897994299826,3.7744988206240198,3.7989839197590927,3.811310529612182,3.532097686030705,0.4900631627602783,0.06669043762130666
4.048251951404569,3.759518589399871,3.802070722399536,3.811310529612182,3.532097686030705,0.489214365001268,0.06950151152523842
4.028939431003911,3.7444727543607765,3.8050500210883422,3.811310529612182,3.532097686030705,0.48810458343460633,0.07301867817235008
4.009717740397722,3.7294023456615806,3.8081966660600663,3.7672942959955966,3.4869873928832487,0.4860892843217246,0.07901933841214204
3.9906018436378368,3.7143173491637045,3.811575456465772,3.7672942959955966,3.4869873928832487,0.4847758641152426,0.0827047626567643
3.9716062037917332,3.6992179989669536,3.815143797768504,3.7229631272669867,3.44161974670434,0.4834991778346963,0.08614244794422077
3.952713830799195,3.6840854233919105,3.818866398339415,3.7229631272669867,3.44161974670434,0.48209167604936615,0.08978692980820413
3.93394477786787,3.668928544014668,3.8226318422718655,3.7229631272669867,3.44161974670434,0.48034787331130724,0.09411638640995479
3.9152836772138233,3.6537387260549394,3.826509772278877,3.678333598958564,3.3960082923903707,0.4801104210614698,0.09469144516608097
3.896694210043596,3.638492100390393,3.830460462287874,3.678333598958564,3.3960082923903707,0.47833359836350575,0.09889453757030053
3.878253517795117,3.6232422292772792,3.834794994035237,3.678333598958564,3.3960082923903707,0.47623096611276966,0.1036616790419127
3.863608001258112,3.6110352000511012,3.838399721259086,3.6334214142061074,3.3501658619484496,0.4777130394311686,0.1003234953947485
3.8417284471187454,3.5926292739560255,3.843807814630545,3.6334214142061074,3.3501658619484496,0.4754043544803233,0.10548071042886709
3.8235583316344126,3.5771931028792334,3.848427032150112,3.5882414496645665,3.3041046120168893,0.4772116916879501,0.10146418852544015
3.8054605404566457,3.5616590330991533,3.8531115171389496,3.5882414496645665,3.3041046120168893,0.4754583959938843,0.10536267922782816
3.783891253050072,3.5429594125468817,3.858436002164158,3.5882414496645665,3.3041046120168893,0.47266438714708825,0.11131287722451688
3.7660675246051785,3.527344642379198,3.863033819007492,3.542807799007051,3.2578360594109346,0.47578764484313746,0.10464090144544302
3.7482601492105916,3.511606668826933,3.867589346557578,3.542807799007051,3.2578360594109346,0.47374207248975536,0.1090533656317596
3.7305687283470412,3.495831164440596,3.872351301445509,3.542807799007051,3.2578360594109346,0.4712467344369439,0.11422246464936214
3.713047112630491,3.4800549764241353,3.877329545208917,3.497133814134402,3.2140026937842405,0.47703740092931335,0.10185794775249857
3.6954697770656004,3.4640728358130675,3.8818129510804367,3.497133814134402,3.2140026937842405,0.47503109123135034,0.1062926260285526
3.681412018138147,3.451189678529791,3.8855379502059075,3.497133814134402,3.2140026937842405,0.4730842412122739,0.11043766344616968
3.6604605378589845,3.4313039096364166,3.890757780790736,3.4512321442158367,3.172476347401057,0.48028965348741376,0.09425768849871607
3.642588934751892,3.413256651345372,3.894281162612721,3.4512321442158367,3.172476347401057,0.47896803593205145,0.09741333422620091
3.6247876645534287,3.395669625727445,3.897555101685886,3.4051147726748243,3.1305040192093534,0.48509939740654306,0.0818117038171533
3.6071900237829855,3.3790152613670568,3.9010596997995375,3.4051147726748243,3.1305040192093534,0.4837262436890324,0.08554067628696593
3.589643275443829,3.3623040873567858,3.904708347255504,3.358793052228336,3.0881091819358946,0.4884929192886232,0.07180690931720113
3.572073083237579,3.3454474126485074,3.907962113255629,3.358793052228336,3.0881091819358946,0.4875301405167083,0.0747763842508391
3.554491372804649,3.328475684568014,3.911418747566145,3.358793052228336,3.0881091819358946,0.4863481357408999,0.0782733960739852
3.53701285719342,3.3114707827870076,3.9150744536299213,3.3122777380819226,3.0453140729007724,0.4908500785367015,0.06397731837043219
3.5195440962554736,3.2943612822411756,3.9178295631030333,3.3122777380819226,3.0453140729007724,0.4900073103433011,0.06687893571134484
3.502060375066879,3.2771392289958,3.920661185783438,3.265579019377686,3.0021397590388115,0.4934025097673388,0.05427647965088922
3.484609950054539,3.2598528116525536,3.9234179716036324,3.265579019377686,3.0021397590388115,0.4929048866378947,0.056296170570962145
3.467205368819653,3.2425225525465597,3.926261753878038,3.265579019377686,3.0021397590388115,0.4922830764452614,0.05872424624851691
3.449803735120211,3.2251055767239327,3.9288239662439857,3.2213381279736724,2.958606198498793,0.4944276412103478,0.04986359969138343
3.4289288037732932,3.204101572138116,3.9316156656541326,3.2213381279736724,2.958606198498793,0.49382277173414385,0.052511476559763626
3.4115833117631302,3.186564097617266,3.933756029175255,3.179425704538291,2.9147322990006144,0.4948722300986173,0.04782553394839928
3.394251987568765,3.168959284174062,3.935773429163387,3.179425704538291,2.9147322990006144,0.4944033872499326,0.049972429061664325
3.376934374614841,3.151290726910239,3.9378984072741954,3.179425704538291,2.9147322990006144,0.49382687563471744,0.052493953848205877
3.359684171798226,3.133613133753407,3.9401630735000603,3.1397191981258246,2.870535973121021,0.4942807576644585,0.050519145055875736
3.3424839381750777,3.1159081221348135,3.942502415134517,3.1397191981258246,2.870535973121021,0.4937539853394465,0.0528043282959223
3.3253304644066644,3.0981731611618004,3.9449106681839705,3.10210250784033,2.826034190669559,0.493561866381327,0.05361393417628402
3.3082101990263952,3.0803947885111302,3.947270847138751,3.10210250784033,2.826034190669559,0.49297202905384985,0.056027827773912575
3.2911455980125996,3.062588904534784,3.949707427939442,3.10210250784033,2.826034190669559,0.4922360726608982,0.058903805941832976
3.2741710632288816,3.044783610584104,3.9521885615336143,3.066465643359334,2.7812430283079013,0.49147347269859604,0.06174571211300428
3.257262496711257,3.026950264676154,3.954833771895101,3.066465643359334,2.7812430283079013,0.4906226312541311,0.06477286844976171
3.2409801834563305,3.010412583290867,3.956763971182038,3.032704403324701,2.7361777165576293,0.488871779258841,0.07060534011794117
3.2256208493188714,2.995950712722383,3.957719646291479,3.032704403324701,2.7361777165576293,0.4867463200457012,0.07711240314857482
3.209652022100272,2.979933921550833,3.9597950235408557,3.032704403324701,2.7361777165576293,0.48469341279100864,0.0829308844277743
3.1930839559520727,2.962187201889874,3.9633341433519655,3.000720070660302,2.690852684333918,0.48278822478947586,0.08800126877871572
3.1766688198742727,2.944474206742342,3.967116628645787,3.000720070660302,2.690852684333918,0.48111261529628974,0.09224137343602479
3.1603941544733845,2.9267762010127623,3.9710505287151583,2.970419123925585,2.6452816011353377,0.47866187485800044,0.09813073832733776
3.1442675368742394,2.9090890299536056,3.9752280731123006,2.970419123925585,2.6452816011353377,0.4766945268273785,0.10262845591655179
3.1282802343246834,2.891397466507197,3.9796598296419843,2.9417129638610717,2.599477417013135,0.47379847440959066,0.10893392183837358
3.112436901031576,2.8737056970236274,3.984291997817842,2.9417129638610717,2.599477417013135,0.47151587943640094,0.11367532902658528
3.0967643153538225,2.8560342783047385,3.9891614735865093,2.9145176543261773,2.553452400436847,0.46825033046265957,0.1201597514030972
3.081259587205504,2.838380551394023,3.9941427648513232,2.9145176543261773,2.553452400436847,0.4656042913213224,0.12518975513678732
3.065891500903863,2.820715802892142,3.9992359521077505,2.9145176543261773,2.553452400436847,0.462360303513773,0.13111916537669766
3.0507942172008127,2.803163864204439,4.005325173228375,2.8887536768718793,2.5072181741669692,0.45927128381045884,0.13655184002260912
3.035874238524129,2.7855939181275424,4.01154886124584,2.8887536768718793,2.5072181741669692,0.4559820969760028,0.14213518946398174
3.0212279335830186,2.768127942639607,4.0176084006301895,2.8643456982305953,2.460785749239538,0.4527408882523209,0.14745674743549997
3.006781095623932,2.750679103697223,4.024015414643149,2.8643456982305953,2.460785749239538,0.4491049967363574,0.1532368405205098
2.992531919090805,2.733239560742984,4.030608152638006,2.8643456982305953,2.460785749239538,0.44472688653625786,0.15996125136593742
2.9785607752403536,2.7159013836510795,4.037559557443123,2.841222350043397,2.4141655571619665,0.44226341276246467,0.16364318688487978
2.9648012365826855,2.6985788668313493,4.044696041445644,2.841222350043397,2.4141655571619665,0.43776708043980417,0.1701938582054341
2.951214995444497,2.681223210321434,4.051825840456624,2.819316020180464,2.3673674804142144,0.43553051197633524,0.17337720143613544
2.9378551163891675,2.663911506764718,4.059162141646458,2.819316020180464,2.3673674804142144,0.4307836890184965,0.17998367642333246
2.9248145792891105,2.6467216099574813,4.0673603030683685,2.7985626550445697,2.320400881344397,0.4294044353174833,0.18186765677279393
2.9119974298857905,2.6295499082309863,4.075170844247462,2.7985626550445697,2.320400881344397,0.42476511384757476,0.18809663030798496
2.899414218469815,2.612404388181524,4.083337550439512,2.7985626550445697,2.320400881344397,0.4193824887666227,0.19513198392425646
2.886307100134765,2.5938910173184677,4.091403950773676,2.7789015722794574,2.2732746295431507,0.4187660270074532,0.19592558818360262
2.8717293722659107,2.5724032993662505,4.098736305040884,2.7789015722794574,2.2732746295431507,0.4111610421075,0.20552928976770368
2.858628376044825,2.5532024314583737,4.107023186141956,2.7576437043487787,2.2259971277765818,0.414602760680473,0.2012244033898738
2.846966624643798,2.536189403263256,4.115831454027836,2.7576437043487787,2.2259971277765818,0.40938854770629185,0.20772127047277555
2.8353985924356966,2.5189927014531452,4.124864918102814,2.7576437043487787,2.2259971277765818,0.40313727574688674,0.21532582070411843
2.8240899574091785,2.5018295841712614,4.134010216725035,2.7375046715567035,2.178576336553245,0.4091381362921921,0.20802962139543757
2.813026015188841,2.4847372371409797,4.142270759909997,2.7375046715567035,2.178576336553245,0.40305790554085247,0.21542117303287944
2.8022171344589832,2.4677027630386217,4.151760254248533,2.7184255878313475,2.131019797396429,0.4091153702578252,0.20805763893434648
2.7914795447757967,2.450424015808835,4.160962354319214,2.7184255878313475,2.131019797396429,0.40395597952804346,0.21434056525699252
2.780922849545526,2.433085875543716,4.1702429389169575,2.7184255878313475,2.131019797396429,0.3978004498565421,0.22167496338067494
2.770726062939559,2.415977218173797,4.179892441060789,2.70035066635938,2.0833346548889744,0.4053082756951315,0.21270629825741638
2.7605810901609846,2.398578031890537,4.189261241449634,2.70035066635938,2.0833346548889744,0.3998293437043871,0.2192758298026558
2.7505954332916485,2.381078107750188,4.199221308928835,2.70035066635938,2.0833346548889744,0.3935423918326295,0.22665506382040435
2.740897821418999,2.363652965023098,4.210126859431228,2.6832270564618104,2.035527677553878,0.40305444046122196,0.21542533518858842
2.7314252051785974,2.3461844862436223,4.219725394433052,2.6832270564618104,2.035527677553878,0.39746876055694363,0.22206553420762343
2.7220009274127257,2.328432551214364,4.228780469677246,2.6670046890522334,1.9876052776300195,0.4055077168068765,0.2124645362181352
2.7126743401678457,2.3104715790776282,4.237524576582826,2.6670046890522334,1.9876052776300195,0.3998276734222025,0.21927781210622754
2.7035431488456094,2.292515972009742,4.246812060442303,2.6670046890522334,1.9876052776300195,0.39336725252433746,0.2268583677655731
2.6948006504998165,2.274899487467904,4.256802829839043,2.651636130224312,1.9395735297984749,0.4034324339440717,0.21497097477465732
2.6827018620953353,2.249781188685475,4.27028995792388,2.651636130224312,1.9395735297984749,0.395554081226835,0.22431129499449187
2.674245127978871,2.231701435724508,4.280492220739847,2.6370764425385436,1.8914381889109317,0.4057875890364741,0.212124953501152
2.6659555352574973,2.2135037417137813,4.2893148136219175,2.6370764425385436,1.8914381889109317,0.400202299383826,0.21883290076152884
2.657762897472093,2.195064650297901,4.299324920343472,2.6370764425385436,1.8914381889109317,0.394061017639513,0.22605234131931384
2.649948608903065,2.1769787960408866,4.3089987806215815,2.623283053600162,1.8432047067677824,0.4054856607935864,0.21249128184580535
2.639397642594993,2.1568685286590377,4.317094058597053,2.623283053600162,1.8432047067677824,0.3946442275057372,0.22537331148829143
2.6285907677630416,2.13648489434512,4.324165019919486,2.6102156315405103,1.7948782479894376,0.3997531031366085,0.21936630041551397
2.6207164239597756,2.1176949220909886,4.333000435522557,2.6102156315405103,1.7948782479894376,0.3930624969820401,0.22721185104074348
2.613340686089023,2.0990056161825734,4.341648886635448,2.6102156315405103,1.7948782479894376,0.3855759154343854,0.2357885208843069
2.6078204299638816,2.0846359403116193,4.350283146511662,2.5978359670333546,1.7464637050203577,0.40076546653750844,0.21816292541147475
2.6010726194379643,2.0665523826744234,4.358624012689395,2.5978359670333546,1.7464637050203577,0.39481311969973776,0.2251764216001797
2.5944467086984915,2.048463378778541,4.365430808987344,2.5978359670333546,1.7464637050203577,0.3868440610709936,0.23434964450199214
2.586596544402042,2.0263323792447085,4.37786728725294,2.586107861495549,1.6979657123012522,0.4005287354319719,0.21844472301124762
2.5815628527818006,2.0116347702124546,4.385881465581363,2.586107861495549,1.6979657123012522,0.3962522940032082,0.22349407315976655
2.5740075863370695,1.9888976785493693,4.397390774181156,2.577628600124806,1.6493886596409815,0.4044366056676976,0.21376071068073754
2.5679104951222023,1.969853966500649,4.406988449554598,2.577628600124806,1.6493886596409815,0.3990941417027973,0.22014721373862733
2.561971307855149,1.9507134448068157,4.416446804332386,2.577628600124806,1.6493886596409815,0.39252456138114783,0.22783493252551534
2.556309476217253,1.9318065204273864,4.4260562298858765,2.5695956103664117,1.6007367048160628,0.4040259688027935,0.21425619347943514
2.5508300101610146,1.9128340839632383,4.436190683860572,2.5695956103664117,1.6007367048160628,0.3988061363463874,0.22048793692190616
2.545434453830133,1.8934992003338476,4.444730377175521,2.56461698067938,1.5520137854225347,0.40543057721754905,0.21255806725739546
2.540228068736921,1.8741899466252026,4.453934079968558,2.56461698067938,1.5520137854225347,0.40000655982587807,0.21906543983160742
2.5351966596205884,1.8547744805873823,4.463474470833422,2.56461698067938,1.5520137854225347,0.3936550846971157,0.2265241859966387
2.5304345325480817,1.83564727328827,4.4733134176692895,2.5599003726686864,1.5032236300025925,0.4034758563370569,0.2149187374905046
2.5257863389251494,1.8161676076707494,4.482821641619019,2.5599003726686864,1.5032236300025925,0.39778796262302324,0.22168967562694464
2.5213357680674324,1.796712097863395,4.4924811480731615,2.5580635696505745,1.4543697684671586,0.40384614755275494,0.2144729212040808
2.51705120154166,1.7771067001141017,4.5019247118940315,2.5580635696505745,1.4543697684671586,0.3984786738086945,0.2208749126562901
2.5129574211510786,1.757499187280267,4.511654080689812,2.5580635696505745,1.4543697684671586,0.39219910248644924,0.2282113732340847
2.509120616721729,1.7381600142726708,4.521917275094953,2.5563234169853413,1.4054555418358006,0.40139527927085,0.21741201327252724
2.5055056069719495,1.7188221681600364,4.533160481187319,2.5563234169853413,1.4054555418358006,0.39679240904038976,0.2228605443710363
2.503148831345886,1.7030479188878775,4.542438422083706,2.5563234169853413,1.4054555418358006,0.39311931300721076,0.2271459776163789
2.4999803848358617,1.6789001768203597,4.554656281689182,2.5546748183421872,1.356484111317456,0.40437916610548397,0.21383006601944832
2.496406856354918,1.6550217124342161,4.566163359286376,2.5546748183421872,1.356484111317456,0.3973401664338242,0.22221683379167345
2.4941376953189476,1.6392177223505087,4.573896312013243,2.5557445213894807,1.307458466759611,0.40630861607462576,0.2114917569416983
2.4914632814440036,1.6193296849737866,4.5833356096410345,2.5557445213894807,1.307458466759611,0.40090840367977115,0.21799265816726798
2.4889436859470973,1.5992378364036384,4.592829231624848,2.5567578618790674,1.2583814345000421,0.4095103423334768,0.20757117813062265
2.4866358874004035,1.579218239334189,4.601711528087768,2.5567578618790674,1.2583814345000421,0.4043363691636638,0.21388173105819686
2.48448925596799,1.5592599912925795,4.609544568464241,2.5567578618790674,1.2583814345000421,0.39756069801947097,0.2219573217059736
2.4825350815587743,1.5393634153184035,4.619211849920412,2.560349363440364,1.2092556846639888,0.40495679926450506,0.21313189440775182
2.480782066088441,1.5195012855094507,4.628987533049959,2.560349363440364,1.2092556846639888,0.3997688444340626,0.21934762311278644
2.479207077089038,1.4995233848212433,4.638469355822554,2.560349363440364,1.2092556846639888,0.3932625426464584,0.22697985999075687
2.4778537535759,1.4799072657732903,4.648503231186473,2.563751726411301,1.1600837379604256,0.4041152285431437,0.21414855804513167
2.47668739420045,1.4600687092362676,4.658292669069532,2.563751726411301,1.1600837379604256,0.39863897583194946,0.2206855338894511
2.475687987529506,1.4400040696992296,4.667894474977735,2.569606449031705,1.110867972043416,0.4061215607370832,0.21171923419027627
2.4748912263638303,1.4199952731608754,4.677042988231002,2.569606449031705,1.110867972043416,0.4007280127303119,0.2182075256693714
2.474270766574726,1.39992457060848,4.686543084396963,2.569606449031705,1.110867972043416,0.39439251596459457,0.22566654185943458
2.4738494658234167,1.3802042303303992,4.695850065651175,2.575152836591753,1.0616106275174944,0.40510149228430997,0.2129567596897497
2.4736192096688985,1.3602528730328736,4.705368548041454,2.575152836591753,1.0616106275174944,0.3996143832714676,0.2195308475958042
2.47357345637694,1.3401182136376804,4.7147498630494145,2.5830386419450324,1.0123138136785252,0.4074413251644259,0.21011060708703622
2.4737240803259706,1.320033935956939,4.724405288617741,2.5830386419450324,1.0123138136785252,0.4025043175534438,0.21608543147752535
2.4740592797427023,1.2997120903467145,4.733157782505975,2.5830386419450324,1.0123138136785252,0.3958865378109059,0.2239224163033331
2.4745572080036773,1.2794024828123653,4.7411848598381,2.590509093060688,0.962979514092053,0.40612240437718816,0.2117182086250191
2.477794379697082,1.25533596929621,4.75128599952845,2.590509093060688,0.962979514092053,0.402630666211997,0.21593394685397604
2.481590226910173,1.230307569102246,4.760385585945578,2.6002175511019923,0.9136095921182982,0.4123652191194848,0.2040305574560053
2.483119113970668,1.2091442766245617,4.7691528020672616,2.6002175511019923,0.9136095921182982,0.4071522994856378,0.21046362778800942
2.4843664771483045,1.1887483165813482,4.778226601968291,2.775002087916851,-0.024997924004077632,0.47217859816402546,0.11231770193581148
2.4859078776766435,1.166805661171809,4.78525236932928,2.775002087916851,-0.024997924004077632,0.4734688725025677,0.10963022755188678
2.487708370355705,1.14311669488389,4.790100028055788,2.775002087916851,-0.024997924004077632,0.47398561959993973,0.10853673010749443
2.4895944438792803,1.119506176941064,4.794812105912618,2.775002087916851,-0.024997924004077632,0.4744437069351654,0.10755878072254754
2.491603353553863,1.0959577777374996,4.79976846009812,2.775002087916851,-0.024997924004077632,0.47496811754085705,0.10642903875571763
2.4937312470532955,1.072212769658611,4.804174652544297,2.775002087916851,-0.024997924004077632,0.4752987274559599,0.10571105542806758
2.495961869171982,1.0486095776108204,4.809280916783793,2.775002087916851,-0.024997924004077632,0.47583175557229707,0.10454385044582737
2.498319315882842,1.0249314419748448,4.813943020611576,2.775002087916851,-0.024997924004077632,0.4762131282061984,0.10370124606648257
2.5007835060932244,1.0012740906038005,4.818498809372677,2.775002087916851,-0.024997924004077632,0.47654624504688925,0.1029600094951022
2.5033608731180053,0.9776011584732203,4.823001802953085,2.775002087916851,-0.024997924004077632,0.47684583578395134,0.1022891011551812
2.5065963356846943,0.9491829160387191,4.828383690999693,2.775002087916851,-0.024997924004077632,0.47717304112617853,0.10155163120692623
2.5094107607057516,0.9254977232301123,4.832843062255611,2.775002087916851,-0.024997924004077632,0.47741573136409704,0.1010013994275396
2.5123319134824396,0.9018086141538664,4.837281649770808,2.775002087916851,-0.024997924004077632,0.4776304314844953,0.10051228189916284
2.515356860946847,0.8781214429373936,4.841680034966828,2.775002087916851,-0.024997924004077632,0.47780989792980727,0.10010171758850173
2.518484111587499,0.85447037656653,4.846134450844246,2.775002087916851,-0.024997924004077632,0.4779828686604628,0.09970451701511829
2.521716056695176,0.83082882038285,4.850436100136065,2.775002087916851,-0.024997924004077632,0.4780863167271942,0.09946625514621799
2.5251471952408746,0.8070959157917432,4.854858682168597,2.775002087916851,-0.024997924004077632,0.4782170424443976,0.09916440070597443
2.530931155315729,0.7815749692391414,4.860818662216778,2.775002087916851,-0.024997924004077632,0.4792959405321423,0.09663943641671335
2.5368249422732916,0.7561432287195533,4.866647115606745,2.775002087916851,-0.024997924004077632,0.48031990068844665,0.09418430215552598
2.540561953844243,0.732436835007384,4.870819360505554,2.775002087916851,-0.024997924004077632,0.48030912092121136,0.09421046241755504
2.5451799736081995,0.7039806433951536,4.87577372128833,2.775002087916851,-0.024997924004077632,0.48023226554357756,0.09439677636197752
2.5491340799651407,0.6802939159917294,4.8798949224181865,2.775002087916851,-0.024997924004077632,0.4801220246130879,0.09466342037571662
2.5531797141111277,0.6566662287025142,4.884008118875962,2.775002087916851,-0.024997924004077632,0.4799672920009276,0.09503648860055969
2.556487397357234,0.6377722601860967,4.887337675035626,2.775002087916851,-0.024997924004077632,0.4798184725268879,0.09539400303357337
2.5615681940215485,0.6094406098006449,4.892339424807419,2.775002087916851,-0.024997924004077632,0.4795303257911022,0.09608266724240488
2.565908116275235,0.5858613917577138,4.8965447763479695,2.775002087916851,-0.024997924004077632,0.4792330806741773,0.09678824434697675
2.5694497233514824,0.5670193979775089,4.899935862362917,2.775002087916851,-0.024997924004077632,0.47895330642494843,0.09744796227541963
2.5739661083023684,0.5434867429765884,4.904188459844814,2.775002087916851,-0.024997924004077632,0.478537731093802,0.09842023648165243
2.5795145668546144,0.5152959281719927,4.909346057852008,2.775002087916851,-0.024997924004077632,0.4779395837003495,0.0998040530227311
2.5842468976762447,0.49185320951786515,4.913685808521677,2.775002087916851,-0.024997924004077632,0.4773442670199795,0.10116371507878363
2.588097173217591,0.47314950274008005,4.917033210845657,2.775002087916851,-0.024997924004077632,0.47674894201227613,0.10250653451421887
2.593985410917945,0.44516865793304206,4.922444900868884,2.775002087916851,-0.024997924004077632,0.47581174704529255,0.10458788293403365
2.598998383877552,0.4219120599367514,4.927014925899582,2.775002087916851,-0.024997924004077632,0.4748784763522299,0.1066229391499729
2.6041084126968617,0.39872064005328767,4.931672853403883,2.775002087916851,-0.024997924004077632,0.4737896364400764,0.10895264622239531
2.6093180930972295,0.3755892238972347,4.936418452167003,2.775002087916851,-0.024997924004077632,0.4725107211183183,0.11163162509935787
2.6146230777814488,0.3525543174307231,4.941297791494152,2.775002087916851,-0.024997924004077632,0.47102053513961356,0.11468044797847488
2.6208560163124304,0.3301535767078363,4.946718715822491,2.775002087916851,-0.024997924004077632,0.47024012453079794,0.11624785977565999
2.6292620148430927,0.3091584657305866,4.9530493380827165,2.775002087916851,-0.024997924004077632,0.47172303289104267,0.11325256461524003
2.6372508042301916,0.28781086435859926,4.959050819579379,2.775002087916851,-0.024997924004077632,0.47250885369968965,0.1116354935183419
2.6430706609269343,0.2649435769941082,4.963983481268902,2.775002087916851,-0.024997924004077632,0.4701514545956758,0.1164247285334945
2.6489816902367487,0.24217610697760783,4.9690547750506475,2.775002087916851,-0.024997924004077632,0.46724089341578623,0.12210071305854431
2.654974155122707,0.2195745553880073,4.974361990818519,2.775002087916851,-0.024997924004077632,0.46365182587914994,0.12878772347232204
2.6610447961786843,0.197167176370721,4.979965989005514,2.775002087916851,-0.024997924004077632,0.45917529700829585,0.13671759813629958
2.6671890294525955,0.17499641644434583,4.9859361634696,2.775002087916851,-0.024997924004077632,0.4535191553844005,0.14619420304217834
2.6734196022312506,0.15304441212046882,4.992301305226772,2.775002087916851,-0.024997924004077632,0.4462029493157488,0.15772101243628622
2.6797069097753514,0.13146304372074624,4.998883602051246,2.775002087916851,-0.024997924004077632,0.43651375625960737,0.17198357382881957
2.68602855300729,0.1102980045199029,5.005713161496747,2.775002087916851,-0.024997924004077632,0.4233800023257744,0.18992583153181064
2.6924187648965443,0.08936124482897334,5.012138227442079,2.775002087916851,-0.024997924004077632,0.40442687504449937,0.21377246100327474
2.698615129721336,0.06960854897788771,5.021226545900206,2.775002087916851,-0.024997924004077632,0.380011211937311,0.24204015535380585
2.7046207431194205,0.051111954740397536,5.031353105121567,2.775002087916851,-0.024997924004077632,0.34701006314107236,0.27743342830995354
