4.975673612859387,4.971801146154791,1.1789316704829496,4.975002120699406,4.875002149011612,8.456851721987414e-05,-0.9999674758778212
4.975713177395186,4.97177405424955,1.1636561338830658,4.975002120699406,4.8583354820965905,9.347888297222913e-05,-0.9999653340459346
4.975698363405189,4.97189133834307,1.1201212529864404,4.975002120699406,4.83055770390489,0.0001235399900539318,-0.99995851790463
4.975790145698585,4.972041442851896,1.076411382563908,4.958335453784384,4.795372518195398,9.061278358798323e-05,-0.999966015899845
4.97588640087232,4.972193348381495,-5.250571891328498,4.930557675592683,4.755249060807315,6.04718635192482e-05,-0.9999736599187016
4.975976044898615,4.97233743158031,-5.2943124438836024,4.895372489883192,4.711833422299813,4.3638877698849145e-05,-0.9999784648425196
4.97607374243706,4.972477685461591,-5.338057465526711,4.8552490324951085,4.666222996377685,3.5370177367773546e-05,-0.9999810492080617
4.976174061032074,4.972613622986902,-5.381800296584486,4.8552490324951085,4.666222996377685,4.708462895196595e-05,-0.9999774375315394
4.9762829639602,4.9727459469654125,-5.425552163927636,4.8552490324951085,4.666222996377685,6.239933256009044e-05,-0.9999731395952667
4.976399035716244,4.972874234836159,-5.469310840113278,4.8552490324951085,4.666222996377685,8.232765646200615e-05,-0.9999680252265235
4.976521137251891,4.972997375559691,-5.513077318617832,4.8552490324951085,4.666222996377685,0.00010814015209876326,-0.9999619393182182
4.979878839850454,4.976039422734444,-5.5560703152907465,4.8552490324951085,4.666222996377685,0.00013585954734573395,-0.9999558698177752
4.984770428604529,4.980463053239551,-5.59867937935235,4.8552490324951085,4.666222996377685,0.00016721738377603848,-0.9999494179062516
4.986436161053077,4.981955127856347,-5.6420921253181,4.8552490324951085,4.666222996377685,0.00021332426420527867,-0.9999405057998079
4.986586649035839,4.982057217677933,-5.685874952547424,4.8552490324951085,4.666222996377685,0.000275800630859309,-0.9999292015259503
4.9867353568341,4.982091306120425,-5.72090892426955,4.8552490324951085,4.666222996377685,0.0003374282300125526,-0.9999186699303942
4.986937880544276,4.982172515577724,-5.773279601570579,4.8552490324951085,4.666222996377685,0.0004540464729348738,-0.9998999000764964
4.987097576131118,4.982256900473783,-5.816800905080346,4.8552490324951085,4.666222996377685,0.0005784983542338885,-0.999881026344633
4.987275609819951,4.9823413263080605,-5.860591534201674,4.8552490324951085,4.666222996377685,0.0007348098377150431,-0.9998584696185371
4.987459972254289,4.982417991484801,-5.904301346652514,4.8552490324951085,4.666222996377685,0.0009288168933694987,-0.9998317081654999
4.9876582533091876,4.982491092720829,-5.948032805802464,4.8552490324951085,4.666222996377685,0.0011689060831907958,-0.9997999025810288
4.9878680575248024,4.9825580406125995,-5.991769783558091,4.8552490324951085,4.666222996377685,0.0014645286592691361,-0.9997621172197062
4.988096128131976,4.982620374542373,-6.035508775675831,4.8552490324951085,4.666222996377685,0.0018266079579003335,-0.9997172563302454
4.988343891159003,4.982676859639452,-6.079250219327917,4.8552490324951085,4.666222996377685,0.002267872088758024,-0.9996640128366697
4.988616389772126,4.982726795696876,-6.122994425627379,4.8552490324951085,4.666222996377685,0.0028028208380627504,-0.9996008575947944
4.988918954223631,4.982768264801521,-6.166739881680701,4.8552490324951085,4.666222996377685,0.0034478450698161513,-0.9995260014239102
4.989254517191305,4.9827988588347765,-6.210487583549867,4.8552490324951085,4.666222996377685,0.00422151096260786,-0.9994373305649488
4.988684252826985,4.983149350512694,-6.245696783683444,4.8552490324951085,4.666222996377685,0.005013323922140001,-0.9993472579330133
4.986496781569279,4.984195075479653,6.267521817579162,4.8552490324951085,4.666222996377685,0.00658015109540204,-0.9991696369731626
4.986104071298065,4.984512881841441,6.2235557851217305,4.8552490324951085,4.666222996377685,0.00803322877795079,-0.9990044721081625
4.986645287370715,4.984467342634682,6.1797963206308895,4.8552490324951085,4.666222996377685,0.009632788755400393,-0.9988212583214631
4.987254546600031,4.984388878514396,6.136057860562546,4.8552490324951085,4.666222996377685,0.011492409714936673,-0.9986056807078076
4.987938317682382,4.984270112528472,6.092350749100744,4.8552490324951085,4.666222996377685,0.013640627456851556,-0.9983525162665807
4.9888162050303775,4.984051334253617,6.040188385773703,4.8552490324951085,4.666222996377685,0.016632727886380514,-0.9979915963855895
4.989415666763212,4.983894757073258,6.005763501397797,4.8552490324951085,4.666222996377685,0.01889546523719624,-0.9977117539801459
4.990332119903808,4.9836146005061694,5.961443141363133,4.8552490324951085,4.666222996377685,0.0221483011066397,-0.9972985027484372
4.991684903939951,4.983116877478924,5.9091155097481876,4.8552490324951085,4.666222996377685,0.026493026008774494,-0.9967255859612953
4.992760080332655,4.9826745464084405,5.874246109849282,4.8552490324951085,4.666222996377685,0.029701125349122177,-0.9962867021280698
4.9941927879577275,4.982014063189752,5.830646252542543,4.8552490324951085,4.666222996377685,0.034112318375606444,-0.9956606714190804
4.996097530638371,4.981027520197651,5.778350346541408,4.8552490324951085,4.666222996377685,0.03999279140447685,-0.9947845011383418
4.997919391410869,4.97997268665785,5.7348136621847985,4.8552490324951085,4.666222996377685,0.04534925762587077,-0.9939439343399843
4.9995226092946305,4.978955881074622,5.70002170961603,4.8552490324951085,4.666222996377685,0.049927546946344985,-0.9931925815761942
5.002081109905765,4.977166111946975,5.647868168023584,4.8552490324951085,4.666222996377685,0.05732264124243032,-0.9919131522382496
5.004142420866112,4.974875152427578,5.613264327160776,4.8552490324951085,4.666222996377685,0.062220991538769546,-0.991019727559152
5.007548299611219,4.970432605650512,5.561500000771364,4.8552490324951085,4.666222996377685,0.06965453106501275,-0.989591683448897
5.0102474327933715,4.967709012776265,5.518224008602139,4.8552490324951085,4.666222996377685,0.07671302487504718,-0.9881524762534253
5.013019240183123,4.964929550551011,5.4749885792683735,4.8552490324951085,4.666222996377685,0.0841901716925526,-0.9865361363714978
5.015867879862073,4.961811531384909,5.432111403945626,4.8552490324951085,4.666222996377685,0.09189220431232609,-0.9847685611393475
5.018084346174936,4.95918656040021,5.398825425487181,4.8552490324951085,4.666222996377685,0.09810372311355427,-0.9832642328839335
5.0213469174735526,4.954987798329459,5.349466503854579,4.8552490324951085,4.666222996377685,0.10769064850998306,-0.9807982207997259
5.024545461988633,4.950463322706176,5.306207356810792,4.8552490324951085,4.666222996377685,0.11589677969154207,-0.9785419423707218
5.027715422208627,4.945521478567978,5.263429446819716,4.8552490324951085,4.666222996377685,0.12410178150726808,-0.9761449890941988
5.030884365967925,4.94010150552007,5.220707725186128,4.8552490324951085,4.666222996377685,0.13231248366705523,-0.973598265587214
5.0340152363169555,4.934181292499891,5.178086876491996,4.8552490324951085,4.666222996377685,0.14045946146601299,-0.9709174965432393
5.037060885376979,4.927779935564133,5.135555786472794,4.8552490324951085,4.666222996377685,0.1485206437548898,-0.9681064630582872
5.039986966556154,4.920896425407764,5.093104029227667,4.8552490324951085,4.666222996377685,0.15645170484889914,-0.9651790413508874
5.042755326752685,4.913537551393861,5.050745287812688,4.8552490324951085,4.666222996377685,0.16420650768696146,-0.9621535645799328
5.045270747777778,4.90586354747792,5.008191861660621,4.8552490324951085,4.666222996377685,0.1720255145872641,-0.9589312982598422
5.047488075074484,4.897942697574331,4.965563860287567,4.8552490324951085,4.666222996377685,0.17991036352833634,-0.9554980888842738
5.0510967744560045,4.888580633656624,4.929642643272706,4.811833393987607,4.619149378839274,0.18080608845661436,-0.9550959637365082
5.05520075710888,4.879133434882239,4.898282616529624,4.811833393987607,4.619149378839274,0.18280987063978021,-0.9541872263281984
5.05717286161807,4.870313958122455,4.860134093325215,4.811833393987607,4.619149378839274,0.18948753150533043,-0.9510654044524302
5.058419180389624,4.860796215054183,4.818362546083826,4.811833393987607,4.619149378839274,0.19751836540240525,-0.9471132042117629
5.059262380483743,4.850892309019666,4.77685993778643,4.811833393987607,4.619149378839274,0.2052760826891408,-0.9430794428918978
5.0597068105129015,4.840636236076162,4.7355256055693395,4.811833393987607,4.619149378839274,0.21274602561066178,-0.9389835245565814
5.059733945758709,4.829903300340681,4.694407060109524,4.811833393987607,4.619149378839274,0.21971439776748086,-0.9349651423477375
5.0593094905491505,4.8188395360124066,4.6534207850332825,4.811833393987607,4.619149378839274,0.22628647528171275,-0.9309915169889148
5.058407323565075,4.807482654465076,4.612660926581596,4.811833393987607,4.619149378839274,0.23238863530646933,-0.927134411097127
5.057026428758462,4.796014576203047,4.572744158704918,4.811833393987607,4.619149378839274,0.2378644929766096,-0.9235294399420494
5.055233486489973,4.784834504755639,4.5350304330544775,4.766222968065478,4.57110030020178,0.25989363517297764,-0.907528628717457
5.052757989758396,4.772436064104275,4.4944702386054525,4.766222968065478,4.57110030020178,0.26724135190285786,-0.901606837428729
5.049595854567335,4.759469372470848,4.454999448812435,4.766222968065478,4.57110030020178,0.2734195194887497,-0.8963787551663392
5.0458494568369225,4.746296334836854,4.415687880931713,4.766222968065478,4.57110030020178,0.2790368478978447,-0.8914172170847511
5.041490968759992,4.732986445279355,4.37661050752873,4.766222968065478,4.57110030020178,0.2840551834188607,-0.8868090427449267
5.036512220702604,4.719566999702923,4.337754011212464,4.766222968065478,4.57110030020178,0.2884095198143896,-0.8826703735888886
5.029489961072096,4.705256912050518,4.297077347917803,4.719149350527068,4.522400914103166,0.32085214283896185,-0.8471786641620876
5.021020579479612,4.6900482765384615,4.2583413603745255,4.719149350527068,4.522400914103166,0.3268923165980281,-0.8395357020636354
5.013624493368086,4.675898528179298,4.224226149994747,4.719149350527068,4.522400914103166,0.33038582362546426,-0.8349458938573884
5.005577685545772,4.661361918892976,4.187592487155082,4.719149350527068,4.522400914103166,0.33393858216460015,-0.8301452895614322
4.996873637842052,4.646969931003795,4.151297924229423,4.719149350527068,4.522400914103166,0.33676232451573895,-0.8262308503217082
4.989504305843058,4.635598910790825,4.122341146793252,4.671100271889574,4.473267989541515,0.3717423117639553,-0.7692714915178113
4.977259617381824,4.618117444157553,4.080354220308441,4.671100271889574,4.473267989541515,0.3770894642869897,-0.7589356025787746
4.965774176402631,4.602998767214284,4.046912100762499,4.671100271889574,4.473267989541515,0.3797579396314079,-0.7535861682377518
4.9537760402922455,4.5882108469154135,4.014034740949445,4.671100271889574,4.473267989541515,0.38161232262071126,-0.7497904343094671
4.941411971580719,4.57394759435688,3.9823955039394527,4.6224008857909595,4.423846038988348,0.41605681276060763,-0.6651700719654926
4.927854703461897,4.559254384357554,3.951393703719457,4.6224008857909595,4.423846038988348,0.4192703875897967,-0.6556025337946745
4.912846871207105,4.5439805325767555,3.923913609116787,4.6224008857909595,4.423846038988348,0.42017254363195133,-0.6528535676864005
4.897486168208244,4.529109986053966,3.896451425199603,4.573267961229309,4.374231403735235,0.4482440910293155,-0.5500282761276306
4.881518363496413,4.51448346590687,3.8693917152962767,4.573267961229309,4.374231403735235,0.45088020695830294,-0.5381870406303814
4.864391137841341,4.4995927320976286,3.845891984997599,4.573267961229309,4.374231403735235,0.4518420716104813,-0.5337458053265549
4.843412568803238,4.482250708275338,3.8174581274994903,4.5405126775911615,4.324488310725616,0.47859036164390045,-0.37254095541622856
4.824904720642876,4.467697629489372,3.7999669607077493,4.5405126775911615,4.324488310725616,0.4793975974830164,-0.3659689388537948
4.8056930556021,4.4531028487677595,3.7837004493326387,4.518675820529749,4.274659577064906,0.4958038613932683,-0.17007768929043576
4.785924124575635,4.438495277323296,3.774327274257565,4.518675820529749,4.274659577064906,0.49609983247909434,-0.16405813227757948
4.765803329412486,4.423863918289469,3.767055646455076,4.4874512463146035,4.224773746371082,0.4999880239339904,-0.00915580585870257
4.74559533402871,4.409333522798749,3.763719410648648,4.4874512463146035,4.224773746371082,0.49999881769638604,-0.0028768193234633976
4.7250831086507485,4.394597423910333,3.7639717439131233,4.449968191850278,4.174849846436655,0.498480957471027,0.10283155652809772
4.7031717768834325,4.377545799175808,3.7659986095500964,4.449968191850278,4.174849846436655,0.4985358798697817,0.10096559155954776
4.681346613590011,4.3605630150048755,3.7704242235200995,4.4083128139544625,4.124900561191711,0.4960568899365134,0.164945953587607
4.661263742432552,4.34583240705476,3.776680824861163,4.4083128139544625,4.124900561191711,0.49609345707884495,0.16419026241547452
4.6413670277284185,4.331082518603632,3.783903979404017,4.4083128139544625,4.124900561191711,0.4961739757739253,0.16251316775264124
4.621560425297367,4.316156997912222,3.791047896079145,4.363875882554081,4.074934345603726,0.49397908580128413,0.20305605274864802
4.601936134883723,4.301130952230175,3.799643704403072,4.363875882554081,4.074934345603726,0.4941132378762076,0.20082994882841776
4.58246572350798,4.285948548808654,3.8085087174886345,4.363875882554081,4.074934345603726,0.4942218139078656,0.19900840328257852
4.56301831839523,4.270487509441466,3.8179023439954642,4.317584576340044,4.024956835880126,0.4932215617490026,0.21515640272852643
4.543854467199634,4.2549688592770005,3.8266241296245602,4.317584576340044,4.024956835880126,0.49330974504648806,0.2137863804077511
4.524709961557161,4.239198003213279,3.835295075955517,4.270057013467424,3.9749717898078787,0.49311549332406196,0.2167916692167835
4.505796163911104,4.223317465548127,3.8445088747813285,4.270057013467424,3.9749717898078787,0.49331584384966565,0.21369127159708956
4.487099757950244,4.2073219575492455,3.854026859420605,4.270057013467424,3.9749717898078787,0.493498731326613,0.21081727949400975
4.468507593452677,4.191120638211511,3.8633111479036097,4.221705272304027,3.924981713717683,0.4941636371441543,0.19998665860983422
4.450050918738723,4.174730977676481,3.8722029442335963,4.221705272304027,3.924981713717683,0.49437161288948095,0.19646514520474967
4.431764165877813,4.158217340057042,3.880591611828712,4.221705272304027,3.924981713717683,0.49447149005819135,0.1947494308526212
4.413581701892025,4.141497688203981,3.8891332172791864,4.172804072155937,3.8749882803635973,0.4955405436179334,0.17524902010914434
4.395507353208026,4.124595325295431,3.8969425219059053,4.172804072155937,3.8749882803635973,0.4956985501147736,0.1721657458987924
4.377480224969815,4.107494678395842,3.90415712783803,4.172804072155937,3.8749882803635973,0.4957518569748445,0.17111219058764893
4.3595839534834715,4.090275736148168,3.9114036883071606,4.123536560520296,3.8249926072599303,0.49689427514403767,0.1466106820137294
4.341853252873214,4.072967451353959,3.91822977993644,4.123536560520296,3.8249926072599303,0.4970235418895816,0.1435609397449149
4.324190722530452,4.055517386928003,3.92446233779619,4.123536560520296,3.8249926072599303,0.4970714024125438,0.14241447425883735
4.306650992345421,4.037958355504029,3.9306499327308773,4.074024837857673,3.774995441896102,0.498115710431916,0.1144525497336999
4.2891889777807295,4.020272565676226,3.935772933451988,4.074024837857673,3.774995441896102,0.4981775621316881,0.11257114269677726
4.271778209725913,4.002461102247648,3.94069979601537,4.074024837857673,3.774995441896102,0.4982078333054023,0.11163848200664073
4.250486923054752,3.985259493487187,3.946246918095359,4.024350307210456,3.724997284860154,0.498528168460246,0.10122970460146319
4.242378967665044,3.9782828636519767,3.9483934498454034,4.024350307210456,3.724997284860154,0.49838146127038424,0.10612654544348943
4.211654797077329,3.9499530126109628,3.9564337885490954,3.9745672402542254,3.6749984716377577,0.49887601538880183,0.0885187589864902
4.194587668800039,3.9317812327307715,3.9605240938258808,3.9745672402542254,3.6749984716377577,0.4989240368739447,0.0866147739491736
4.177616522867303,3.913574893817506,3.9641374643807854,3.9745672402542254,3.6749984716377577,0.49893831919596676,0.08604023965823404
4.16069822180346,3.8952841027346468,3.9678106022003243,3.92471182090248,3.624999226983683,0.49958900829471614,0.05359674967311712
4.1438146664225615,3.876890922421368,3.9707663190764824,3.92471182090248,3.624999226983683,0.4996218808665538,0.05141175196321157
4.126953456831349,3.8584464581269318,3.97295948990062,3.92471182090248,3.624999226983683,0.49962761066499817,0.051021268568530065
4.110143564171321,3.8399623755131556,3.97520920593088,3.874808173953801,3.574999701144297,0.4999317165625501,0.02186011005133781
4.093424053337818,3.8215105969649787,3.97686449506102,3.874808173953801,3.574999701144297,0.4999425456569502,0.02005232379539179
4.076685857972425,3.8029983078303147,3.9779130967648855,3.874808173953801,3.574999701144297,0.49994549291032575,0.019531343614325403
4.059931326566894,3.784437599696833,3.9787613690002366,3.824872383850847,3.524999994095533,0.4999963986100312,-0.005020896024441446
4.03984957236047,3.7621569390367258,3.9786749709720293,3.824872383850847,3.524999994095533,0.4999959332300235,-0.0053354442504119914
4.0231017923220005,3.7435883925700866,3.978434895042702,3.7749151736650184,3.4750001718628423,0.4999179147919412,-0.023967134905443666
4.009699958911669,3.728727027340045,3.977760999722448,3.7749151736650184,3.4750001718628423,0.499917521646823,-0.02402444403987347
3.9895643019307885,3.7064642947746744,3.9764684952381626,3.7749151736650184,3.4750001718628423,0.4999203960845504,-0.023602220258873374
3.972770969123487,3.687934051278713,3.975453183456723,3.7249436910949103,3.4250002775858124,0.49979603948565493,-0.03777110660053684
3.9559847012997738,3.6694589307724312,3.9741566786930873,3.7249436910949103,3.4250002775858124,0.4997947245917154,-0.03789257120160461
3.9425134288730677,3.6546818693950245,3.9727480659825787,3.7249436910949103,3.4250002775858124,0.49980057533136146,-0.03734906284366446
3.9222870813476556,3.6325685991048564,3.9706624780113033,3.674962699346483,3.375000339062706,0.4996876012307818,-0.046736374904217226
3.9053932994022595,3.61416822759812,3.9686082794026074,3.674962699346483,3.375000339062706,0.4996974446190905,-0.04599500170789117
3.890142932413169,3.5976196826527627,3.9667797862144765,3.674962699346483,3.375000339062706,0.4997030743349484,-0.04556554270724622
3.868060389657564,3.573759794420037,3.964152510556643,3.62497537143605,3.325000373907468,0.4996249111159342,-0.05120561474416041
3.8541902596068818,3.5589879080493727,3.962739510903621,3.62497537143605,3.325000373907468,0.49963015281211803,-0.05084705664140088
3.8314274206420817,3.535866837757487,3.9629025336522483,3.5749838201947792,3.275000393066321,0.49957235926155896,-0.05466989193490601
3.8129612920605487,3.516824233128725,3.9623916270422392,3.5749838201947792,3.275000393066321,0.4995716663377129,-0.054714096497420206
3.7993237410501397,3.5022229452517086,3.9604070402064417,3.5749838201947792,3.275000393066321,0.4995825954886693,-0.054012638430164794
3.782246182998459,3.484013308696917,3.9579109563819537,3.5249894520530134,3.2250004031964297,0.49956746299806526,-0.054981478963929464
3.765107808261445,3.465822896451761,3.9554990519563034,3.5249894520530134,3.2250004031964297,0.49958223962488224,-0.0540356228992932
3.7479219667639603,3.447664841637369,3.9530962848384728,3.5249894520530134,3.2250004031964297,0.4995925843144331,-0.053363418393433504
3.7306919132698386,3.429546880651035,3.9507327942954946,3.47499320322161,3.175000408252947,0.49961385819821547,-0.05195353504475042
3.713421057539236,3.411473614753863,3.948443150830303,3.47499320322161,3.175000408252947,0.49962657741851896,-0.051091905664642945
3.696123311390954,3.3934575973889887,3.946330271901769,3.47499320322161,3.175000408252947,0.49963089557491186,-0.05079604211686617
3.6787677230959694,3.3754659566652254,3.944117228838167,3.4249956972839994,3.1250004105282594,0.4996795782790119,-0.047332011015373654
3.6613742233343824,3.3575132740252025,3.9419848878935393,3.4249956972839994,3.1250004105282594,0.4996915172891293,-0.046442853634099834
3.6439550924733473,3.339602728152694,3.9398701736469772,3.4249956972839994,3.1250004105282594,0.49969968059190506,-0.0458249160018015
3.6229927330223965,3.3181401324947855,3.9374196318073333,3.3749973501990853,3.075000411317203,0.49976422507431084,-0.04060786424243934
3.608984634943175,3.303852930867672,3.9359182494895872,3.3749973501990853,3.075000411317203,0.49977100028486415,-0.04002065600041227
3.5914542533358373,3.2860304177258532,3.9341886433726896,3.3749973501990853,3.075000411317203,0.49977394094832306,-0.039763080557176145
3.5739080914223713,3.268258062597038,3.932577243760202,3.324998440092524,3.0250004113320093,0.4998335255364892,-0.03412638662947376
3.556312304323537,3.2504990422598183,3.9310262549824087,3.324998440092524,3.0250004113320093,0.4998394214435474,-0.033516986328764986
3.538677613463671,3.2327557826892033,3.9296228551646992,3.274999153498457,2.975000410954,0.49988815994402763,-0.027974264082443412
3.521026449817609,3.2150413896192855,3.928300108652343,3.274999153498457,2.975000410954,0.49989393922528036,-0.027242187675361018
3.5033611804604066,3.1973488059682103,3.9270741985497075,3.274999153498457,2.975000410954,0.49989701934083214,-0.026843854028326453
3.485670265087559,3.179670185732344,3.925856084764153,3.2249996159079517,2.9250004103818252,0.4999368932163423,-0.021015358370998216
3.470611715140288,3.164653582108653,3.9249256103413703,3.2249996159079517,2.9250004103818252,0.49994038988417083,-0.020424975479261587
3.4502341297903287,3.144374243503133,3.923950273414999,3.2249996159079517,2.9250004103818252,0.49994124518150007,-0.020277947129442864
3.432498741156837,3.1267631245726006,3.923142750448874,3.1749999119232477,2.8750004097161663,0.4999685821541365,-0.014829011708348605
3.4117595051463567,3.1069990753501857,3.923226688837197,3.1749999119232477,2.8750004097161663,0.4999766533872362,-0.012783282062852175
3.3916067296298813,3.0876351053112856,3.923277687214434,3.1749999119232477,2.8750004097161663,0.4999824595760698,-0.01108039128983429
3.3738516358385784,3.07002348277487,3.922759015048308,3.125000098579339,2.825000409006666,0.49999292007699536,-0.007039756708068223
3.3560963063643765,3.052421241962632,3.922357294941668,3.125000098579339,2.825000409006666,0.4999934637264868,-0.006764082942958161
3.338327722978569,3.034813747639415,3.9220301350544413,3.075000214204096,2.775000408277136,0.49999823665546145,-0.0035133078377226346
3.3205475101858806,3.017207839323312,3.9217653557475183,3.075000214204096,2.775000408277136,0.4999984969016261,-0.0032437063104677755
3.3027709199155755,2.999615802698255,3.921634085737774,3.075000214204096,2.775000408277136,0.4999985040920358,-0.0032359385523563766
3.284994598700938,2.9820361733027063,3.9215624827008773,3.025000284372804,2.725000407538691,0.4999999506747086,-0.0005876027378065585
3.2636487339612703,2.9609328207934986,3.9215451231279568,3.025000284372804,2.725000407538691,0.4999999560709756,-0.0005545296398709043
3.2494150118984617,2.946856121408066,3.9215791040965793,3.025000284372804,2.725000407538691,0.4999999405877703,-0.0006448918647682378
3.228091011770524,2.925762342946415,3.9214584583735297,2.9750003259613136,2.6750004067963804,0.49999952627491107,0.0018210079248683897
3.2138669783341784,2.9116898429178235,3.921483710768222,2.9750003259613136,2.6750004067963804,0.4999995069561913,0.001857767590833559
3.196086424886933,2.894093815216557,3.9215372434139697,2.9750003259613136,2.6750004067963804,0.49999950936890414,0.0018532165261115896
3.1783047064396,2.876500060740243,3.92159631624043,2.925000349937523,2.625000406052436,0.4999981083233846,0.003638907042216699
3.156981248369962,2.8554037719609138,3.9218486686655014,2.925000349937523,2.625000406052436,0.4999982889306525,0.00346083953498888
3.144891964970011,2.843441919560693,3.921973872471779,2.925000349937523,2.625000406052436,0.4999983315526596,0.003417463962420264
3.1249812195897446,2.8237359133067805,3.9221709619379532,2.8750003632975476,2.5750004053078177,0.4999969170489114,0.004645472384050553
3.1072189989795254,2.806143867095834,3.9223298311205044,2.8750003632975476,2.5750004053078177,0.4999968694509166,0.00468119557849489
3.089463572392484,2.788547166819768,3.9224714983388065,2.8750003632975476,2.5750004053078177,0.49999676827002987,0.004756242395900889
3.071702510912731,2.770934516731735,3.922651879168795,2.825000370408399,2.5250004045629293,0.49999558403876004,0.0055597867016483615
3.0539431315863688,2.7533182920075383,3.9228455832276876,2.825000370408399,2.5250004045629293,0.4999955879982138,0.005557293665853669
3.0326436355366884,2.732186595385377,3.9231785564895008,2.7750003739313547,2.491667070732955,0.4994670387539813,-0.06102007282982047
3.014902820824515,2.7145994104549356,3.921195560014657,2.7750003739313547,2.491667070732955,0.4994563165704125,-0.061629611082829605
2.999769391687532,2.695124769989558,3.920170632386605,2.7750003739313547,2.491667070732955,0.49894918650651354,-0.0856004569678539
2.9904794237473604,2.6715086241924446,3.922515352452011,2.7250003754469727,2.4694448481796205,0.4903863395624401,-0.2549259477012885
2.9788968543772425,2.6501541435106706,3.91681570542942,2.7250003754469727,2.4694448481796205,0.486170889746783,-0.3034518946092156
2.961393588162095,2.6332064030636193,3.9037791003159708,2.6750003758689314,2.4379633662290447,0.4848960404310616,-0.3164117498490864
2.943659478492439,2.6165047088331352,3.889881820623562,2.6750003758689314,2.4379633662290447,0.48527219631702606,-0.31265596433641674
2.925654529336428,2.6000176134675215,3.8757869952991904,2.625000375710878,2.400309044680374,0.4876604145338252,-0.287407254616698
2.9074448701971534,2.583800179006552,3.863147566860442,2.625000375710878,2.400309044680374,0.48806036118911944,-0.28291350119623226
2.8889760331699357,2.567753767018157,3.8507320924532635,2.625000375710878,2.400309044680374,0.4883115208727114,-0.2800478773752957
2.8702992401052967,2.5519325307685765,3.838477523631585,2.575000375253478,2.358539496733325,0.4922295733379666,-0.22995018521074084
2.851414911824552,2.536313826993517,3.8274605444860477,2.575000375253478,2.358539496733325,0.49258649192433407,-0.224751708153906
2.8323136502756316,2.5208312041103547,3.8171775811366984,2.575000375253478,2.358539496733325,0.4927709777535276,-0.22201156446255466
2.813009704911849,2.505528002788699,3.80700176759839,2.5250003746457494,2.3140264645223123,0.49648033024128185,-0.15595802958971594
2.7933691811399424,2.490243912649456,3.7993439217737364,2.5250003746457494,2.3140264645223123,0.4966467139268302,-0.152273252816869
2.773667773505517,2.4751208900702544,3.7928260826593583,2.4916670408795825,2.2676844428081635,0.4998345001663479,-0.03402640377636701
2.75377587536709,2.4600380345635084,3.7902066508800987,2.4916670408795825,2.2676844428081635,0.49986243535889785,-0.03102365166140364
2.733830108107112,2.4449235801357965,3.7889078909561804,2.4916670408795825,2.2676844428081635,0.4998627481541254,-0.030988378480518275
2.7138643724495672,2.429862934142145,3.787513391806217,2.4694448183551683,2.2201230947784696,0.49771809589884763,0.12585924400844029
2.694101658551771,2.414947013534686,3.791011071843375,2.4546300033323853,2.1717488625936143,0.48833829492252073,0.27974035671626307
2.6786975458232583,2.4031924224121664,3.7975610208009947,2.4546300033323853,2.1717488625936143,0.4880282025547234,0.28327795080382034
2.6560970928247603,2.3854922511494703,3.8147579443653257,2.4447534599809115,2.1228327077727145,0.47307636168388345,0.4137663812864585
2.6375879768636192,2.3704914839431552,3.8312337930142446,2.4447534599809115,2.1228327077727145,0.47319338108262915,0.4129501293584228
2.619580564095477,2.3553591435422216,3.849689393674791,2.4381690977456625,2.07355527148221,0.45396009417459326,0.5237258264561908
2.6023605666619254,2.3403216724242615,3.871525701756403,2.4381690977456625,2.07355527148221,0.45444066500874075,0.5214046319755687
2.5857091103266043,2.3250596895838793,3.894396139966802,2.4337795229236767,2.0240369814286128,0.43447618096832114,0.605107656496636
2.568098275485177,2.3101008920268935,3.9197441286802315,2.4337795229236767,2.0240369814286128,0.43340162754014183,0.6089934381774924
2.548161634086659,2.2955536065008335,3.9440112704433594,2.4308531397174056,1.9743581231400074,0.409414436249792,0.6839025219298072
2.530828385092626,2.2811932918119737,3.9711500616720485,2.4308531397174056,1.9743581231400074,0.4062442844067373,0.6923826671257431
2.517439122041525,2.2660903264352577,4.001472105925552,2.4308531397174056,1.9743581231400074,0.40776809163895467,0.6883419046071828
2.5044286204510264,2.250520073284582,4.031577493389705,2.4289022176099873,1.9245722208025464,0.39542563647965523,0.7193194264219545
2.492165854008613,2.234907180793421,4.062659134735309,2.4289022176099873,1.9245722208025464,0.3972584833965082,0.7149604902890596
2.480639094159322,2.2192170685126165,4.094807912277775,2.4276016029635983,1.8747149577416924,0.39059778279377066,0.730431933644845
2.4695461073527607,2.203092603407349,4.126413767413991,2.4276016029635983,1.8747149577416924,0.39303653336453886,0.7248840798574445
2.4610731180963246,2.190004382147725,4.151591876606921,2.4276016029635983,1.8747149577416924,0.39464033470497445,0.7211629818868754
2.4491109543231673,2.1700789922338135,4.19047683139609,2.4267345267802116,1.824810123270352,0.3937518487068577,0.7232316541147743
2.4395775384687113,2.152880347855879,4.221741407796499,2.4267345267802116,1.824810123270352,0.3960787420413034,0.7177752755218292
2.4305925760601497,2.135414325267135,4.253328088727576,2.4267345267802116,1.824810123270352,0.3980677418575383,0.7130104211591353
2.422108010667781,2.1175526611072772,4.284589180271566,2.4261564765883286,1.7748735770764141,0.40091104997347504,0.7060317691243261
2.4141288457415726,2.099318843451842,4.315568987620745,2.4261564765883286,1.7748735770764141,0.4032145006434743,0.7002285426069297
2.4067096140074895,2.080846572967383,4.345769882381344,2.4261564765883286,1.7748735770764141,0.4047235312399408,0.6963516080164176
2.3998183580530004,2.062066325630438,4.375844123431313,2.4257711110963855,1.7249158919849132,0.41129986171269267,0.6787217960837637
2.3933790065369056,2.042716115827586,4.405717075773974,2.4257711110963855,1.7249158919849132,0.4132831707307241,0.6731572372844579
2.3874635300586995,2.0230360171171125,4.435205854801722,2.4257711110963855,1.7249158919849132,0.41454001631096504,0.6695681433889109
2.382115728180926,2.0031322009231776,4.464560045513584,2.4255142033609483,1.6749441157185108,0.4241913277837929,0.6402548169269922
2.377259484530267,1.9827034354319615,4.492899435626919,2.4255142033609483,1.6749441157185108,0.42576147158745553,0.6351692043368229
2.3714163947838607,1.9624431685692176,4.520115556871591,2.4253429362766004,1.6249629454577161,0.43442661153820894,0.6052880868217789
2.363120150497842,1.9431100263836374,4.545943931797228,2.4253429362766004,1.6249629454577161,0.43131319139713514,0.6163958438141495
2.356451614502488,1.9232148888844716,4.571653313259515,2.4253429362766004,1.6249629454577161,0.42840030286520014,0.626404182958791
2.353769260384958,1.902122215822855,4.599306835760967,2.425228766225366,1.5749755110792545,0.4421071541960903,0.5758783257616882
2.3516150027426956,1.8805750071909877,4.625631584588981,2.425228766225366,1.5749755110792545,0.4437554445366962,0.5691566321845696
2.349977503673813,1.8584870360805272,4.6504990227683045,2.4251526654147355,1.5249838976160333,0.4560910111923188,0.5132929597470723
2.3488435777145487,1.8359544523119986,4.673475470386013,2.4251526654147355,1.5249838976160333,0.45728035661584987,0.5073074873367305
2.3481993929137808,1.8131438494011256,4.695816604245238,2.408435282999602,1.4749894938844472,0.47919225282335415,0.36765548437350204
2.348013413066404,1.7944267820587854,4.709717154726205,2.408435282999602,1.4749894938844472,0.47987148965413645,0.3620371681078949
2.34823141090852,1.7656838980728722,4.728840336718387,2.397290386565848,1.4249932251491324,0.49092985883599133,0.24785702135637977
2.348806902145064,1.7413295697801026,4.740713318706738,2.397290386565848,1.4249932251491324,0.4913241529940906,0.24258191895326364
2.349621152162465,1.7167224875463916,4.7510624759183,2.3898604880265952,1.3749957083363553,0.49648754785822163,0.1558000864260387
2.350700405057502,1.6922113210557672,4.7601435113743555,2.3898604880265952,1.3749957083363553,0.4967897656708822,0.1490286684159594
2.3519609128885985,1.6673577108334339,4.766302689459111,2.384907261675196,1.3249973554498653,0.4989918739102869,0.08385029706510427
2.3533677755094526,1.6423748212785316,4.771194326383026,2.384907261675196,1.3249973554498653,0.49907534660595726,0.08031617023474835
2.354882868691508,1.6174147130468945,4.7749735138182565,2.381605155900915,1.2749984423229335,0.4998662876963656,0.030586392521096295
2.3564840000549268,1.5924811201607287,4.7767748273905335,2.381605155900915,1.2749984423229335,0.49987861408397044,0.02914315283599267
2.358102322422708,1.5675302631075443,4.778038294380734,2.379403801095315,1.2249991541948646,0.49999283570607184,-0.007081577516929283
2.359761471928495,1.5425687089170061,4.778025049939662,2.379403801095315,1.2249991541948646,0.4999914740538722,-0.007725267450724882
2.3613942725408936,1.517595138078324,4.77765080377818,2.377936281837642,1.1749996158444953,0.49983459444655653,-0.034016716371029876
2.3634175975909475,1.4926510910791837,4.7765926705538115,2.377936281837642,1.1749996158444953,0.4998038503668357,-0.037041334619517086
2.3662805954322685,1.4674312114744072,4.774211905326666,2.3769579853573304,1.124999911492742,0.49946340841047526,-0.06122713664530721
2.3685895087593636,1.4422206137384013,4.771871092580771,2.3769579853573304,1.124999911492742,0.4993740411464081,-0.06611862947550384
2.3703192834876745,1.4123056689980213,4.768417376573426,2.3763058341871,1.07500009797595,0.49916326107984405,-0.07641495532314446
2.3716849749794466,1.3873546917272055,4.765473886341611,2.3763058341871,1.07500009797595,0.49916281353448244,-0.07643532596382263
2.3729733006832845,1.3623976564184606,4.762061777787528,2.3758711082014017,1.0250002135213085,0.49903640405478167,-0.08198417740347275
2.3741755255553603,1.3374520369668748,4.758546522945436,2.3758711082014017,1.0250002135213085,0.4990528948353527,-0.08128207243198904
2.3752834490365107,1.312490669083184,4.754955427359602,2.375581326118902,0.9750002836544589,0.49900810451707583,-0.08317504241057805
2.376300128026889,1.2875611305255745,4.751477161659484,2.375581326118902,0.9750002836544589,0.49902212440477783,-0.08258725255285893
2.377223406242244,1.262614269678581,4.747824185145293,2.3753881665132845,0.9250003252274405,0.4990463712414232,-0.08156055110087868
2.378059440150535,1.237669472853165,4.7441935671299715,2.3753881665132845,0.9250003252274405,0.4990706091811712,-0.08052095770670231
2.378808198153905,1.2127209099318872,4.740588229624317,2.391926081975502,0.8750003491970363,0.49993551157361044,0.021244111255197984
2.379496353072705,1.1877365262029187,4.740571862309727,2.391926081975502,0.8750003491970363,0.4999238905333824,0.02307850993274041
2.380228213322134,1.162743238535139,4.74160271749437,2.4029513740887247,0.825000362554314,0.49917707648051873,0.07578340192123134
2.380972829136251,1.1376874406409474,4.743095102914844,2.4029513740887247,0.825000362554314,0.4991106766618157,0.07877191972251585
2.381778864912965,1.1126351500301705,4.746246394505581,2.4269682450203964,0.7750003696640515,0.4944090761303,0.19582350038829066
2.382305462626965,1.0977823069051027,4.750117948594181,2.4269682450203964,0.7750003696640515,0.4943446220901806,0.19692602143307814
2.3838251400204378,1.0632208470197675,4.762749536178169,2.442979496513112,0.7250003731865673,0.4914585815871304,0.24075351898362896
2.385167431492576,1.0386917070423802,4.7728177639587335,2.442979496513112,0.7250003731865673,0.4915911391668834,0.23893509981197703
2.386442964850593,1.0191105532436442,4.7811960606677015,2.470320331165007,0.6750003747020158,0.48370240190764896,0.3279808792904648
2.3890208654091225,0.9901118445833035,4.7945339169555385,2.470320331165007,0.6750003747020158,0.4836894246052186,0.32810388270558777
2.3918248527164696,0.9665759884724991,4.8079913900377,2.470320331165007,0.6750003747020158,0.4842454640636953,0.3227810567825482
2.3946538951441703,0.9428029104469662,4.821607566071214,2.4885475512879514,0.6250003751239106,0.4822078429321521,0.3417839008851329
2.397457110387034,0.9186993967386208,4.835764628325548,2.4885475512879514,0.6250003751239106,0.48234293342906387,0.34056524875071204
2.400603729065365,0.8948267253384365,4.851293116509113,2.500699026530665,0.5750003749658334,0.48479065858833437,0.31745417710596446
2.404127503451484,0.8709304598712126,4.86534685783003,2.500699026530665,0.5750003749658334,0.48514000125199264,0.31398216755006736
2.407971812979188,0.8470297636525714,4.879139516185749,2.525466671487759,0.5250003745084246,0.4812051525881342,0.3506610146462028
2.412139368317801,0.8233372322903723,4.894134989447826,2.525466671487759,0.5250003745084246,0.48156936889354035,0.3474700829495967
2.4166634961260574,0.7997493279600256,4.909426867562711,2.541978429922942,0.47500037390069294,0.483521711065216,0.32968837472025436
2.4215574233258987,0.7761297171014014,4.924027388635511,2.541978429922942,0.47500037390069294,0.48398401863232976,0.3252973090930653
2.4267999688431434,0.7525379467762043,4.938350692872035,2.541978429922942,0.47500037390069294,0.48423891979135497,0.3228443386752373
2.432381583715987,0.7290226140597778,4.9525020829209,2.5696529325346114,0.42500037321950623,0.4810228025365278,0.3522446424516543
2.4383041606540328,0.7055404463739787,4.96655737493034,2.5696529325346114,0.42500037321950623,0.4810804469234173,0.35174502119315587
2.4445315115686537,0.682286715408793,4.981674581041608,2.5881026000493534,0.375000372503392,0.48416689190924445,0.3235398207176763
2.4511152415093935,0.659132184549506,4.9962939302981955,2.5881026000493534,0.375000372503392,0.48461989612745726,0.31913444807146485
2.458047611075026,0.6359473734193557,5.010285210678954,2.6170690472364404,0.32500037177111457,0.48283403153949417,0.3360877018117163
2.4652898694228877,0.612941067054761,5.024884266918618,2.6170690472364404,0.32500037177111457,0.4832609778320623,0.3321329180778312
2.472860400004347,0.5900699949799524,5.039391024595023,2.6170690472364404,0.32500037177111457,0.4835188649277002,0.329715181771993
2.4807344374815194,0.567364007226681,5.053420732251476,2.6363800169704774,0.2750003710315565,0.48760988604917455,0.2879690832495567
2.4890200341583295,0.5445286320072231,5.0663961775822095,2.6363800169704774,0.2750003710315565,0.48791373758205414,0.28457069670421387
2.49819597145345,0.5208820435180197,5.077858810099894,2.665920671687217,0.22500037028880554,0.48726853164471384,0.29173098419510834
2.508146655363227,0.4965897602674616,5.088625376866927,2.665920671687217,0.22500037028880554,0.4872997552469335,0.29138928518974017
2.515935782794795,0.47768203523299846,5.097626952026457,2.6856144524700984,0.17500036954469098,0.4910528505757765,0.24622530481890537
2.5271263057629962,0.4506576213681832,5.111999020474036,2.6856144524700984,0.17500036954469098,0.49154155075976835,0.2396171720103204
2.536785575467139,0.4281071142551607,5.1223787871454345,2.7154103204905327,0.12500036880000914,0.4914933576410344,0.2402779630988352
2.5446530706162704,0.4101925217569775,5.130512310120035,2.7154103204905327,0.12500036880000914,0.4916525826369456,0.23808691233195245
2.5567704524685144,0.38337244090906886,5.142959965882809,2.7154103204905327,0.12500036880000914,0.49182831748869626,0.23564203912056092
2.567144330409322,0.3611040515607087,5.153257020114706,2.775002087916851,-0.024997924004077632,0.4983982535118446,0.10557782128119109
2.5778287136122042,0.33870116308901466,5.159088017734319,2.775002087916851,-0.024997924004077632,0.4985686543313745,0.0998351143518812
2.5886742098623756,0.31616576169002997,5.163219851353728,2.775002087916851,-0.024997924004077632,0.49862682491448934,0.09779579807394811
2.5996492443096546,0.29358029509513806,5.166722572508691,2.775002087916851,-0.024997924004077632,0.4986391090629477,0.09735957102627446
2.61062355431441,0.2712318593876919,5.171451829213547,2.775002087916851,-0.024997924004077632,0.4987104148031361,0.09478696753977656
2.621721104417272,0.2488962216267172,5.175612221364127,2.775002087916851,-0.024997924004077632,0.4987399586026706,0.09369997558626642
2.632904168719458,0.22661967716626386,5.179723637384191,2.775002087916851,-0.024997924004077632,0.49875250812705046,0.09323433973652318
2.6441833739902414,0.20438676081563756,5.1837921157862485,2.775002087916851,-0.024997924004077632,0.4987449866508287,0.09351369908289153
2.6555561657894273,0.18219333696804796,5.187873698531181,2.775002087916851,-0.024997924004077632,0.4987136363526134,0.09466905614107679
2.6670194694302563,0.1600466134147016,5.192001422073543,2.775002087916851,-0.024997924004077632,0.49865084536777365,0.09694092816803845
2.6762566112070445,0.1423616064268387,5.195343059490833,2.775002087916851,-0.024997924004077632,0.4985680552014686,0.09985589720188881
2.6902157355819867,0.11589793329010512,5.200502040641981,2.775002087916851,-0.024997924004077632,0.49836075406796093,0.1067992259414492
2.701929098017313,0.0939506634803049,5.205128831511663,2.775002087916851,-0.024997924004077632,0.49807177935491714,0.11576977083144846
2.7128829560214616,0.07249686967978519,5.209782766557541,2.775002087916851,-0.024997924004077632,0.4972159893952802,0.1388910204631284
