4.966460491592025,4.913228847163141,-5.301280422001461,4.925002119954348,4.825002148266554,1.8020816601577476e-05,-0.9636481745363566
4.966474143115713,4.91311498314813,-5.328043098596556,4.925002119954348,4.808335481351532,3.285893298905779e-05,-0.9591527775304775
4.9664638506808805,4.913255815729199,-5.370297611752402,4.925002119954348,4.780557703159832,6.999315570100841e-05,-0.9524642880409464
4.966591474819607,4.913390067381074,-5.411990837258998,4.908335453039326,4.74537251745034,7.49572624769868e-05,-0.9517927595017044
4.966701498637759,4.913512841563975,-5.45364479661727,4.880557674847625,4.705249060062257,6.736104248099119e-05,-0.9528348387079099
4.966832603737529,4.913653803673709,-5.495240635205168,4.845372489138134,4.661833421554755,6.095385164320398e-05,-0.953784222971911
4.967012413337916,4.913821941254744,-5.536705013992629,4.8052490317500505,4.616222995632627,5.826812455816329e-05,-0.9542044317844723
4.9672187450624605,4.914025602118916,-5.577924033806436,4.8052490317500505,4.616222995632627,7.56995557198433e-05,-0.9516952104497132
4.96753066412404,4.914278640114663,-5.6186565813805665,4.8052490317500505,4.616222995632627,9.754780175992078e-05,-0.9490977335871525
4.96765659571094,4.914377878911966,-5.660462838788615,4.8052490317500505,4.616222995632627,0.00012627288836994868,-0.9462711611219723
4.967709134354653,4.914413860747614,-5.701567860364527,4.8052490317500505,4.616222995632627,0.000162219524616318,-0.9433362923301162
4.967801053579998,4.914469500809195,-5.742582304984026,4.8052490317500505,4.616222995632627,0.00020739542278164767,-0.9402587575252052
4.967787600723643,4.9144593590034376,-5.782941086299513,4.8052490317500505,4.616222995632627,0.00026340515194536604,-0.937058185810399
4.96766084099033,4.914396540322884,-5.822766544091306,4.8052490317500505,4.616222995632627,0.0003326909041590272,-0.9337188882469281
4.967898633369493,4.914508355575368,-5.864019641816395,4.8052490317500505,4.616222995632627,0.00042040808522572594,-0.930143118876269
4.968066242003374,4.914572090187261,-5.904704201260072,4.8052490317500505,4.616222995632627,0.0005278911047383355,-0.926424744557013
4.968226837504647,4.914631155644179,-5.945280590812941,4.8052490317500505,4.616222995632627,0.0006600421986814604,-0.922525962682552
4.968410077433266,4.916112260612872,-5.986307010593675,4.8052490317500505,4.616222995632627,0.0008329269418617944,-0.9181796462283568
4.968605767877498,4.9195427927525595,-6.028009900388217,4.8052490317500505,4.616222995632627,0.001065387592088638,-0.9132328887384256
4.968815152325433,4.921282321562868,-6.068760670304844,4.8052490317500505,4.616222995632627,0.0013326524949127403,-0.9083940017664796
4.969028578984152,4.921321141862952,-6.108557029321577,4.8052490317500505,4.616222995632627,0.0016323363625809367,-0.9037023892130014
4.969256982764838,4.921354142273039,-6.148149477961265,4.8052490317500505,4.616222995632627,0.0019898667448875348,-0.8988152099417546
4.969503841752787,4.921380740537031,-6.18753113095497,4.8052490317500505,4.616222995632627,0.0024140912030383424,-0.8937295489875222
4.969771612537476,4.921399748256486,-6.226693791044559,4.8052490317500505,4.616222995632627,0.0029147128282962322,-0.888442911725563
4.970063527837109,4.9214096900314654,-6.265629141470168,4.8052490317500505,4.616222995632627,0.0035022285820648187,-0.8829536919905607
4.970383441417986,4.921408837916741,6.262042618546581,4.8052490317500505,4.616222995632627,0.004187848282837811,-0.8772613516117128
4.970735028795114,4.92140813056165,6.2235794634988775,4.8052490317500505,4.616222995632627,0.004984076170063843,-0.8713616565224751
4.971124376000079,4.921386730848845,6.185381454282282,4.8052490317500505,4.616222995632627,0.005902250072217466,-0.8652638082919005
4.971561809419023,4.921338551459642,6.147481375675344,4.8052490317500505,4.616222995632627,0.006953507753066422,-0.8589782989836691
4.972041753407,4.92126724991172,6.109863165143362,4.8052490317500505,4.616222995632627,0.00815192522586384,-0.8524992814366881
4.972555751010957,4.92116912963427,6.07260053476318,4.8052490317500505,4.616222995632627,0.009508802520399378,-0.8458378539990418
4.973073723323618,4.921045874838023,6.035848013419972,4.8052490317500505,4.616222995632627,0.011033499332446774,-0.8390110498373183
4.973521974610994,4.920923818609353,5.999950100509206,4.8052490317500505,4.616222995632627,0.012730991892467172,-0.8320482682526266
4.9741199298790555,4.920740710890807,5.96398234106695,4.8052490317500505,4.616222995632627,0.014626540847805883,-0.8248962128918053
4.975014215636363,4.920422237249553,5.9274631477148105,4.8052490317500505,4.616222995632627,0.01673438860498842,-0.8175538479468688
4.975696100751792,4.922149926362581,5.89180108546807,4.8052490317500505,4.616222995632627,0.0192837888272398,-0.8093534810945617
4.976353102523277,4.926014368727314,5.856592037077212,4.8052490317500505,4.616222995632627,0.022367427342802833,-0.8002177008036273
4.977285415510389,4.927718769265,5.8216485998757745,4.8052490317500505,4.616222995632627,0.02548233389215925,-0.7916762660985353
4.978502025244957,4.927083934299818,5.786933590888629,4.8052490317500505,4.616222995632627,0.028523672690190266,-0.7838712574446987
4.979829354786221,4.926332047784329,5.752565419662373,4.8052490317500505,4.616222995632627,0.03177068966915112,-0.7760169394639875
4.981263875441455,4.925453343060212,5.718537922736932,4.8052490317500505,4.616222995632627,0.0352185871367313,-0.7681272777720294
4.982464265550372,4.924665950594414,5.691497028040364,4.8052490317500505,4.616222995632627,0.03813427806002627,-0.761762780475943
4.984361176791498,4.923329284280075,5.651272059953383,4.8052490317500505,4.616222995632627,0.04275519051579748,-0.7521631781600233
4.986120808591886,4.921989309109686,5.618278274370478,4.8052490317500505,4.616222995632627,0.046738836262889,-0.7442953057156207
4.988001176507603,4.920461034217796,5.585646459193562,4.8052490317500505,4.616222995632627,0.05085576571644195,-0.7365007912341573
4.98998138985848,4.918741453356448,5.553363202260016,4.8052490317500505,4.616222995632627,0.05509602480462101,-0.7287818214151647
4.992066259512802,4.9168138930447896,5.521409401354083,4.8052490317500505,4.616222995632627,0.059435967795285295,-0.7211638941414903
4.9942557377100965,4.914669674282384,5.489713043835306,4.8052490317500505,4.616222995632627,0.06386427859493311,-0.7136487411577018
4.996542346897039,4.912304908121376,5.458166432025586,4.8052490317500505,4.616222995632627,0.06838288818473767,-0.706216777076103
4.998856642569182,4.909721936137498,5.427220794873528,4.8052490317500505,4.616222995632627,0.07291003505506169,-0.6989828832711433
5.0011225725142525,4.907022777919492,5.397499760271814,4.8052490317500505,4.616222995632627,0.07735143801027236,-0.6920699031371426
5.003219101085206,4.904381059168576,5.369434865009722,4.8052490317500505,4.616222995632627,0.08170115288185875,-0.6854581043352277
5.005629933296176,4.901140954418946,5.339252653911368,4.8052490317500505,4.616222995632627,0.08630846240179135,-0.6786089226479015
5.008211192117415,4.897466428824704,5.309806371300319,4.8052490317500505,4.616222995632627,0.09060496671234124,-0.6723512947286692
5.010720793281494,4.893654366968894,5.280159225142619,4.8052490317500505,4.616222995632627,0.09505763956658236,-0.6659860733084301
5.014423226080323,4.888964040688351,5.252358711231338,4.8052490317500505,4.616222995632627,0.0979746065369915,-0.6618771684817975
5.019581556086622,4.883295689521046,5.227220969557352,4.8052490317500505,4.616222995632627,0.09880869423863842,-0.6607106454323433
5.023409700027942,4.878190090429644,5.200203972316191,4.8052490317500505,4.616222995632627,0.10121878773342945,-0.6573601060585635
5.025610002163394,4.873899903854169,5.170061796135614,4.8052490317500505,4.616222995632627,0.105958292916991,-0.6508539802223545
5.02760408826442,4.869712544991903,5.138484305534166,4.8052490317500505,4.616222995632627,0.11141535294971978,-0.6434882020969557
5.029357189069374,4.865687888274865,5.105025978818289,4.8052490317500505,4.616222995632627,0.11784320482373913,-0.634967074277684
5.030851245943323,4.861904636037366,5.06925841409903,4.8052490317500505,4.616222995632627,0.12552895355507887,-0.6249734900079591
5.032071498680893,4.858440606926106,5.030681631943583,4.8052490317500505,4.616222995632627,0.134827746237413,-0.6131290507093689
5.0330129664018335,4.855367378835536,4.988829488729016,4.8052490317500505,4.616222995632627,0.14613078231283763,-0.5990385683159335
5.033691784057244,4.852747614273856,4.943437028085554,4.8052490317500505,4.616222995632627,0.1597937528782388,-0.5823717785683045
5.034124802719523,4.85067343036532,4.895306609501082,4.8052490317500505,4.616222995632627,0.17582478521210293,-0.5632106502725325
5.034314274087599,4.849398444804474,4.850770999296667,4.8052490317500505,4.616222995632627,0.1920993550111446,-0.5440747704422367
5.034449269676255,4.848099336729021,4.810322994677576,4.8052490317500505,4.616222995632627,0.20737823984556603,-0.5263036293593947
5.034637055061754,4.845476678808347,4.762516180731175,4.8052490317500505,4.616222995632627,0.22502624287914388,-0.5059060581453342
5.034728616665178,4.841309094709358,4.712334376554765,4.8052490317500505,4.616222995632627,0.2428097880980983,-0.48538542085420633
5.034572956203192,4.835288158849291,4.66666265454336,4.8052490317500505,4.616222995632627,0.25725347976969093,-0.4686700460086958
5.0340223294490585,4.827066414964508,4.626781201236121,4.8052490317500505,4.616222995632627,0.2671589350006951,-0.45714974087099214
5.0329213738366585,4.816365731260649,4.595778768210383,4.8052490317500505,4.616222995632627,0.27055678174001196,-0.45318332254597804
5.030652830946404,4.802537360618862,4.575196597580972,4.761833393242549,4.569149378094216,0.27710214055030535,-0.44551746957199
5.026841923221773,4.7865818931649144,4.557510142163267,4.761833393242549,4.569149378094216,0.272476497563362,-0.45093857058606324
5.023580186887145,4.7717444512698926,4.538932169650023,4.761833393242549,4.569149378094216,0.2680210674362425,-0.45614412845555274
5.021078589387812,4.758353029259049,4.518621677854842,4.761833393242549,4.569149378094216,0.2644429144911096,-0.46031448377768236
5.018260685542778,4.744994001714419,4.497852183202001,4.761833393242549,4.569149378094216,0.26056971788096606,-0.4648195517597733
5.0147127846003325,4.7295968856199,4.4737579297985,4.71622296732042,4.521100299456722,0.2753719908137614,-0.44754725755069
5.012061178281865,4.719039684571168,4.457977204681468,4.71622296732042,4.521100299456722,0.273431609576936,-0.44982066458337455
5.007696925177705,4.703040967509523,4.4344258857453225,4.71622296732042,4.521100299456722,0.2697617430202094,-0.4541121503780823
5.004629642119874,4.692598677724509,4.418572864434113,4.71622296732042,4.521100299456722,0.26717812396496315,-0.45712736401057386
5.002228233185454,4.684825956577014,4.406650783159299,4.71622296732042,4.521100299456722,0.2650875355195937,-0.45956380232761807
4.995422414901179,4.664387806764075,4.37467923582193,4.71622296732042,4.521100299456722,0.25887736119836463,-0.46678528239985617
4.990965378853349,4.6520831990361895,4.354311120776403,4.71622296732042,4.521100299456722,0.25488075631845136,-0.471421606089396
4.986334711239617,4.640082130646412,4.333717748091146,4.66914934978201,4.472400913358108,0.2829472169650974,-0.4386399107706367
4.9811638609642195,4.627465494574299,4.314993961140839,4.66914934978201,4.472400913358108,0.2800479781212887,-0.4420553052849242
4.976737225294256,4.617123407532986,4.301381026195294,4.66914934978201,4.472400913358108,0.2764781490411036,-0.4462498276880206
4.970094438791493,4.602331644207641,4.280174424893674,4.66914934978201,4.472400913358108,0.27147934916871674,-0.4521049066604871
4.964479409006383,4.590382178720865,4.257896071880727,4.66914934978201,4.472400913358108,0.26911206264922866,-0.45487081149012865
4.959635656692108,4.580695700809551,4.241967060073722,4.66914934978201,4.472400913358108,0.2658136728216417,-0.458717869305152
4.9520520647534685,4.566171977400204,4.219000828467447,4.621100271144516,4.423267988796457,0.29943403450151557,-0.41904223228519466
4.9465625306403425,4.556160080105988,4.20299744163535,4.621100271144516,4.423267988796457,0.29762166695812375,-0.42121287054691314
4.9375389526218525,4.540397622651916,4.1813293848763005,4.621100271144516,4.423267988796457,0.29236358192776657,-0.4274863120449196
4.93145865454474,4.5302413987660755,4.166320042199676,4.621100271144516,4.423267988796457,0.2888954731840616,-0.43160571501126166
4.922209289893498,4.515399969408598,4.143701128146859,4.621100271144516,4.423267988796457,0.28323916254998804,-0.43829553060133686
4.914381154777026,4.503395725658693,4.124459591185127,4.621100271144516,4.423267988796457,0.2782296479476545,-0.44419327490813554
4.906505852219779,4.491807703883894,4.105175925333476,4.5724008850459015,4.37384603824329,0.32033034667228427,-0.3936556848063437
4.897775383185089,4.479467434334739,4.089405296556805,4.5724008850459015,4.37384603824329,0.31587055843860284,-0.3991348567296191
4.888300891017886,4.466501744788049,4.071616829458262,4.5724008850459015,4.37384603824329,0.3109292008584119,-0.40516470303664276
4.878832047732147,4.454055025464856,4.0539970204171745,4.5724008850459015,4.37384603824329,0.30557698268453515,-0.41165083871504005
4.869296528863602,4.44195011023521,4.0360406333445535,4.5724008850459015,4.37384603824329,0.2998158529012198,-0.4185843697019007
4.8597191628852245,4.430236862454825,4.017782022987901,4.523267960484251,4.3242314029901765,0.3444796054705462,-0.3632663030568922
4.848903726529806,4.417483980006462,4.001277290707277,4.523267960484251,4.3242314029901765,0.34005885667485747,-0.3689312589307574
4.837502360370769,4.4044554998081775,3.98538007482118,4.523267960484251,4.3242314029901765,0.3341541220671047,-0.37642200801632564
4.826352305815614,4.392123769072228,3.968584634662123,4.523267960484251,4.3242314029901765,0.3283380603491334,-0.38372163806637705
4.815443105833206,4.380466393373397,3.9505567469270098,4.4905126768461034,4.2744883099805575,0.37844220647520566,-0.31773390016007275
4.805483486184931,4.368688778351424,3.9312383524043057,4.4905126768461034,4.2744883099805575,0.37615240065147787,-0.32093642799492794
4.795604792119199,4.355089398848736,3.9106108729032414,4.4905126768461034,4.2744883099805575,0.3711089510539719,-0.32791368052859793
4.785780582606319,4.344122714164343,3.8995166104636865,4.4905126768461034,4.2744883099805575,0.3643156628480478,-0.3371564348767784
4.772249517374268,4.331486539697397,3.884985323480569,4.468675819784691,4.224659576319848,0.41452157040757004,-0.26364221940641874
4.754988837775538,4.315890119372444,3.868994941286452,4.468675819784691,4.224659576319848,0.409128757606964,-0.27224737115742215
4.739454250225745,4.302224627944789,3.8571169955263365,4.437451245569545,4.174773745626024,0.4460163857875856,-0.20772042030806914
4.722906890944189,4.287990081606169,3.847537129681142,4.437451245569545,4.174773745626024,0.44203364167990544,-0.21547482152230213
4.705753362888857,4.2734993732751265,3.837436773591134,4.39996819110522,4.124849845691597,0.46727788047852953,-0.16083054087618376
4.68804050032408,4.258821588858058,3.830164852757827,4.39996819110522,4.124849845691597,0.46465857875491473,-0.16725553641567936
4.669816128937788,4.243954226108217,3.8228781954809787,4.3583128132094044,4.074900560446653,0.4810106300578015,-0.12209592593145491
4.651452443341782,4.229190272789221,3.815818740330804,4.3583128132094044,4.074900560446653,0.47984678459412194,-0.1258183367926179
4.632599678214763,4.214203817506827,3.8105895139931714,4.3583128132094044,4.074900560446653,0.47786015442911867,-0.13193940294094386
4.613785818600778,4.199403763138049,3.8047797534356502,4.313875881809023,4.024934344858668,0.48949565959430535,-0.0906192225577459
4.594558990020213,4.184452643488598,3.8004804825767553,4.313875881809023,4.024934344858668,0.48859566860218867,-0.09444233891751885
4.575147542595735,4.169477435775655,3.796263854906901,4.267584575594986,3.974956835135069,0.495318411447985,-0.06041097075507329
4.555683607947491,4.154575596476022,3.794131415604244,4.267584575594986,3.974956835135069,0.4948643874615531,-0.06327952158148908
4.536048837903644,4.139610747294747,3.7916355703943228,4.267584575594986,3.974956835135069,0.49433084353050427,-0.06649401908745911
4.520245454920526,4.127626263329641,3.7895085257746888,4.220057012722366,3.9249717890628206,0.49833009780815657,-0.03605355740370231
4.496677118220328,4.109869311994314,3.785482361071544,4.220057012722366,3.9249717890628206,0.4982946205877219,-0.036434837206311355
4.47675852121863,4.09494963482482,3.7837782130891804,4.220057012722366,3.9249717890628206,0.49812679963209316,-0.03818704405991813
4.456784002857744,4.080025939064138,3.782065669237304,4.171705271558969,3.874981712972625,0.4998360290753296,-0.01129349422472381
4.4367532049693805,4.065111441513126,3.781365295993501,4.171705271558969,3.874981712972625,0.49982496991089304,-0.011668161316364722
4.416692193005385,4.050183591364865,3.780865714783928,4.171705271558969,3.874981712972625,0.49980546073345117,-0.012301320824914086
4.396728219362435,4.035342751758194,3.7808504984173914,4.122804071410879,3.8249882796185397,0.499860602834554,0.01041284281634769
4.376651325398547,4.020422601438983,3.781073727869967,4.122804071410879,3.8249882796185397,0.49984202597169775,0.011085036575240403
4.36061204820227,4.008500329293744,3.781384547153242,4.122804071410879,3.8249882796185397,0.4998261947388672,0.011627260402830686
4.335979823121101,3.990013559385468,3.7807299293917107,4.0735365597752375,3.7749926065148727,0.4987251016643439,0.03149916058808988
4.313546009117218,3.972825840603016,3.7817192302123317,4.0735365597752375,3.7749926065148727,0.4986164139223842,0.03281524751753406
4.292694766349754,3.9570785984657526,3.783035766956172,4.024024837112615,3.724995441151044,0.4971260038981385,0.04731208328411851
4.276759771688731,3.945163078063798,3.784568649395555,4.024024837112615,3.724995441151044,0.49690881155294403,0.049069829473683324
4.253003536267977,3.927316306404242,3.787544706828593,4.024024837112615,3.724995441151044,0.4965605413197267,0.05176467262472828
4.233273212562099,3.912407535674568,3.790177773304951,3.9743503064653987,3.6749972841150953,0.4950296208088132,0.06225072271986587
4.213536009638129,3.89741250970879,3.792837800470983,3.9743503064653987,3.6749972841150953,0.4945599539023148,0.0651329081346308
4.193979682719115,3.8824762918747533,3.795168670724902,3.9743503064653987,3.6749972841150953,0.49392983062632245,0.06881230659236093
4.174443691349531,3.867471787529234,3.7978572653244154,3.9245672395091673,3.624998470892699,0.4926159618180151,0.07591920198199364
4.154938725885296,3.8523973311303097,3.80110547148298,3.9245672395091673,3.624998470892699,0.4919206250759644,0.07942682739007112
4.135527459520485,3.837290149851518,3.8045502211779696,3.874711820157422,3.5749992262386243,0.49111403749659777,0.08331364523786045
4.116200318454578,3.8221379155045225,3.808177847997223,3.874711820157422,3.5749992262386243,0.4903806711725166,0.08669901911540756
4.097023112754888,3.8069884026795497,3.812303734362582,3.874711820157422,3.5749992262386243,0.4895438068107413,0.09041023800809755
4.07795384084824,3.7917971365157355,3.8164806898652124,3.824808173208743,3.524999700399239,0.4894257600363568,0.09092178654393224
4.058909457115786,3.7765019131760464,3.8202447219849374,3.824808173208743,3.524999700399239,0.48851978871765883,0.09475777418994369
4.040138341345197,3.7613232169948203,3.8231613604842667,3.824808173208743,3.524999700399239,0.4872604179120574,0.09985088957890098
4.021207134648015,3.7459007425538466,3.8277035475564207,3.774872383105789,3.474999993350475,0.4878447558791467,0.0975200187199392
4.002382952209099,3.730406527916842,3.8319757516458712,3.774872383105789,3.474999993350475,0.486849000941901,0.10146066472676618
3.9836457724560965,3.714857925121283,3.83637994141101,3.774872383105789,3.474999993350475,0.4856210090395359,0.10612409524821298
3.9650258274503143,3.6992651260865044,3.8410015323060325,3.7249151729199603,3.425000171117784,0.48692112894697753,0.10118024947389515
3.9465668050996996,3.683657214286483,3.8461202216428068,3.7249151729199603,3.425000171117784,0.4859778605057218,0.10478972592546953
3.9282120140703363,3.6679816677338755,3.850859138627215,3.7249151729199603,3.425000171117784,0.4847149207186197,0.10944119515910566
3.9100829602227156,3.6523736867718526,3.854084034682233,3.6749436903498522,3.3750002768407543,0.48643628497699026,0.10305090523391858
3.891780126438932,3.6364971706523415,3.8584766432701314,3.6749436903498522,3.3750002768407543,0.4852958913190511,0.10732576697229135
3.873365942565661,3.6204025814436642,3.863441498779191,3.6749436903498522,3.3750002768407543,0.48394116566324735,0.11219851281062376
3.855003707504749,3.6041952018514216,3.8690180144130135,3.6249626986014247,3.325000338317648,0.48659582794557554,0.10243901829774549
3.8368075549797,3.5879276619584424,3.8739937554067736,3.6249626986014247,3.325000338317648,0.4855516576548657,0.10638153194324951
3.8187704542380168,3.5716300810534127,3.878599481085046,3.6249626986014247,3.325000338317648,0.484175417026282,0.11137072699278239
3.8009306358345416,3.5553590673419864,3.883780211109719,3.574975370690992,3.2750003731624098,0.4872649676221792,0.09983294625501538
3.7832026904401683,3.5390307556277305,3.888525023347456,3.574975370690992,3.2750003731624098,0.4862709703066365,0.10368122015233228
3.7654318526311377,3.5225120043920093,3.8925691944728986,3.574975370690992,3.2750003731624098,0.4848711226137874,0.10887635330164724
3.7477264764431863,3.5059107694563547,3.897259307452908,3.524983819449721,3.225000392321263,0.4881751753383096,0.09617761944212488
3.730034080067268,3.489165983900592,3.901585548110419,3.524983819449721,3.225000392321263,0.48718409680464103,0.10015142049391201
3.71240287030648,3.4723340843329265,3.9059344004590466,3.524983819449721,3.225000392321263,0.4859352195595822,0.10495004003260044
3.6948963693770924,3.4554734515563794,3.910491559955579,3.4749894513079553,3.1750004024513716,0.48939618216448383,0.09104951947553785
3.6773795793510686,3.438451048284353,3.91459920425919,3.4749894513079553,3.1750004024513716,0.48849428146927015,0.09486357844445181
3.659843973603069,3.4212816903331076,3.918529527643253,3.4749894513079553,3.1750004024513716,0.48730919548276597,0.09965835457557715
3.642418438673748,3.404078216460894,3.922852183654668,3.424993202476552,3.1250004075078888,0.4907707294652114,0.08491492718835647
3.625108202651327,3.3868417119836263,3.9266791529105114,3.424993202476552,3.1250004075078888,0.48997199373099143,0.0885304253044168
3.6078052420289914,3.3694838309837243,3.930554247663867,3.424993202476552,3.1250004075078888,0.48895947559008746,0.09291544138082797
3.5905969507514373,3.3520822301716997,3.9345001651840272,3.3749956965389414,3.0750004097832013,0.4922864072948581,0.07760110807923803
3.573409208981431,3.334566808410486,3.9381775727173265,3.3749956965389414,3.0750004097832013,0.4916276109638838,0.08086006837782356
3.5562346976008072,3.316943730640621,3.9416976259235654,3.3749956965389414,3.0750004097832013,0.4907580365542897,0.08497356218680152
3.5391586699739292,3.2992957862396244,3.945337508433669,3.3249973494540273,3.025000410572145,0.4938401719808543,0.06932014731468072
3.522181527804043,3.2816172335086256,3.949124979155082,3.3249973494540273,3.025000410572145,0.49336799924839153,0.07193618068478358
3.5052362173656286,3.2638415665029292,3.9524699647788344,3.274998439347466,2.975000410586951,0.49569906863963864,0.05789757106712723
3.488237624039235,3.2458980671243634,3.955357711456561,3.274998439347466,2.975000410586951,0.4953754272726196,0.06004114856081766
3.4712425664336033,3.2278645781225928,3.957923197184076,3.274998439347466,2.975000410586951,0.49492529178515016,0.06290224944925304
3.4550886205558413,3.2077615992288937,3.961832020530664,3.2249991527533988,2.9250004102089417,0.4974029056982249,0.04497216113592706
3.4399538822220137,3.1851579941578203,3.9667265459413996,3.2249991527533988,2.9250004102089417,0.4982668781762843,0.03673024118002344
3.4239213737022887,3.1647900235606974,3.9696935547343504,3.2249991527533988,2.9250004102089417,0.4985630573239566,0.03344243612912279
3.407070643073534,3.1464072420951474,3.97125111964383,3.1749996151628936,2.875000409636767,0.4993510904405217,0.022469206406397157
3.3902581237743386,3.1280074768010104,3.9726346533195573,3.1749996151628936,2.875000409636767,0.4993086232079192,0.023193030090773004
3.373469468787694,3.1095890816295553,3.9736622828971977,3.1749996151628936,2.875000409636767,0.4992376284156419,0.02435515371976349
3.356668295450463,3.0911229150371025,3.974717232536694,3.1249999111781896,2.8250004089711083,0.49973892864960195,0.014250650030893874
3.3398738624931514,3.072627447621743,3.9755288809463205,3.1249999111781896,2.8250004089711083,0.4997194384168623,0.014773085366313943
3.323079847279712,3.0541083902611845,3.9761741692122343,3.1249999111781896,2.8250004089711083,0.4996892724610155,0.015547126557730273
3.3029419098751926,3.0318695002611182,3.976989019103982,3.075000097834281,2.775000408261608,0.4999473587816229,0.006398766103292264
3.289519541528162,3.017026910576819,3.977306469340498,3.075000097834281,2.775000408261608,0.4999444269069378,0.006574547394748276
3.2727502992740325,2.9984747850189954,3.97750473933276,3.025000213459038,2.725000407532078,0.4999991766520523,-0.0008002387087371332
3.2560032637933016,2.9799387951586347,3.9775530228100267,3.025000213459038,2.725000407532078,0.4999989641489823,-0.0008975869342007226
3.2392459213846747,2.9613942653982424,3.9775285953340775,3.025000213459038,2.725000407532078,0.4999988330622996,-0.0009526902546984628
3.2224780483351614,2.9428410321386735,3.977497052238987,2.975000283627746,2.675000406793633,0.4999307150666715,-0.007340986261729077
3.2057059927491016,2.924286847372006,3.977297807446337,2.975000283627746,2.675000406793633,0.4999229046619084,-0.007743724346314318
3.1889262010784005,2.905735405866716,3.9769750973032343,2.975000283627746,2.675000406793633,0.49991495232726485,-0.008133320284515855
3.168779708790429,2.883477951395326,3.9765609506488517,2.9250003252162555,2.6250004060513223,0.499764244781778,-0.013542008314278098
3.1519796280356953,2.8649313172822577,3.976072147440956,2.9250003252162555,2.6250004060513223,0.4997396107146026,-0.014232020167650794
3.1351741966953943,2.846398903139674,3.9754265143630554,2.9250003252162555,2.6250004060513223,0.4997125202225002,-0.014954141280013267
3.118391371230423,2.827915066463822,3.974800373676911,2.8750003491924647,2.575000405307378,0.4995320661433332,-0.019079585823222445
3.1015811187298876,2.809429553116493,3.97400637827473,2.8750003491924647,2.575000405307378,0.49948622216910876,-0.019992595806109348
3.0881190117392716,2.7946499742754103,3.9733236708141186,2.8750003491924647,2.575000405307378,0.4994425253786746,-0.020825653045758008
3.0679059983868875,2.772495998746889,3.972261494898874,2.8250003625524895,2.5250004045627596,0.4992636140588888,-0.023936329170868187
3.047756180147694,2.7536777670662733,3.9699391758687677,2.8250003625524895,2.5250004045627596,0.4994917201342225,-0.019885310807090772
3.0264530333183837,2.7348208055120224,3.967296027572353,2.7750003696633407,2.4916670707328903,0.49814151354265696,-0.03803663439753713
3.008008632476427,2.716300065927898,3.965709160000746,2.7750003696633407,2.4916670707328903,0.49814575173769327,-0.037993200336241095
2.991091199089924,2.6980460301846776,3.964075290301615,2.7250003731862966,2.469444848179596,0.4927915341700635,-0.07500798566403755
2.9742650164531863,2.6799675265163696,3.9611746520354347,2.7250003731862966,2.469444848179596,0.49207373196685567,-0.07866770549118096
2.967533435707174,2.6727642905515516,3.9598813006939406,2.7250003731862966,2.469444848179596,0.49175535957954997,-0.0802382994898444
2.9405129688529836,2.644062585405475,3.9544444613836616,2.6750003747019147,2.4379633662290363,0.4868394178871402,-0.10149786440040054
2.9236844340612134,2.626355122605677,3.9501903519448334,2.6750003747019147,2.4379633662290363,0.48553373951723944,-0.10644794687195902
2.9068539226811634,2.608804818446947,3.9455713624387396,2.6250003751238733,2.400309044680371,0.4842995086032163,-0.1109297946470299
2.8899653965766916,2.5913591793977595,3.9407667924869743,2.6250003751238733,2.400309044680371,0.4829054768114263,-0.11578972192980397
2.8730134677658405,2.5740179752689425,3.9358781577267576,2.6250003751238733,2.400309044680371,0.4811666697229435,-0.12158852782120544
2.856085279333996,2.5568751428341177,3.930674332246624,2.57500037496582,2.358539496733324,0.4828794644610125,-0.11587853313837082
2.8390497344273715,2.539803965796244,3.9255012497964947,2.57500037496582,2.358539496733324,0.4813627437440636,-0.12094804494616573
2.821924477825382,2.5228162465088513,3.920255318241914,2.5250003745084197,2.314026464522312,0.484534242307059,-0.11009104077544263
2.804642254816928,2.505850402119979,3.915344171293108,2.5250003745084197,2.314026464522312,0.4832806379429376,-0.11450144873668677
2.7872754676397253,2.4889640120451,3.910361418543103,2.5250003745084197,2.314026464522312,0.4817180454224768,-0.11977903940538859
2.769886680318871,2.4722282217494946,3.9051644634286804,2.491667040815711,2.267684442808163,0.4904911272021265,-0.08619748176717867
2.752392921913488,2.455562677605828,3.9004341763500303,2.491667040815711,2.267684442808163,0.4897800498606551,-0.08937788226578869
2.7346620616376978,2.4387974738923646,3.897481287015462,2.4694448183262248,2.2201230947784696,0.4974884431303775,-0.04422444837071515
2.7167133439595244,2.4219497911917323,3.8940592757165002,2.4694448183262248,2.2201230947784696,0.4973715960040155,-0.04524277614926431
2.702122222121174,2.408322894791171,3.8926991528108714,2.4546300033196045,2.1717488625936143,0.49992124303315744,0.007826732502233869
2.6802324409186724,2.3879133437011326,3.891683552807179,2.4546300033196045,2.1717488625936143,0.4998888682320453,0.009297335375193727
2.661938151037763,2.370856279660817,3.8920802574166578,2.444753459975411,2.1228327077727145,0.4941928106417586,0.06730090889570595
2.6438256135940623,2.353937147980698,3.8945338942648395,2.444753459975411,2.1228327077727145,0.493526511620492,0.07106856062112188
2.624604013306559,2.336236951050246,3.8986762648453945,2.438169097743355,2.07355527148221,0.4784195373450307,0.13024373848262782
2.6050329255813818,2.318172487450104,3.9033883438842225,2.4337795229227335,2.0240369814286128,0.4566343265832637,0.18565675153115935
2.58753727651834,2.301471170322479,3.9133553713109803,2.4337795229227335,2.0240369814286128,0.4532849192136534,0.19286149458736568
2.5715190368605114,2.2857554245390297,3.921004076865952,2.4308531397170294,1.9743581231400074,0.42863082228073784,0.2399600126839323
2.5561342935033906,2.270436507387455,3.931313842302754,2.4308531397170294,1.9743581231400074,0.4236454349770959,0.24854063855224284
2.5413181191075473,2.2553152060882375,3.9420968201659954,2.4308531397170294,1.9743581231400074,0.4180811434979338,0.2578365237145439
2.5267775999253317,2.2401661522696728,3.9532231249427525,2.4289022176098403,1.9245722208025464,0.39323839333434757,0.2964538524901925
2.5129754261388157,2.225454410333196,3.9655399364896042,2.4289022176098403,1.9245722208025464,0.38661443882299884,0.30611287645071483
2.499977351942137,2.211226937457493,3.9788116074313735,2.4276016029635423,1.8747149577416924,0.3663253651581489,0.334439781315681
2.4874094214655056,2.197098620955245,3.993497656373491,2.4276016029635423,1.8747149577416924,0.3602982015905225,0.34254481707328455
2.4753103308984183,2.183012920636756,4.011368465010435,2.4276016029635423,1.8747149577416924,0.35497330196912374,0.349604440930271
2.463873596143035,2.16925050445092,4.025346536079425,2.4267345267801916,1.824810123270352,0.34057565586604543,0.36827159400313336
2.452691470107961,2.1554441523338443,4.038828278230313,2.4267345267801916,1.824810123270352,0.3335243524878416,0.37721607150289116
2.4423611245228525,2.1422757759935998,4.055346733155254,2.4267345267801916,1.824810123270352,0.327776147827632,0.3844229849444136
2.432518683575049,2.129281193042379,4.072286207683408,2.4267345267801916,1.824810123270352,0.3217332199241117,0.39192450117777566
2.423003863743274,2.1162834101525103,4.089403034725198,2.4261564765883215,1.7748735770764141,0.31665282294185587,0.3981763983869051
2.4138552441546945,2.1033164254702186,4.106733725282682,2.4261564765883215,1.7748735770764141,0.3116750938119085,0.40425714491912546
2.4050999357391056,2.0904408520554902,4.1243900324349525,2.4261564765883215,1.7748735770764141,0.306388319960707,0.4106704803157859
2.396681958633776,2.0775748309290094,4.142299281205121,2.4261564765883215,1.7748735770764141,0.30064394720985554,0.4175906610533464
2.3886528583243454,2.064804401487736,4.160444227704071,2.425771111096383,1.7249158919849132,0.3035940675214529,0.4140426945557145
2.380909997520847,2.0519763982772297,4.178223347807965,2.425771111096383,1.7249158919849132,0.29912000012566614,0.41941866189677346
2.3734017656314297,2.0390153513159355,4.196625668507139,2.425771111096383,1.7249158919849132,0.294311523163932,0.42516626664001356
2.366277510741442,2.026165531231783,4.2151607764686005,2.425771111096383,1.7249158919849132,0.2891672003166582,0.4312834604993223
2.3595073916843106,2.0134049146880457,4.233973082305743,2.4255142033609474,1.6749441157185108,0.29887273707543693,0.4197149593972871
2.3528391949065224,2.0002414904955472,4.252467077549506,2.4255142033609474,1.6749441157185108,0.2948836292014309,0.4244839833260676
2.3464009736388824,1.9869417376872622,4.270937145687152,2.4255142033609474,1.6749441157185108,0.29027497926867424,0.42996881997560066
2.3403403236105405,1.9738029723960047,4.289768867607098,2.4255142033609474,1.6749441157185108,0.2854873214967964,0.43564067245398697
2.3346126793586652,1.9607376645730135,4.3087536307041905,2.4253429362766,1.6249629454577161,0.3004655419956732,0.41780482643584604
2.329120219530445,1.9475285977874002,4.3283025900007415,2.4253429362766,1.6249629454577161,0.2975124060705109,0.42134359025706836
2.3239397586976,1.9343463722350798,4.348311578432413,2.4253429362766,1.6249629454577161,0.29438920418721404,0.42507364968201533
2.317848065045112,1.9226179252958069,4.364865587230033,2.4253429362766,1.6249629454577161,0.2883078461185151,0.43230232637911636
2.3113209634335377,1.911588606626287,4.380090860160995,2.4253429362766,1.6249629454577161,0.28062255818619736,0.4413790781428857
2.306438499307168,1.8990831948642484,4.398607462405185,2.425228766225366,1.5749755110792545,0.30158972532474126,0.4164545657904164
2.302909215589926,1.887912518105077,4.413499963261378,2.425228766225366,1.5749755110792545,0.2986498659198219,0.41998195718878994
2.2977811274159183,1.8706220690246411,4.435407267944674,2.425228766225366,1.5749755110792545,0.2929284412464412,0.42681402810941793
2.293911668227155,1.8565230526215721,4.454035711243648,2.425228766225366,1.5749755110792545,0.2879949796182704,0.43267306122724647
2.2903622513321107,1.8425710698081694,4.472946572898478,2.4251526654147355,1.5249838976160333,0.3127145427525321,0.4029908643260165
2.2869533582407033,1.8280093739226366,4.490795739434155,2.4251526654147355,1.5249838976160333,0.3087476238263951,0.4078139198336239
2.283635442517042,1.8126239156923791,4.509734444972554,2.4251526654147355,1.5249838976160333,0.303980947948031,0.4135764833293909
2.280631510845641,1.7971932628522342,4.529992659654099,2.4251526654147355,1.5249838976160333,0.2991233898244039,0.4194145994160723
2.2780846882722194,1.7826725916879411,4.547460065707738,2.408435282999602,1.4749894938844472,0.3468630834784882,0.3601905937317944
2.2755707206378997,1.7667219077148157,4.5643814808189385,2.408435282999602,1.4749894938844472,0.34249741886557444,0.36581262157338523
2.2731602993872126,1.7495660257198384,4.580121673961844,2.408435282999602,1.4749894938844472,0.33587415149678884,0.3742485766645771
2.271073657104761,1.7328494857850423,4.59641492672937,2.397290386565848,1.4249932251491324,0.3735614781355106,0.32453361624174737
2.269207335075535,1.715657565858514,4.613473098490063,2.397290386565848,1.4249932251491324,0.36970382980085126,0.3298396098618608
2.2674911299854585,1.6970978100216865,4.627593813715053,2.397290386565848,1.4249932251491324,0.3627495343164868,0.33926358213701135
2.2661045669065984,1.6791616426130656,4.643553110231207,2.3898604880265952,1.3749957083363553,0.3945506886360828,0.2945125542894913
2.2650288614533913,1.6616087466159595,4.657368501789856,2.3898604880265952,1.3749957083363553,0.39019967445125103,0.3009132160350054
2.264109818166924,1.6434725310855054,4.6638781122870885,2.384907261675196,1.3249973554498653,0.41220168015378594,0.26737109163588
2.2632266092758684,1.6234457990300726,4.676234546148713,2.384907261675196,1.3249973554498653,0.407416911660572,0.27493404293560775
2.2626244824109616,1.6029391552640977,4.68809809921252,2.384907261675196,1.3249973554498653,0.4012535512868064,0.28444199891220245
2.2622551578940158,1.5828213573328984,4.700367006886963,2.381605155900915,1.2749984423229335,0.42323393435978607,0.24923787217020665
2.2621327727994487,1.56219609578684,4.711943156653625,2.381605155900915,1.2749984423229335,0.4184668507233865,0.2572010529471227
2.2622371319090284,1.5411070220608067,4.723054410560041,2.379403801095315,1.2249991541948646,0.43665311299391035,0.22557895073724277
2.2625830245963297,1.5198283114164859,4.733469038548809,2.379403801095315,1.2249991541948646,0.43251863102639293,0.23308504271528596
2.2631516353764276,1.4978726885022144,4.7435333508863575,2.377936281837642,1.1749996158444953,0.44785703847051384,0.20404900987052632
2.260122008103629,1.475909152306647,4.754914378855392,2.377936281837642,1.1749996158444953,0.4412695733472004,0.21693458934352106
2.2555513574592165,1.4539562597511786,4.7644434164569285,2.377936281837642,1.1749996158444953,0.43067503299662174,0.23636627031175972
2.2549987553895185,1.4323872428857722,4.774974913171854,2.3769579853573304,1.124999911492742,0.4463565932513894,0.20704618375041006
2.256489311610313,1.4103699175789384,4.784332186716097,2.3769579853573304,1.124999911492742,0.4423148284364301,0.21493542636010066
2.2585462471425526,1.3838072888597068,4.795511912195901,2.3763058341871,1.07500009797595,0.4567991164550112,0.1852957313426753
2.260097948939034,1.365978948549806,4.802494326455289,2.3763058341871,1.07500009797595,0.4542231993840313,0.19086803793063822
2.262241983705925,1.3432370412807355,4.81094374312681,2.3758711082014017,1.0250002135213085,0.46700823858485374,0.1615029359545601
2.2646003641554078,1.3203410220215623,4.8183992567395295,2.3758711082014017,1.0250002135213085,0.4643799129926204,0.16792563242012992
2.2671422545412394,1.2972116333844657,4.825515131185102,2.375581326118902,0.9750002836544589,0.47507802825082773,0.14008170668946507
2.269869442918983,1.27403504984723,4.832731586904,2.375581326118902,0.9750002836544589,0.4732231291726883,0.14526901414396565
2.2727787956598053,1.250659522770837,4.839539047409296,2.3753881665132845,0.9250003252274405,0.4822019719876708,0.11816891813707886
2.2758824294238558,1.2269434338069853,4.845159948093399,2.3753881665132845,0.9250003252274405,0.4807039606216904,0.12308726595758368
2.2791299921417423,1.2030793088393192,4.85046086889063,2.391926081975502,0.8750003491970363,0.4791455201812478,0.12801103666425528
2.282492984135036,1.1793103656037793,4.855893647649534,2.391926081975502,0.8750003491970363,0.4772834485663586,0.13366604832639317
2.2859755826843156,1.1556580228831415,4.861723800040441,2.4029513740887247,0.825000362554314,0.47964674097751064,0.126447546571423
2.28960298571978,1.1320152748556414,4.867392727984987,2.4029513740887247,0.825000362554314,0.47794741324314083,0.13167626861002946
2.2941348478060757,1.1036693233196981,4.874141051990408,2.4269682450203964,0.7750003696640515,0.47253657460191495,0.14714505843104875
2.297250560335746,1.0848952018859563,4.878771799411815,2.4269682450203964,0.7750003696640515,0.47065648383324815,0.15217067045673116
2.300442986334456,1.0661451585731303,4.883287623949134,2.4269682450203964,0.7750003696640515,0.4683874372452445,0.15803560300969877
2.3053392753791915,1.0383877284073009,4.891339976538149,2.442979496513112,0.7250003731865673,0.469446632111227,0.1553236922512682
2.311322054185826,1.0147688884593062,4.8977559942362605,2.442979496513112,0.7250003731865673,0.46786219206489527,0.15936438670434216
2.3206876688450535,0.9857248680174759,4.9050204232721075,2.470320331165007,0.6750003747020158,0.46387654255626226,0.1691298291545551
2.3255983233651882,0.9627505019750728,4.912614798598681,2.470320331165007,0.6750003747020158,0.4612229923918023,0.17535131340067966
2.3302740834811466,0.9401595434518768,4.92022307922244,2.4885475512879514,0.6250003751239106,0.46349072364477484,0.1700474653179731
2.334146611508343,0.9220886244184818,4.9262070321306375,2.4885475512879514,0.6250003751239106,0.4613063220359138,0.17515904003942184
2.3391430550943504,0.8995068338400429,4.933670769606251,2.4885475512879514,0.6250003751239106,0.4579792392919233,0.182691364619896
2.3442815450756047,0.8770812899361307,4.9412700780883485,2.500699026530665,0.5750003749658334,0.46582217086694094,0.16443014118431187
2.3496204236812908,0.854557376713343,4.948771516151382,2.500699026530665,0.5750003749658334,0.4630793957995251,0.17102075590948074
2.3551442276533496,0.8319538292082456,4.956044571581102,2.525466671487759,0.5250003745084246,0.4620170528152108,0.17351114825976244
2.360782465036957,0.8095986798823418,4.963507186981087,2.525466671487759,0.5250003745084246,0.4590438579973128,0.18031249279806993
2.366549478814214,0.7874402316236377,4.970879138408831,2.525466671487759,0.5250003745084246,0.4553802339797634,0.18838359418307737
2.37246673280624,0.7654139953699985,4.978936539844807,2.541978429922942,0.47500037390069294,0.4623311865338353,0.17277819036365627
2.379856213624384,0.7388684540022776,4.9882488522731325,2.541978429922942,0.47500037390069294,0.4585759607811178,0.1813615121284209
2.3862035504603085,0.7167821054263559,4.9960673009846595,2.5696529325346114,0.42500037321950623,0.45785030216959605,0.1829775543051626
2.3913789018928284,0.6992476776399563,5.002513254430931,2.5696529325346114,0.42500037321950623,0.4552927224365222,0.1885725392218407
2.399334193323078,0.6730618629556737,5.012263022088026,2.5696529325346114,0.42500037321950623,0.45056942871280936,0.1985290287925221
2.4047395359796475,0.6557714975939621,5.019022826989932,2.5881026000493534,0.375000372503392,0.45949106079547214,0.17930462550118298
2.411631962021831,0.634302176092163,5.026879134468771,2.5881026000493534,0.375000372503392,0.4562462159050552,0.18650450981276423
2.4201577613323533,0.6084482665803144,5.035675574304174,2.6170690472364404,0.32500037177111457,0.4560086987819419,0.18702160072759688
2.4260074292102445,0.5911748790435851,5.042224940133249,2.6170690472364404,0.32500037177111457,0.45335189667927495,0.1927198121618443
2.4343291357594357,0.5689181760486139,5.04863730355298,2.6170690472364404,0.32500037177111457,0.4490269913233104,0.2016845734996804
2.4431419871195565,0.5465548045299524,5.054486364745033,2.6363800169704774,0.2750003710315565,0.45820444774538993,0.18219050670917847
2.451254982940018,0.5248613390914443,5.061912959953306,2.6363800169704774,0.2750003710315565,0.4547399568289296,0.18976206837157483
2.459176814507847,0.5033902552642928,5.06993266474219,2.665920671687217,0.22500037028880554,0.45678752720937665,0.1853211418704337
2.4688320925621063,0.4779293918310543,5.079906478505231,2.665920671687217,0.22500037028880554,0.4528392308517738,0.19380191383167733
2.475390723463624,0.4610459043429387,5.0862342910482,2.665920671687217,0.22500037028880554,0.44949103781209554,0.20073988102524054
2.48370963292575,0.4400915179074545,5.0946488538408925,2.6856144524700984,0.17500036954469098,0.46041309927321394,0.17721005289176817
2.492280834364811,0.41903675224171977,5.102805885641483,2.6856144524700984,0.17500036954469098,0.45727416069830557,0.1842514078115931
2.501093740384018,0.3978552028422673,5.110743628503177,2.7154103204905327,0.12500036880000914,0.46074998968730413,0.1764390602061643
2.510072678390305,0.3767575630356177,5.118608323215755,2.7154103204905327,0.12500036880000914,0.4577398898827553,0.1832223020347279
2.519222434798797,0.355707401758929,5.1265223241898275,2.7154103204905327,0.12500036880000914,0.4540055336497929,0.19133215782473467
2.528464948118785,0.33490530241900274,5.134770834019048,2.775002087916851,-0.024997924004077632,0.48217704084889695,0.11825238546239047
2.5381466542702853,0.31356449112726636,5.139581239626727,2.775002087916851,-0.024997924004077632,0.48117272390047067,0.12156880023198835
2.5500706775228785,0.2874033761729855,5.140762751366551,2.775002087916851,-0.024997924004077632,0.4785969232710498,0.12970159972234097
2.56012883047703,0.26551697344261704,5.1466017349841335,2.775002087916851,-0.024997924004077632,0.47708241543327695,0.13426295331036142
2.5702248557686307,0.24393763364426668,5.152378368993041,2.775002087916851,-0.024997924004077632,0.47524375505818034,0.13960935439641986
2.5804091745110274,0.22245685557700412,5.158463290315882,2.775002087916851,-0.024997924004077632,0.47302126861479105,0.1458229754592122
2.590683129517979,0.20114171503298728,5.164803080257662,2.775002087916851,-0.024997924004077632,0.4703080862771066,0.15308488916645824
2.6010372740005714,0.1800090069663831,5.171460650096568,2.775002087916851,-0.024997924004077632,0.46695518947002274,0.16163491526565177
2.611468036836655,0.15908281717093686,5.178512521422198,2.775002087916851,-0.024997924004077632,0.4627610521850228,0.17177052699876372
2.6210688757763965,0.13674107264801982,5.187382609561118,2.775002087916851,-0.024997924004077632,0.45547219585275195,0.1881848552043872
2.6306508637204296,0.11460705432474327,5.196793009875556,2.775002087916851,-0.024997924004077632,0.44552371337257524,0.2086934004647667
2.6411189368303347,0.0941875490662909,5.204491238751864,2.775002087916851,-0.024997924004077632,0.4342234584733888,0.23001538909738284
2.6515045258085355,0.0750353312330514,5.214497614884063,2.775002087916851,-0.024997924004077632,0.42101405735606406,0.2529717090456176
2.661772499873285,0.056571364512747024,5.225359304318794,2.775002087916851,-0.024997924004077632,0.40334532432484693,0.2812431080242812
2.6718446167703878,0.03891407000242708,5.237444785972679,2.775002087916851,-0.024997924004077632,0.37956074339499923,0.3161612852610056
2.6815657730812354,0.022376667544548923,5.25099599646457,2.775002087916851,-0.024997924004077632,0.348082217242238,0.3586113697276241
