4.795114017377436,4.907068449594353,1.2464510696642135,4.775002117719174,4.825002148266554,3.7906276580465634e-09,-0.9666415977259658
4.795213991578519,4.907157691129286,1.2276527149581558,4.775002117719174,4.784092986440964,1.2089174332891387e-08,-0.9621554319590085
4.795193260697846,4.907343177656684,1.185115722265239,4.775002117719174,4.7357457059264645,3.383209723299179e-08,-0.9575332482881828
4.795270936259851,4.907481890456307,1.143149905539043,4.734092955893583,4.686046020473299,9.277254899352478e-09,-0.963242157573441
4.79534257385199,4.907632406860073,1.1010127263440848,4.685745675379084,4.636100489547889,3.891289758030925e-09,-0.9665477108284235
4.795418715659594,4.907775472493507,1.0587300941680002,4.636045989925918,4.586110319203322,2.5590715315457623e-09,-0.9680108647954436
4.795497719620066,4.907906390506698,-5.266744512321132,4.636045989925918,4.586110319203322,4.298452663630781e-09,-0.9661882469561487
4.795563279265957,4.908008480012789,-5.308695380715037,4.636045989925918,4.586110319203322,7.13941630561014e-09,-0.9642795999729071
4.795523102158898,4.907955465161713,-5.348916005032406,4.636045989925918,4.586110319203322,1.1545760796650537e-08,-0.9623470474462068
4.795547093726781,4.907998914895947,-5.388243474829754,4.636045989925918,4.586110319203322,1.8349363342717797e-08,-0.9603604661810705
4.795914487553571,4.908436578695602,-5.430279396722267,4.636045989925918,4.586110319203322,2.977562306247209e-08,-0.9581436480257438
4.796058717308102,4.908583941356696,-5.471811911503703,4.636045989925918,4.586110319203322,4.7816368671342565e-08,-0.9558232557422573
4.79610789813489,4.908634041315951,-5.513819677499227,4.636045989925918,4.586110319203322,7.6771655861506e-08,-0.9533413473585719
4.796246961930191,4.908764471255805,-5.555497387479421,4.636045989925918,4.586110319203322,1.2178411224217718e-07,-0.9507526252393301
4.796363312349251,4.9088623647002985,-5.5971206106572815,4.636045989925918,4.586110319203322,1.917829582570968e-07,-0.9480266634997587
4.796486113739023,4.908960017818582,-5.6386171241324075,4.636045989925918,4.586110319203322,2.9948813505198284e-07,-0.9451642179523305
4.796618583996451,4.909055041289224,-5.679992273098997,4.636045989925918,4.586110319203322,4.637722126500063e-07,-0.9421599241862761
4.796753005755299,4.909142387831127,-5.721247527342261,4.636045989925918,4.586110319203322,7.123315553225093e-07,-0.9390067654986264
4.79689116344449,4.909223523862132,-5.762374483395531,4.636045989925918,4.586110319203322,1.085155077161368e-06,-0.9356994418813687
4.797028767617517,4.90934347491415,-5.803377274407316,4.636045989925918,4.586110319203322,1.6408605581686041e-06,-0.9322255703586209
4.797122058568666,4.910580437643747,-5.844650953528373,4.636045989925918,4.586110319203322,2.50781247894228e-06,-0.928409527682173
4.797225939656238,4.911632599792989,-5.885707288946868,4.636045989925918,4.586110319203322,3.7875473021532283e-06,-0.9244333159301379
4.797372111957736,4.911689487155144,-5.926262357972335,4.636045989925918,4.586110319203322,5.5818770465450545e-06,-0.9204314280500382
4.7975201944088735,4.911740266266912,-5.966646816193106,4.636045989925918,4.586110319203322,8.159085679470396e-06,-0.9162463718931917
4.797669502411483,4.911784649196658,-6.006808356834324,4.636045989925918,4.586110319203322,1.182430266949207e-05,-0.9118775370480208
4.797821431075823,4.91182338086072,-6.046786203487309,4.636045989925918,4.586110319203322,1.699712594279473e-05,-0.9073150416586675
4.797971768053105,4.911855247495637,-6.086568485810299,4.636045989925918,4.586110319203322,2.423653218921641e-05,-0.9025530741890723
4.798116896894841,4.911860411146146,-6.1260779676149,4.636045989925918,4.586110319203322,3.42569924654395e-05,-0.8975974858902468
4.798243515759308,4.91188241347873,-6.165213635111704,4.636045989925918,4.586110319203322,4.799713466074459e-05,-0.8924458739196113
4.798380595083608,4.911895015700795,-6.204341369156795,4.636045989925918,4.586110319203322,6.681807993759903e-05,-0.8870569251490156
4.798535154525245,4.911902247022508,-6.243168131477367,4.636045989925918,4.586110319203322,9.219229692594663e-05,-0.8814669916267551
4.7986878881663255,4.911904942064263,-6.281822244219759,4.636045989925918,4.586110319203322,0.00012627362205004945,-0.8756456220823106
4.79883857124399,4.911901866116778,6.246209081929392,4.636045989925918,4.586110319203322,0.00017150862958018615,-0.8696096594880453
4.798991860678751,4.911892660446564,6.2081129409298175,4.636045989925918,4.586110319203322,0.00023114304498353145,-0.8633456969908131
4.799146467450219,4.9118776895899785,6.170286945300708,4.636045989925918,4.586110319203322,0.00030907906005699104,-0.8568535448619138
4.799272160827457,4.911682752520163,6.132870555983721,4.636045989925918,4.586110319203322,0.00040925255140649813,-0.8501812810922242
4.799058485853601,4.909581402254913,6.097169419402101,4.636045989925918,4.586110319203322,0.0005261874861107145,-0.8438472568486782
4.798877960756877,4.907574227260324,6.061680449979178,4.636045989925918,4.586110319203322,0.0006725075233258951,-0.8373086227163302
4.798977698530258,4.907550523454992,6.039571781419893,4.636045989925918,4.586110319203322,0.0007874784023488232,-0.8329046553988327
4.799216555075303,4.907483750271352,5.9883894838135365,4.636045989925918,4.586110319203322,0.001126244413876391,-0.8222986133655253
4.799399081839834,4.9074240453866524,5.952300275430108,4.636045989925918,4.586110319203322,0.0014400853071402885,-0.8144700640893625
4.799593787134376,4.907352368673091,5.91657000157937,4.636045989925918,4.586110319203322,0.0018271375105630156,-0.8064274894245513
4.79980178154816,4.90726676966918,5.8811829651389695,4.636045989925918,4.586110319203322,0.002300835581600696,-0.7981703115657681
4.800026312912799,4.9071646740398345,5.846149224615398,4.636045989925918,4.586110319203322,0.0028756961718362133,-0.7897060578849386
4.800270517911463,4.907043665366718,5.8114840939260874,4.636045989925918,4.586110319203322,0.0035673551188359592,-0.7810447683182553
4.800538589662804,4.906900041864593,5.777198577203282,4.636045989925918,4.586110319203322,0.004392419763564736,-0.7721979347960494
4.800835060210687,4.906728309577617,5.743293449755748,4.636045989925918,4.586110319203322,0.005368429051662651,-0.7631765617954743
4.801163792367706,4.906522534161755,5.709772924798644,4.636045989925918,4.586110319203322,0.006513362340773014,-0.7539935778340192
4.801503712513958,4.906268365814737,5.676560960141508,4.636045989925918,4.586110319203322,0.007851234866084304,-0.74462434550113
4.801871476203112,4.9060024554697375,5.643729399009271,4.636045989925918,4.586110319203322,0.009400459647579445,-0.7350945569287354
4.802239762753796,4.905720493542324,5.611168989282664,4.636045989925918,4.586110319203322,0.011192433152858509,-0.7253578664872409
4.8025807344937155,4.905442439057923,5.5783783699045,4.636045989925918,4.586110319203322,0.013295516709477647,-0.7152237194871398
4.803046501213637,4.905032085620159,5.546579601782785,4.636045989925918,4.586110319203322,0.015609601530222549,-0.7052724709584499
4.80374743468131,4.904374707223455,5.515927592324704,4.636045989925918,4.586110319203322,0.018068632420072613,-0.6957398315064052
4.804444019415721,4.903678967265803,5.485393859652151,4.636045989925918,4.586110319203322,0.02083224783733305,-0.6860125566080699
4.805500680904736,4.902865614152776,5.455258957367793,4.636045989925918,4.586110319203322,0.023774126894319507,-0.6765551680592576
4.809944898555184,4.901858734427049,5.42516599483064,4.636045989925918,4.586110319203322,0.025954313548314303,-0.6700302396073121
4.814142956633502,4.900750180367642,5.395397524433808,4.636045989925918,4.586110319203322,0.028327201354443127,-0.6633201197717136
4.815076787813867,4.899569359420943,5.366326912462426,4.636045989925918,4.586110319203322,0.0319239401186846,-0.6538038493345435
4.816074146243426,4.898222400506174,5.337623176036808,4.636045989925918,4.586110319203322,0.035760690178614135,-0.6443732934008303
4.817113850727655,4.896720605954812,5.309213700778938,4.636045989925918,4.586110319203322,0.039850095686401486,-0.6349927520668248
4.8182264400661365,4.89503435162484,5.281257626829954,4.636045989925918,4.586110319203322,0.04412936715456287,-0.6257901163922903
4.819427104054012,4.893102739345021,5.253794543672734,4.636045989925918,4.586110319203322,0.0485386147120521,-0.6168565731690768
4.820680924978777,4.890953562893594,5.226711716186684,4.636045989925918,4.586110319203322,0.053093812125028644,-0.6081213194793302
4.821961432370323,4.888617468337161,5.199941573016612,4.636045989925918,4.586110319203322,0.057807787514977484,-0.5995323503109753
4.823309544663872,4.885995514995193,5.1736216394701895,4.636045989925918,4.586110319203322,0.06255866021255116,-0.5912753165948066
4.82466597061604,4.883177136911379,5.147615857865211,4.636045989925918,4.586110319203322,0.06741274716536423,-0.5831979632920302
4.826066578372742,4.880062376420747,5.122036271715183,4.636045989925918,4.586110319203322,0.07224175651249072,-0.575477513323064
4.827474993813995,4.876703481101933,5.096862153922146,4.636045989925918,4.586110319203322,0.07705503415752568,-0.5680581723570421
4.828844825790614,4.873191447667309,5.0722041938628095,4.636045989925918,4.586110319203322,0.08185855038952788,-0.5608980704510069
4.830093439836238,4.869752186151296,5.049585413200051,4.636045989925918,4.586110319203322,0.0863108507302006,-0.5544569241713513
4.831257783977863,4.8663206135429,5.02801897329286,4.636045989925918,4.586110319203322,0.09061702418595219,-0.5483890755771952
4.832642916981127,4.861902091834794,5.003752590268869,4.636045989925918,4.586110319203322,0.0952027859954486,-0.5420866354577873
4.833962436668435,4.857279895864628,4.9800619059997855,4.636045989925918,4.586110319203322,0.09960599161523122,-0.5361765209714662
4.835235279466921,4.8524253883042645,4.956532980627687,4.636045989925918,4.586110319203322,0.10390209074198022,-0.5305326485961814
4.836441561608069,4.847318391802449,4.933279406997407,4.636045989925918,4.586110319203322,0.10801866699473588,-0.5252293182070584
4.83757300177531,4.841988986234678,4.910259015540878,4.636045989925918,4.586110319203322,0.11196306557157344,-0.5202369358653287
4.838619772538907,4.836438586622539,4.887459207387796,4.636045989925918,4.586110319203322,0.11571575878339047,-0.5155626668522857
4.839572164440243,4.83067914248785,4.8648673826137525,4.636045989925918,4.586110319203322,0.11926592225344877,-0.5112041159372864
4.840418918770855,4.8247228940560305,4.842457657020528,4.636045989925918,4.586110319203322,0.12261174576102567,-0.5071495737933913
4.841152771460645,4.818581326184548,4.820225409710421,4.636045989925918,4.586110319203322,0.12574002544920612,-0.50340275135433
4.841334715254699,4.811733885535535,4.7978698508778725,4.636045989925918,4.586110319203322,0.12871057446548773,-0.4998822864807716
4.83822311504386,4.800861388624966,4.773526976326505,4.586100459000509,4.536112073890557,0.12939525581528438,-0.4990758382182833
4.835639192674309,4.792116142119669,4.754113774685525,4.586100459000509,4.536112073890557,0.13273118280668525,-0.49517234935445964
4.835439382228867,4.783630991079943,4.727728094642512,4.586100459000509,4.536112073890557,0.13706954648926825,-0.490156922766399
4.835471783394105,4.776748467521282,4.706293814599757,4.586100459000509,4.536112073890557,0.14030021143178226,-0.4864643820220905
4.835312846507607,4.768414111855986,4.681006839683784,4.586100459000509,4.536112073890557,0.14390957907084587,-0.48237927714401596
4.835019583360395,4.761626627390738,4.661643079009608,4.586100459000509,4.536112073890557,0.14627260296452474,-0.4797267366083843
4.834583364754891,4.75445924943084,4.641180735092286,4.586100459000509,4.536112073890557,0.14871067681616384,-0.47700737312969965
4.833960739856157,4.746894266578962,4.620005331361121,4.586100459000509,4.536112073890557,0.15102415654722007,-0.474442748406643
4.83318742043488,4.739393327612914,4.599237592046501,4.586100459000509,4.536112073890557,0.1531236254271404,-0.4721281960125109
4.8322352578522185,4.731729093408934,4.578564009524086,4.586100459000509,4.536112073890557,0.15490660383894977,-0.4701718412995374
4.831114484254648,4.7240144727479345,4.557970176115208,4.586100459000509,4.536112073890557,0.15647219638946835,-0.468460847234365
4.82982140675526,4.716230922811758,4.537466886663445,4.586100459000509,4.536112073890557,0.15777208002709556,-0.467044981481329
4.828359259424168,4.7084196018040405,4.5170139500021165,4.536110288655942,4.486112380840578,0.17468871854086837,-0.44897388010726436
4.826602767701999,4.699976938600123,4.497204201532052,4.536110288655942,4.486112380840578,0.17678753608162745,-0.44677318990111636
4.824616992727395,4.691290857041774,4.477628645155644,4.536110288655942,4.486112380840578,0.17839334550382419,-0.445094955385015
4.822445059529762,4.682586342721388,4.458122756322588,4.536110288655942,4.486112380840578,0.17978050988887645,-0.44364897433063666
4.820086622449421,4.67385369822114,4.438678049433995,4.536110288655942,4.486112380840578,0.1809199069481004,-0.4424638069654725
4.817544407458369,4.665119984137291,4.419321050177963,4.536110288655942,4.486112380840578,0.18180663351251192,-0.44154301666371587
4.8148268143488755,4.656416149738999,4.4001696589332475,4.536110288655942,4.486112380840578,0.1823921561503506,-0.4409357374108591
4.812005929054461,4.647936973687743,4.381995589560259,4.536110288655942,4.486112380840578,0.18247010734590377,-0.4408549335395291
4.8091215757379455,4.639763273671191,4.364635851685173,4.536110288655942,4.486112380840578,0.18221719676198703,-0.441117136947102
4.805864972249493,4.631016675129399,4.34506814702772,4.536110288655942,4.486112380840578,0.1821602797496898,-0.44117616021146355
4.802470550825631,4.622475698329277,4.325861153755564,4.4861120433431765,4.436112432540656,0.2137128691010743,-0.4091642678701669
4.798522261541149,4.61303704726215,4.3070599603309825,4.4861120433431765,4.436112432540656,0.2146783794612186,-0.4082030583883768
4.794012637295793,4.6027784803150595,4.290633602909395,4.4861120433431765,4.436112432540656,0.21316002935441827,-0.409715039950031
4.789449706443572,4.592848107870349,4.273508959962365,4.4861120433431765,4.436112432540656,0.21199666256745725,-0.41087501362624357
4.784859753153518,4.583286262422507,4.255165683750379,4.4861120433431765,4.436112432540656,0.21153096816483583,-0.411339719536739
4.7800358915101855,4.573663878039443,4.237599558235143,4.4861120433431765,4.436112432540656,0.21016492969995215,-0.4127041042657753
4.774860097171743,4.563804725687694,4.221701863101325,4.4861120433431765,4.436112432540656,0.20716434986361937,-0.4157077995443189
4.769754855754836,4.5544201039352705,4.204288953560103,4.4861120433431765,4.436112432540656,0.2050802771691067,-0.4177997391212769
4.764782427495733,4.545713255358931,4.184930757458452,4.436112350293198,4.386112440407073,0.24848532383591834,-0.37496395143922334
4.759076384557901,4.536109726836631,4.168392000444059,4.436112350293198,4.386112440407073,0.24806084888979174,-0.3753777897530173
4.752653003648418,4.525713193113036,4.153964513233488,4.436112350293198,4.386112440407073,0.2451240455082202,-0.37824253570097033
4.745600890886043,4.515867125411787,4.140273786704712,4.436112350293198,4.386112440407073,0.24239170095145327,-0.3809105253074141
4.735620346358722,4.505517507310753,4.123849634964414,4.436112350293198,4.386112440407073,0.24168575689978156,-0.381600309028022
4.726888306808962,4.4954733973430985,4.107636258877035,4.436112350293198,4.386112440407073,0.23969996792117293,-0.38354175418557124
4.7199479378629885,4.485604924437585,4.090884414253443,4.436112350293198,4.386112440407073,0.2363142138657438,-0.3868560265070019
4.712923079022274,4.475967905053927,4.0739906764593705,4.386112401993276,4.3361124410131735,0.28627605869608125,-0.3381713985595697
4.704945415106372,4.465390627170607,4.058238075546116,4.386112401993276,4.3361124410131735,0.2842268660352786,-0.3401715912248948
4.696082733114435,4.454011894063825,4.043385263736949,4.386112401993276,4.3361124410131735,0.280059533662163,-0.34423505538346477
4.6872680939148985,4.4430332129483885,4.0283774840654765,4.386112401993276,4.3361124410131735,0.2756633218898429,-0.34851675350341993
4.678414397772544,4.432334006694548,4.013154123073482,4.386112401993276,4.3361124410131735,0.2709070864577399,-0.3531450953929516
4.6695283659477,4.421926810026811,3.9976819730272655,4.336112409859693,4.286112440469422,0.3218804568326278,-0.3030243413421684
4.660210042676206,4.411277371956487,3.989760025319876,4.336112409859693,4.286112440469422,0.3156206701604878,-0.3092766839086951
4.650474235933491,4.400344891268115,3.981900220745246,4.336112409859693,4.286112440469422,0.30826027011074375,-0.31658097964396104
4.639866702456491,4.388634984316996,3.9680936095543657,4.336112409859693,4.286112440469422,0.30266551183292684,-0.32210375048716
4.629446764291571,4.377509038796841,3.9540703151063123,4.336112409859693,4.286112440469422,0.2969384440158496,-0.32773494756519217
4.619256663000807,4.366907519421843,3.9387253714978563,4.286112410465793,4.236112439752718,0.34957730164629514,-0.274764360105052
4.608535376552802,4.356132838721909,3.9188432791401606,4.286112410465793,4.236112439752718,0.35082902644516956,-0.2734586464794412
4.596580625515392,4.344579158286532,3.9029047146796043,4.286112410465793,4.236112439752718,0.3482820973940398,-0.2761124124392248
4.5837392966044765,4.3324950270621185,3.891164671711881,4.286112410465793,4.236112439752718,0.34163107857225367,-0.28298896800859863
4.57110284183282,4.320860773296895,3.87886192493767,4.277021571747633,4.186112439011427,0.4137874594285991,-0.20225015362852494
4.557003345650249,4.30817978579618,3.872019620426543,4.277021571747633,4.186112439011427,0.4077749504157454,-0.20970259398433244
4.542849469982333,4.295531238733783,3.8695535060551207,4.275368851545428,4.136112438266839,0.46500013476311103,-0.12631288910857574
4.526830713944391,4.2812963330788145,3.867233705474492,4.275068536257302,4.086112437521836,0.4956417290259187,-0.0440792488218974
4.508507367836736,4.265089980855304,3.8642983914709492,4.275014066438123,4.036112436776785,0.4972064261140394,0.03527091009646166
4.4898049321927855,4.248642193875478,3.8630697038497526,4.275014066438123,4.036112436776785,0.49657433569590365,0.039066640069175484
4.471324823606353,4.232366011976369,3.864167197028585,4.275004236037686,3.9861124360317266,0.47023721134331714,0.11625367457376279
4.453548045560591,4.216637871533721,3.8682300226950344,4.23409331877981,3.936112435286669,0.46852446892676175,0.11962771214181189
4.436175969518144,4.2011229042446265,3.8732108814188617,4.23409331877981,3.936112435286669,0.465982762768799,0.12448153903442427
4.41882434056697,4.185457280654717,3.8784214916595405,4.23409331877981,3.936112435286669,0.4628998977492811,0.13014961805984981
4.40169422238301,4.169820802326695,3.883950255103535,4.185745730570233,3.886112434541611,0.469355418531999,0.11800173829330252
4.3845518492244455,4.154013705593464,3.8894275625827066,4.185745730570233,3.886112434541611,0.467077558388863,0.12241215852643861
4.367440607449301,4.138057928085183,3.8948059679043223,4.185745730570233,3.886112434541611,0.4641793167593045,0.1278246122516422
4.347188591095788,4.118953231372725,3.9014061533902846,4.136045992671931,3.836112433796553,0.4720087924407978,0.11266699157806093
4.332671680898884,4.105232628690524,3.9047792106884778,4.136045992671931,3.836112433796553,0.4697568869423977,0.11720881448312825
4.310308889784919,4.084362472881235,3.9099010475534377,4.136045992671931,3.836112433796553,0.46501519591137097,0.12628499920871028
4.289356640631076,4.064510214303287,3.9156363750555285,4.086100453135047,3.786112433051495,0.47315362548170886,0.1102924116174624
4.272668290886021,4.048109316609171,3.920978192513067,4.086100453135047,3.786112433051495,0.4710759614118677,0.11456838200162478
4.255924521008294,4.031478893169865,3.9259392237872834,4.0361102814393215,3.7361124323064367,0.47894537831553347,0.09746659592810625
4.239276879374792,4.0147753584611054,3.9313887977762314,4.0361102814393215,3.7361124323064367,0.477703821720559,0.10034457737853097
4.222431027689156,3.9977032714888514,3.9356114726222042,4.0361102814393215,3.7361124323064367,0.4756878667199308,0.1048601220015759
4.205787760543327,3.980712509708826,3.940012541456525,3.9861120359252493,3.6861124315613787,0.4829653541140487,0.087541668200809
4.189356331722731,3.963803866432113,3.9429067991352826,3.9861120359252493,3.6861124315613787,0.481403938147592,0.09151755953152985
4.172585078304647,3.946418771458754,3.9470578606786746,3.9861120359252493,3.6861124315613787,0.47976829367421614,0.09551426540123531
4.155997006688816,3.929059666726517,3.9511108740112006,3.9361123428469154,3.6361124308163206,0.4864062813657386,0.07810489439168733
4.139378172617821,3.9115495811165486,3.954943188445009,3.9361123428469154,3.6361124308163206,0.4854098724420332,0.08094582694260355
4.122692215879426,3.893839120126044,3.9583266168017945,3.9361123428469154,3.6361124308163206,0.4840184451660281,0.08476029187724166
4.1029653497816225,3.8727329927987357,3.963351516473024,3.8861123945432277,3.5861124300712626,0.48983595636277455,0.06745405020086004
4.086357779421207,3.854814544462106,3.966334557397088,3.8861123945432277,3.5861124300712626,0.4889696166579386,0.07029181601577061
4.073072337804432,3.840415995469664,3.968855425684178,3.8861123945432277,3.5861124300712626,0.48813478484638506,0.07292513516619836
4.056658462880835,3.8225222351375994,3.9713856859433,3.836112402409173,3.5361124293262045,0.49286016661012944,0.05647420633813627
4.040106029506059,3.804378941918511,3.9742315462918123,3.836112402409173,3.5361124293262045,0.49231140144317675,0.05861578184337479
4.023552264126616,3.786124739381946,3.9767403946787003,3.836112402409173,3.5361124293262045,0.4915483254873548,0.061472446093611355
4.003800560558935,3.764228033246572,3.9799874669132835,3.786112403015219,3.4861124285811464,0.4953591097970429,0.04549055334872176
3.990728875802737,3.7496531785281846,3.9825615072017944,3.786112403015219,3.4861124285811464,0.4951743753360202,0.04639015127587598
3.974479676823715,3.7314320707963082,3.9858237447882554,3.786112403015219,3.4861124285811464,0.49487958701875306,0.04779108873867077
3.9579914918277517,3.7128378126764536,3.987873358349846,3.7361124024714614,3.4361124278360884,0.4976361942846065,0.0324396774797151
3.9415701056040966,3.69426927187389,3.989408333747132,3.7361124024714614,3.4361124278360884,0.4974293596309601,0.03383163856561344
3.9252748365735277,3.6742672633215863,3.9906187446302175,3.7361124024714614,3.4361124278360884,0.4974537546731253,0.03367043676913761
3.909350151332122,3.6505630999173437,3.9915233274572124,3.686112401754757,3.3861124270910303,0.49960914771152165,0.013181802925835706
3.893201846057501,3.6285285158623077,3.991917315092971,3.686112401754757,3.3861124270910303,0.4998177209039865,0.009001295758057859
3.873431505138943,3.6059882155646044,3.992546732924821,3.6361124010134644,3.3361124263459723,0.4999978854084102,-0.000969443078701504
3.8603864457195254,3.591092291489571,3.9934887060131423,3.6361124010134644,3.3361124263459723,0.4999936733286708,-0.0016768620822413816
3.8439968401807665,3.5723636950599618,3.9935686086613402,3.6361124010134644,3.3361124263459723,0.4999921897435733,-0.0018631275203063735
3.824236390524116,3.549793374578864,3.993411709113283,3.5861124002688767,3.286112425600914,0.49975872843794755,-0.010356158392944459
3.807844322395037,3.5310780297807822,3.992563223696486,3.5861124002688767,3.286112425600914,0.4997494642926785,-0.01055314361423676
3.791349255775252,3.512274419119679,3.9921405098913594,3.5861124002688767,3.286112425600914,0.4997217762138613,-0.011121116577364143
3.7781577551389285,3.4972403912440466,3.9917506884328637,3.5361123995238746,3.236112424855856,0.49927940877301874,-0.017900427452657852
3.7616687612423645,3.478469973017563,3.991094360928812,3.5361123995238746,3.236112424855856,0.4992046943973043,-0.018806040561939685
3.745208508697071,3.459760318659674,3.9905371560937364,3.5361123995238746,3.236112424855856,0.49910486374513546,-0.0199521727728299
3.728912261045882,3.4412435656480342,3.99086990996555,3.4861123987788223,3.186112424110798,0.4984720340618491,-0.02607350102924455
3.712388873816531,3.4224845707618687,3.989620109612344,3.4861123987788223,3.186112424110798,0.49833720976417245,-0.027200814066146717
3.6959059623333097,3.403840659828983,3.988249995641804,3.4861123987788223,3.186112424110798,0.4981798925860464,-0.028460058295564084
3.6794123026775134,3.3852064776794153,3.9868962916738035,3.436112398033765,3.13611242336574,0.49768802604621976,-0.032081462392489324
3.662869216982486,3.366570085299119,3.9855701773315997,3.436112398033765,3.13611242336574,0.49745772857821546,-0.033644104680251474
3.649617866340604,3.3516888385798875,3.98437100430991,3.436112398033765,3.13611242336574,0.4972457159487654,-0.035021514056941316
3.6263813657356163,3.3256756577869133,3.9820811026934275,3.3861123972887075,3.086112422620682,0.49681105743081955,-0.03768952309462581
3.609636181960119,3.3070218126901336,3.9796629370661476,3.3861123972887075,3.086112422620682,0.49658308882580443,-0.03901657650261814
3.593000105426019,3.288571051531373,3.9781486335420446,3.3361123965436494,3.036112421875624,0.4964303961121945,-0.03988097736444518
3.5764013013321625,3.2702211590192887,3.976013617141571,3.3361123965436494,3.036112421875624,0.49616464973152746,-0.041342729751818075
3.559767194441859,3.2519190668012525,3.973829354224674,3.3361123965436494,3.036112421875624,0.4958319992949682,-0.04310341562198816
3.5430384949281724,3.2335739276518076,3.972005067352657,3.2861123957985914,2.986112421130566,0.49594904837584364,-0.042492111976191516
3.5273978703366993,3.2144244716398847,3.970301411738168,3.2861123957985914,2.986112421130566,0.4949941259620137,-0.047251624214221244
3.5134208792927675,3.194053410208581,3.9686852850221426,3.2861123957985914,2.986112421130566,0.4926308518669238,-0.05737863299971846
3.498244958202969,3.174703296198989,3.966411618905606,3.2361123950535333,2.936112420385508,0.49259022453981904,-0.057537416937521346
3.4814856263887304,3.1566174788269246,3.9638907634723974,3.2361123950535333,2.936112420385508,0.4919247464984404,-0.060079857975951056
3.4647077607977774,3.138607830102396,3.961320866977569,3.2361123950535333,2.936112420385508,0.4910932028631781,-0.06311613968418583
3.4478956214869667,3.1206552033670176,3.9586547414147937,3.1861123943084753,2.8861124196404497,0.4925746335219842,-0.05759823759197635
3.431033839759305,3.102741015171243,3.955960259525473,3.1861123943084753,2.8861124196404497,0.4919311337589279,-0.06005595592641699
3.4141100856454614,3.084848429499665,3.9533466997802487,3.1861123943084753,2.8861124196404497,0.4910895197649622,-0.06312927108897581
3.3971572068484823,3.0670166564203836,3.9506471913169796,3.136112393563417,2.8361124188953917,0.49285247033822593,-0.05650479068244585
3.380137297847388,3.049212037182306,3.948158254848745,3.136112393563417,2.8361124188953917,0.49219104249921225,-0.05907532557242523
3.363094074653934,3.0314712120879026,3.9457644777064393,3.086112392818359,2.7861124181503336,0.49376018706953584,-0.052777990474535685
3.345968803618793,3.0137389155254386,3.9434235385867185,3.086112392818359,2.7861124181503336,0.49324774120960824,-0.054912439874554186
3.3287577905120074,2.996002185067905,3.941156819744311,3.086112392818359,2.7861124181503336,0.4925866587212954,-0.057551332766643704
3.3080625148697704,2.9747755530256406,3.938430327934688,3.036112392073301,2.7361124174052756,0.4941761766756433,-0.050980837972380955
3.2942478916834723,2.960668278234845,3.936491825115194,3.036112392073301,2.7361124174052756,0.4938045555268975,-0.052589186335228244
3.2769167549539624,2.9430379306070034,3.9342064024425185,3.036112392073301,2.7361124174052756,0.49320079140005096,-0.05510393811778158
3.2595687852806625,2.925470369045456,3.931792637716631,2.986112391328243,2.6861124166602175,0.4949566171848423,-0.047428951989643586
3.2421840284611276,2.9079546754234507,3.929492041213262,2.986112391328243,2.6861124166602175,0.494553641651694,-0.04929442115535665
3.2247285462768236,2.8904457754994475,3.927535200133172,2.986112391328243,2.6861124166602175,0.4939856451786215,-0.051811574780901815
3.2037221590260696,2.8694814439765537,3.9248896432208347,2.936112390583185,2.6361124159151594,0.49564453103217976,-0.04406503314456911
3.1896809522812113,2.855529467041375,3.923175663729567,2.936112390583185,2.6361124159151594,0.4953616903225832,-0.045477862678321324
3.1720894472501833,2.8381111753055066,3.921054819582286,2.936112390583185,2.6361124159151594,0.4949153216180766,-0.047623429559187413
3.1579984908762606,2.82420946896149,3.9193132288361694,2.886112389838127,2.5861124151701014,0.49659164950859924,-0.03896755202662372
3.133233042768734,2.7998813774113547,3.9165879429365797,2.886112389838127,2.5861124151701014,0.4961910228444186,-0.04119995685292854
3.1165234213361286,2.7821903160175765,3.9141772817605927,2.886112389838127,2.5861124151701014,0.4954624331501269,-0.04497966167991296
3.1005139918721456,2.7643818329915515,3.9113433964339697,2.836112389093069,2.5361124144250433,0.4966976977750198,-0.038355099626547484
3.086701545937922,2.7504492581034725,3.9097472363672354,2.836112389093069,2.5361124144250433,0.49634430038984156,-0.0403602887375385
3.0580530495162224,2.722857873607511,3.907112968591185,2.786112388348011,2.4861124136799853,0.4975851602033724,-0.03278858155355757
3.0401222986419727,2.705659310819861,3.905462898915394,2.786112388348011,2.4861124136799853,0.4973936811775765,-0.034066037158092755
3.022136904938135,2.688454126480602,3.9039726659313296,2.786112388348011,2.4861124136799853,0.4971279936974903,-0.035763607439616596
3.0041392771001814,2.6712847802493584,3.9023746617391253,2.7361123876029527,2.436112412934927,0.498355763595542,-0.02704845454194127
2.986090262515937,2.6541196365452606,3.9011473852941805,2.7361123876029527,2.436112412934927,0.49820832955116856,-0.02823657279479419
2.9680346413241843,2.636987764782706,3.9000797434592696,2.7361123876029527,2.436112412934927,0.4980057511540446,-0.029792273272565173
2.9499386760016435,2.619866333719333,3.8988271789834203,2.6861123868578947,2.4270215740154595,0.4843648548975478,-0.08382615851298003
2.9321803616716036,2.6031289361710073,3.8956781723826497,2.6861123868578947,2.4270215740154595,0.48264346061847957,-0.08837520358957107
2.9145829788184567,2.586673251894098,3.89161162860248,2.6361123861128366,2.4253688537849,0.4518552684374792,-0.14888226121248516
2.897288207136789,2.570602910939691,3.888371939261285,2.5861123853677785,2.3841593766674185,0.45894366840267625,-0.1371168691413599
2.8806644135042188,2.555323122826559,3.881043467269324,2.5861123853677785,2.3841593766674185,0.45661080579714364,-0.14108288140428338
2.8636401629630335,2.539902180966239,3.8749785835779864,2.5861123853677785,2.3841593766674185,0.4530668732599507,-0.1469290522083848
2.8465409330365485,2.5245868260907702,3.8676598999379475,2.5361123846227205,2.335757626333271,0.4687697931358009,-0.11914976769173502
2.8290648349282055,2.5091692994006554,3.862138208906202,2.5361123846227205,2.335757626333271,0.46654942306795205,-0.12341434316450162
2.8114069986635144,2.493746836757323,3.8567724477610104,2.5361123846227205,2.335757626333271,0.46368112473179063,-0.12873439739680625
2.7938193993107454,2.478564987913222,3.8511934851213043,2.4861123838776624,2.2860481104796113,0.4778452626683202,-0.10002062797749578
2.775767508161815,2.463146806100461,3.8464930201199747,2.4861123838776624,2.2860481104796113,0.4762075870877572,-0.1037135341984009
2.7573488414710994,2.447537088331101,3.84297752964257,2.4861123838776624,2.2860481104796113,0.4736998587482683,-0.10914268377741787
2.739010704408301,2.432093854017232,3.839183144242078,2.4361123831326044,2.2361008241219102,0.48502934221553046,-0.08200586855089764
2.7206446475947974,2.416770239150429,3.8354582916514213,2.4361123831326044,2.2361008241219102,0.483849532882882,-0.08521223814754231
2.7020212595571085,2.401390042526158,3.8330835661101244,2.4361123831326044,2.2361008241219102,0.4820146461430254,-0.0899823366386876
2.676910918997782,2.3817638248950654,3.8291389446127795,2.4270215442131367,2.1861103460822653,0.4994582391220742,-0.01552013098630367
2.6593517482750126,2.3682323220886765,3.828408918474254,2.425368823982577,2.136112048324363,0.49113310903960106,0.06297369049682411
2.64025621505915,2.352554769331846,3.830591020736371,2.425368823982577,2.136112048324363,0.4900982245044236,0.06657184169218877
2.621389070136562,2.3369750330477004,3.8333529887601765,2.4250685086906865,2.0861123466629112,0.4558448347674205,0.14236403454532098
2.6032028339369813,2.3218333973974215,3.8410652430745302,2.4250140388710375,2.036112397011829,0.41067185610617174,0.20613590599362364
2.5879074379785276,2.3088312654539003,3.849859170248188,2.4250140388710375,2.036112397011829,0.40525786656841156,0.21276737392473022
2.571374563196777,2.294538463738352,3.8599188470736254,2.425004208470544,1.9861124046769387,0.357608455492532,0.26633429681995957
2.5570204784867485,2.2818731512578676,3.869419461642741,2.425004208470544,1.9861124046769387,0.3495002138884539,0.27484467846815064
2.5435060121996695,2.2697385111596873,3.8786739806495225,2.425004208470544,1.9861124046769387,0.340701749198528,0.28394400851428503
2.5315226954978005,2.258703437364119,3.8923739983396595,2.425002453038253,1.9361124052546856,0.30260714654391996,0.3221612457792091
2.5195846242910687,2.2474121475207944,3.905873617098753,2.425002453038253,1.9361124052546856,0.29626198310524915,0.32839877189974054
2.509039569312918,2.2371666899675375,3.9201535783807335,2.425002453038253,1.9361124052546856,0.2911279078701139,0.3334289935057577
2.4987199933055013,2.226841954644179,3.9348439855092296,2.425002145343173,1.8861124047071682,0.2643679200144813,0.3595050223974148
2.489034054619866,2.216852235635587,3.9523030969316113,2.425002145343173,1.8861124047071682,0.26176002212253974,0.36204130172223725
2.479730219995025,2.2068754154483887,3.970728694294673,2.425002145343173,1.8861124047071682,0.2594874099945529,0.36425180682786595
2.471076590668856,2.1972749389059008,3.98647860842373,2.425002145343173,1.8861124047071682,0.2557863330031228,0.3678528943552184
2.4626853317326862,2.1876706212242265,4.002583285409099,2.425002145343173,1.8861124047071682,0.25189552676687044,0.37164097439710875
2.4545650661154657,2.178054803495037,4.0187918754911225,2.4250020928980374,1.836112403989994,0.2390915589861271,0.3841369216945001
2.4469491477429237,2.1687391516326002,4.035484114871675,2.4250020928980374,1.836112403989994,0.23696651337266816,0.3862170689335991
2.4396423056436944,2.159486373382096,4.052375935450088,2.4250020928980374,1.836112403989994,0.23479722458465038,0.3883428299195635
2.4325378680445766,2.1501707487246033,4.069346583229006,2.4250020928980374,1.836112403989994,0.2323295661066574,0.3907640415194944
2.4256724011371578,2.1408450501326133,4.086440116857203,2.4250020928980374,1.836112403989994,0.22963290117666937,0.39341399785898834
2.4190071379994578,2.1314589323456783,4.103585335171702,2.425002084286564,1.7861124032486462,0.2282525287000618,0.3947722118614194
2.412588363822975,2.1220826996802344,4.120883073366836,2.425002084286564,1.7861124032486462,0.22695222566484852,0.3960527850110809
2.406373701921913,2.11265863853928,4.138200224825584,2.425002084286564,1.7861124032486462,0.22539347610174248,0.3975894047902755
2.400349202721685,2.103165718201307,4.155593502840921,2.425002084286564,1.7861124032486462,0.22356283975499297,0.39939626278141915
2.3945431435148485,2.093652810399778,4.172985275043836,2.425002084286564,1.7861124032486462,0.22145250975758532,0.401482293166451
2.388955655601551,2.0841320388829505,4.190304807193098,2.425002084286564,1.7861124032486462,0.21900996968126948,0.40390110075487606
2.3856936427225577,2.078404256811803,4.200757013970806,2.425002082935404,1.7361124025040524,0.22836177146028894,0.39466467779695735
2.3783231652636694,2.06488031561128,4.225317363665577,2.425002082935404,1.7361124025040524,0.22713918649989603,0.39586859107539896
2.373120899704702,2.054844473294539,4.242662029386776,2.425002082935404,1.7361124025040524,0.22544368481810578,0.3975398823556102
2.3680347150254644,2.044886773011573,4.259772291115708,2.425002082935404,1.7361124025040524,0.22318590009964856,0.39976861298479194
2.361557816174969,2.0388675509319008,4.274771402368578,2.425002082935404,1.7361124025040524,0.21803593801406487,0.4048670435375039
2.3555945351897467,2.032433591145651,4.290308989453652,2.425002082935404,1.7361124025040524,0.21357226621806852,0.409304317392706
2.3512951128340998,2.022631159964005,4.3081610520462,2.425002082734098,1.686112401759049,0.23187030969075148,0.3912150351621375
2.346947617438895,2.0122170474724363,4.325416432020989,2.425002082734098,1.686112401759049,0.23068941991530303,0.3923752530780604
2.3426432576680405,2.0014060655694816,4.342895461812713,2.425002082734098,1.686112401759049,0.2289181130192669,0.394117158765533
2.3386233618711696,1.9907606023601296,4.359999737134566,2.425002082734098,1.686112401759049,0.22681768471702307,0.39618534956531914
2.3341087508983662,1.9780912828452255,4.3803845693611665,2.425002082734098,1.686112401759049,0.223902743778493,0.3990605882493361
2.331236426176366,1.9695604474010189,4.394586399890657,2.4250020827057432,1.6361124010139978,0.24810705854719198,0.3753327354696687
2.3275826548357816,1.9581057972712301,4.411074806940157,2.4250020827057432,1.6361124010139978,0.24623761626728907,0.3771559585806623
2.323323009038118,1.9439144818525023,4.430819876655414,2.4250020827057432,1.6361124010139978,0.24301262765377193,0.3803039763562295
2.320055719873846,1.9322590390017211,4.447434744540044,2.4250020827057432,1.6361124010139978,0.24015881676920925,0.38309300093065524
2.317014949054819,1.9206675227158883,4.464171896392306,2.4250020827057432,1.6361124010139978,0.23702266060779043,0.38616208002670094
2.3142055969959934,1.9091797292660608,4.481048920087842,2.4250020827019774,1.58611240026894,0.2660129147825355,0.3579052622285741
2.3114241943469107,1.8969113698228703,4.497264426200326,2.4250020827019774,1.58611240026894,0.26376504171293114,0.36009132620249384
2.3086825507868056,1.8838823484035672,4.512976660289826,2.4250020827019774,1.58611240026894,0.2599923030206464,0.363760675997038
2.306208010812428,1.8711311126153785,4.528827499474375,2.4250020827019774,1.58611240026894,0.25605025824143074,0.3675960369834568
2.30398059205846,1.8585817826825792,4.544807269402555,2.4250020827015066,1.536112399523882,0.2871394165845812,0.3373282220319369
2.3018661490736996,1.8455748060938273,4.5573448832823145,2.4250020827015066,1.536112399523882,0.2828307969930112,0.3415334542997748
2.2997745165163543,1.8316062973517155,4.569890596169487,2.4250020827015066,1.536112399523882,0.2770400398255545,0.34717635374394296
2.297824442786858,1.817425770671461,4.583412149414139,2.4250020827015066,1.536112399523882,0.27089814759924297,0.3531537911159759
2.296100934986457,1.803473524847762,4.59679752685997,2.4250020827014525,1.4861123987788238,0.30241521223228524,0.3223503027067087
2.2946026069850145,1.7895376023050549,4.614006561464943,2.4250020827014525,1.4861123987788238,0.30067161959844685,0.3240666263552674
2.2932478940073953,1.7744542974868445,4.627745627752457,2.4250020827014525,1.4861123987788238,0.2952298192369802,0.3294111619574589
2.2920867926384663,1.759743338407711,4.642183107075759,2.4250020827014525,1.4861123987788238,0.28969658979979684,0.334829067679302
2.291178050831663,1.7452939994498315,4.656795390423616,2.4250020827014445,1.4361123980337658,0.32501367092867917,0.2998791396077638
2.2904100453321234,1.7295402866874934,4.670234395357476,2.4250020827014445,1.4361123980337658,0.32010295889874985,0.3048038318742867
2.2898269142975796,1.713329086318117,4.6841314039701025,2.4250020827014445,1.4361123980337658,0.3142092393675181,0.3106810906822479
2.2894816492335526,1.6975811263665008,4.697898469147761,2.3840929208758537,1.3861123972887077,0.41288182693487935,0.20338515282745862
2.289315566687339,1.6803618292344158,4.7056068008597345,2.3840929208758537,1.3861123972887077,0.40824465575028407,0.20912721216363717
2.289257862752864,1.6606252330106503,4.711472059140779,2.376654802186946,1.3361123965436497,0.4349469796650558,0.17420005764832247
2.2893244041146303,1.6391477388452493,4.719390663707172,2.376654802186946,1.3361123965436497,0.43048597425040874,0.1803916401446275
2.289147613357798,1.617223655629532,4.726803788773947,2.3753023972482783,1.2861123957985916,0.4455342389596449,0.15873918955366761
2.2878423046270644,1.5941159133141767,4.734099394092338,2.3753023972482783,1.2861123957985916,0.4390415046650245,0.16835827473055365
2.2871642761415245,1.5713280364937585,4.7412821489351025,2.375056551776035,1.2361123950535335,0.4508196785959044,0.15053451442336208
2.2878842803510366,1.548967386249645,4.747966928233826,2.375056551776035,1.2361123950535335,0.4472246035066275,0.15615473167952532
2.2887622604801763,1.5264065263262303,4.755524182933392,2.375056551776035,1.2361123950535335,0.4430853621923748,0.1624223694989022
2.2898165009697387,1.5040567345534992,4.763424647709768,2.3750119123568796,1.1861123943084755,0.4574919394088997,0.1395964705053414
2.2910424935624913,1.481482376481999,4.769408688842634,2.3750119123568796,1.1861123943084755,0.4538853221963586,0.14559693505690108
2.29241173460869,1.4587261049252156,4.775655498010024,2.3750038373886775,1.1361123935634174,0.46610020454796014,0.12426103794934096
2.2939405507541597,1.4357818870029817,4.781537462388553,2.3750038373886775,1.1361123935634174,0.4633713129863692,0.12929728424902853
2.2956130432759405,1.4125614462607796,4.78692181049348,2.375002389651466,1.0861123928183594,0.47380626443765156,0.10891741518929776
2.2974197851097298,1.3892863614422453,4.7927647634649535,2.375002389651466,1.0861123928183594,0.4718714308862922,0.11294881796895662
2.299369208514779,1.3658520316329792,4.797991601275659,2.3750021344015217,1.0361123920733013,0.48081446891129725,0.09297662281570318
2.301445902080575,1.342142936330898,4.80159903481821,2.3750021344015217,1.0361123920733013,0.47894372992087436,0.0974704697751878
2.303614257430004,1.3183686886712902,4.805482399750643,2.3750020905678606,0.9861123913282432,0.4861423266816699,0.07886703616908863
2.3059133410604797,1.2942583522493152,4.809076892726155,2.3750020905678606,0.9861123913282432,0.48488867813027015,0.0823944102651184
2.308299590877322,1.2701057619438174,4.8126518979925885,2.375002083307546,0.9361123905831852,0.4907064239892392,0.06448089553459013
2.31079005326165,1.24576920133247,4.8156298284761885,2.375002083307546,0.9361123905831852,0.48985748911983107,0.06738204182311636
2.313355749423849,1.2213647628356679,4.818506905973689,2.3750020821576925,0.8861123898381271,0.49429757475547564,0.050444514843247745
2.315989779152149,1.1969694690902397,4.821381521744381,2.3750020821576925,0.8861123898381271,0.4938581131697114,0.05236038793492659
2.318696613248873,1.172536514449238,4.82415506078535,2.4159112438103323,0.8361123890930691,0.4720680969090928,0.11254511566699743
2.321527170788343,1.1490245809707034,4.829621477180838,2.4159112438103323,0.8361123890930691,0.47005653669630404,0.11661378875431416
2.324812902906043,1.1273274704572493,4.836120202567823,2.4159112438103323,0.8361123890930691,0.46881394728675446,0.11906356094154646
2.3281711606573534,1.1051606678640375,4.842718849439403,2.4233493624746507,0.786112388348011,0.4751706084702988,0.10598982593831852
2.331309859351599,1.0816892872375412,4.847471640142351,2.4233493624746507,0.786112388348011,0.47294081148884887,0.11073736847897142
2.3345554603527834,1.0582317218532165,4.852274654037096,2.4656109292356145,0.7361123876029529,0.4427780701419694,0.16287966473418214
2.3377980636086892,1.0356135241697135,4.858297416090883,2.4656109292356145,0.7361123876029529,0.4379267000121517,0.1699648344050737
2.3410355365237354,1.0141949710427411,4.866168222200558,2.4656109292356145,0.7361123876029529,0.43337767715471615,0.176397757971281
2.344397095833118,0.9930988913577483,4.874988361914892,2.4732948933963494,0.6861123868578949,0.44774608307254243,0.1553501569612139
2.348004594895327,0.9715646973941041,4.881514716906209,2.4732948933963494,0.6861123868578949,0.44366614331596144,0.1615551634901573
2.3518430270478987,0.9495363728155688,4.888684297046363,2.515601099579715,0.6361123861128368,0.41502744548674514,0.2006885891231387
2.355619204138497,0.928853111161116,4.897081006757756,2.515601099579715,0.6361123861128368,0.409763844745495,0.20725853008457196
2.359487016751002,0.908635523805648,4.905958818139375,2.515601099579715,0.6361123861128368,0.4039189508988734,0.21438519387271615
2.363483957128029,0.8887178531851827,4.91523559393259,2.5232931387090614,0.5861123853677788,0.4259787840854245,0.186482602009572
2.3677588335504343,0.8684068398659299,4.923889786444238,2.5232931387090614,0.5861123853677788,0.4215689490918699,0.19229758096669025
2.3723002225223766,0.8476564843836112,4.932420668809023,2.5232931387090614,0.5861123853677788,0.41585461271256874,0.19964196547019064
2.376953667624818,0.8272517150737944,4.941270048088806,2.5246916308040963,0.5361123846227207,0.44529122028338874,0.15910786112814934
2.3818556424421153,0.806622159639165,4.950493437746525,2.5246916308040963,0.5361123846227207,0.4422549195949491,0.1636557623344479
2.3870145090298234,0.7859201236480295,4.961947518590028,2.565854968320075,0.4861123838776627,0.4234260171095064,0.18986527900046224
2.3935136151615968,0.7609584718897935,4.971134119528599,2.565854968320075,0.4861123838776627,0.4169702999175988,0.19822387605802239
2.3978274654028926,0.7448200089310166,4.9780842399779415,2.565854968320075,0.4861123838776627,0.4124071719057013,0.20397820016893298
2.4034109350653985,0.723917614669233,4.9867383217419405,2.573339217999012,0.43611238313260464,0.437223184483883,0.17097238325352238
2.4094770135096635,0.6999759813328943,4.994158455668156,2.573339217999012,0.43611238313260464,0.43030922366069285,0.1806335028345738
2.415729744033147,0.6766624180888883,5.0017313843650335,2.615609122241731,0.3861123823875466,0.41090812076124145,0.20584308479974012
2.4218154497168545,0.6565032257610888,5.010900140086688,2.615609122241731,0.3861123823875466,0.40565476500933406,0.21228616243953313
2.428020666097984,0.6367402367009127,5.021707289453897,2.615609122241731,0.3861123823875466,0.40043693252588347,0.2185539364003739
2.4342344210158853,0.6176224182235028,5.030691544961264,2.6232945791236086,0.3361123816424885,0.4307112110596178,0.18008306096226256
2.44063522674149,0.5985318192749602,5.042227691608269,2.6232945791236086,0.3361123816424885,0.4282795686362372,0.18339295963160507
2.4473437121970463,0.5793591706694095,5.054865566730971,2.6232945791236086,0.3361123816424885,0.4256366483963973,0.18693867951932286
2.454615135303296,0.5592535593150565,5.0626762645720715,2.6656010479902332,0.28611238089743046,0.4138858222024654,0.20212660143322814
2.4632728733516487,0.5358918930861183,5.073289657142585,2.6656010479902332,0.28611238089743046,0.40744449086032497,0.21010673815362702
2.4690949202019397,0.5206350433152505,5.080567103513002,2.6656010479902332,0.28611238089743046,0.40254198315124673,0.21604028022431598
2.476463280754908,0.5017771070288912,5.090100257010613,2.6732931321276894,0.23611238015237238,0.43679895057945156,0.1715776461253764
2.4841991228510327,0.4824570464588973,5.095526032762108,2.6732931321276894,0.23611238015237238,0.4314484092395742,0.17907016808927056
2.4923850175022846,0.46233745910686785,5.103288062495151,2.7156007934848767,0.1861123794073143,0.4232005273699581,0.19016186935674284
2.500589533999962,0.4426914020783599,5.111254868450899,2.7156007934848767,0.1861123794073143,0.4183278466501291,0.19648823288576156
2.5088110584105454,0.4234076562193163,5.119771003609133,2.7156007934848767,0.1861123794073143,0.4128619119018872,0.20341006025996844
2.5171504749943576,0.4043124743843869,5.128135243402899,2.72329308903903,0.13611237866225623,0.4457810121634442,0.15836408977230398
2.527663474990348,0.3808148015108408,5.138372883327093,2.72329308903903,0.13611237866225623,0.4419407962459333,0.16412031330748822
2.535110518910237,0.3645336576862501,5.143682180485734,2.765600786969614,0.08611237791719818,0.4366803594391341,0.1717465350755829
2.546176451615267,0.34072970203394526,5.152687577624791,2.765600786969614,0.08611237791719818,0.4317001606450756,0.1787232344239975
2.555432610514604,0.3212668950676765,5.160227749082968,2.765600786969614,0.08611237791719818,0.42671340158562304,0.18550042608295714
2.56478281594873,0.30200932158161464,5.168429947856482,2.775002087916851,0.025002076740980428,0.4640586641636759,0.12804547467036276
2.5748557141676987,0.28165821261415225,5.17463174678661,2.775002087916851,0.025002076740980428,0.46153102596138884,0.1325969332572503
2.5831816798267884,0.26505997094320577,5.179153347127923,2.775002087916851,0.025002076740980428,0.45878262096638905,0.13739387520538027
2.591510692438092,0.24862132886045174,5.18383251033103,2.775002087916851,0.025002076740980428,0.45557082407591104,0.14281991652920234
2.605688795258297,0.22206326328354997,5.190085459661714,2.775002087916851,0.025002076740980428,0.4489261484287206,0.15351637955191122
2.615966900326166,0.20271829148137854,5.195443168079778,2.775002087916851,0.025002076740980428,0.4425983355848726,0.16314664540426627
2.626309165893243,0.18316664778483194,5.2029288014839015,2.775002087916851,0.025002076740980428,0.43494277820030836,0.1742059709877597
2.636698982878025,0.16389438005773904,5.210837660841301,2.775002087916851,0.025002076740980428,0.42511459681724656,0.18763295186641504
2.6469660376531703,0.14520935485733233,5.218826428389549,2.775002087916851,0.025002076740980428,0.4123216719024699,0.2040848943823046
2.6570918042288607,0.12713602934884527,5.227619090073967,2.775002087916851,0.025002076740980428,0.39584916136784026,0.2239661581260357
2.6670833200735977,0.10967989824326096,5.237053943799115,2.775002087916851,0.025002076740980428,0.37411153970942845,0.2485650531140129
2.6766316826866827,0.09337917498588233,5.247736228669546,2.775002087916851,0.025002076740980428,0.3466116847779972,0.27784656168624666
2.685683169058363,0.07831021030718155,5.2596496533404515,2.775002087916851,0.025002076740980428,0.31208727860658153,0.31278905562129977
