2.759169296601293,-0.06723903139995357,5.669694723513452,2.725002087171793,-0.024997924004077632,4.232641920373239e-05,0.9570522584179086
2.7575793811234384,-0.0661006044648289,5.67948760741358,2.725002087171793,0.015911237821513227,0.00029170117854662107,0.9356260138775516
2.7546099514782814,-0.06411368348044633,5.706801601931012,2.725002087171793,0.0642585183360117,0.0007980239575215628,0.9190025036979346
2.7517115310542533,-0.062278474666117134,5.733191497193758,2.725002087171793,0.11395820378917833,0.0013762356091481527,0.9076698071070475
2.74990058992376,-0.06119276756866299,5.764587899965353,2.725002087171793,0.16390373471458777,0.0019845646729408388,0.8988831716632555
2.749542791267853,-0.061004651913929564,5.802598874612963,2.725002087171793,0.2138939050591528,0.002661079354254383,0.8910389777349801
2.7496232086443992,-0.0610477934766287,5.8417079764223745,2.725002087171793,0.2638921503719193,0.0034298572701970996,0.883595579510783
2.7512800185609976,-0.06212212201143252,5.880227610121701,2.725002087171793,0.2638921503719193,0.0040233988274687845,0.8785681206971541
2.752842131571743,-0.06313448507132158,5.918443149798748,2.725002087171793,0.2638921503719193,0.004707461208267132,0.8733377258732964
2.752921554708861,-0.06315972176393991,5.956694695736544,2.725002087171793,0.2638921503719193,0.005601683328969271,0.867189137553964
2.7530459036847468,-0.06319713126778836,5.994677212143149,2.725002087171793,0.2638921503719193,0.006631920519140483,0.860833709443005
2.753239794824271,-0.06324973787863009,6.032309232952496,2.725002087171793,0.2638921503719193,0.007807285663836618,0.8542983349036861
2.7535311606172286,-0.06331844061703684,6.069490777579298,2.725002087171793,0.2638921503719193,0.009133140076814816,0.8476204686648194
2.7539995374281823,-0.06341200307992167,6.105920395032778,2.725002087171793,0.2638921503719193,0.010594874424734535,0.8409132083380835
2.754535490402235,-0.06349880922985207,6.1421407775150065,2.725002087171793,0.2638921503719193,0.012235211587677602,0.8340214253912697
2.754896801988984,-0.06354600171056113,6.179065221095026,2.725002087171793,0.2638921503719193,0.014160630673848824,0.8266010383100415
2.755435460846842,-0.06359607476271201,6.2152805299821345,2.725002087171793,0.2638921503719193,0.016260724125121206,0.8191548545043335
2.756081408283393,-0.0636299599175203,6.2512651995312565,2.725002087171793,0.2638921503719193,0.01858092296936308,0.8115491768132046
2.756828648206474,-0.063643505779714,-6.279582919509224,2.725002087171793,0.2638921503719193,0.021113842241693066,0.8038406679018462
2.757685080147148,-0.06362617468404608,-6.244327980983431,2.725002087171793,0.2638921503719193,0.023877447972425855,0.7960003916062428
2.758644550799975,-0.06357165173925061,-6.209737124656576,2.725002087171793,0.2638921503719193,0.02684012543871049,0.7881327307811938
2.759582727936106,-0.06347959490188693,-6.176190276836041,2.725002087171793,0.2638921503719193,0.02999455378618965,0.7802573627340588
2.7603625199764554,-0.0633892761738366,-6.14406618411709,2.725002087171793,0.2638921503719193,0.03333681493769647,0.7723805048023678
2.761604436008497,-0.06319512180642661,-6.110935162839042,2.725002087171793,0.2638921503719193,0.03692268734017868,0.7643760526072618
2.7636362809130866,-0.06279799678187992,-6.07085945652393,2.725002087171793,0.2638921503719193,0.04143760733295343,0.7548448096701861
2.7653039205359082,-0.062430844869989954,-6.040490083563211,2.725002087171793,0.2638921503719193,0.04508258597280109,0.7475247326436043
2.7672634968115855,-0.061890306741393175,-6.00943860136976,2.725002087171793,0.2638921503719193,0.048933683802191374,0.7401003989933972
2.7694539722626743,-0.06123382678128131,-5.976987569615245,2.725002087171793,0.2638921503719193,0.05314785696578711,0.7322920828178903
2.77181797753175,-0.06044289205801512,-5.944870080299058,2.725002087171793,0.2638921503719193,0.057470290679502475,0.7245812598162806
2.774358160792252,-0.059501986223944314,-5.91308915847766,2.725002087171793,0.2638921503719193,0.06187461353024155,0.7169952168062832
2.777025379943357,-0.058415323358259386,-5.881568133092802,2.725002087171793,0.2638921503719193,0.06638131075131198,0.709481248801471
2.7799092394101876,-0.05713552352174567,-5.850448800823743,2.725002087171793,0.2638921503719193,0.07087800449482932,0.7022051613036979
2.782954806560925,-0.05566934873320939,-5.819638830547113,2.725002087171793,0.2638921503719193,0.07538753419121332,0.6951055037566769
2.7861525107017826,-0.05400730168699042,-5.789131682812556,2.725002087171793,0.2638921503719193,0.07988845083789257,0.6881954789927534
2.7894992777518492,-0.05213840279100168,-5.758928444231794,2.725002087171793,0.2638921503719193,0.08435234392437203,0.6814985010792376
2.792981424517359,-0.05005548289144812,-5.729027804640564,2.725002087171793,0.2638921503719193,0.08875886728570175,0.6750254968212905
2.796583350452771,-0.04775193329620464,-5.699425013189765,2.725002087171793,0.2638921503719193,0.0930905421497664,0.6687837567317303
2.8002823937399377,-0.04522888748105913,-5.67016835487687,2.725002087171793,0.2638921503719193,0.09732377411820706,0.6627899503594219
2.8040181255623757,-0.04251721146200005,-5.6415070348811005,2.725002087171793,0.2638921503719193,0.10141834777503099,0.6570839856585322
2.8075630089894688,-0.039775668737874526,-5.614583410111377,2.725002087171793,0.2638921503719193,0.10525763505341168,0.6518091755850663
2.8112888519681984,-0.03674645063351534,-5.5871499264740425,2.725002087171793,0.2638921503719193,0.10906697506354918,0.6466423368128817
2.8153835829104406,-0.03322646158268938,-5.558576780918799,2.725002087171793,0.2638921503719193,0.11278385029791838,0.6416605918568021
2.819425744326713,-0.029536824694563535,-5.530456687407146,2.725002087171793,0.2638921503719193,0.11637883090359374,0.636894521027463
2.8235108273276364,-0.025598340021961263,-5.502565412945158,2.725002087171793,0.2638921503719193,0.11978425999905014,0.6324241343019221
2.8276071937400022,-0.021422838202305172,-5.474852874994128,2.725002087171793,0.2638921503719193,0.12302223745215625,0.6282111795176781
2.831696589626276,-0.017017220359305085,-5.447319977457024,2.725002087171793,0.2638921503719193,0.12608771383318382,0.6242545183041781
2.83507262119457,-0.012501142288709133,-5.420233340748221,2.725002087171793,0.31389184342189774,0.14764934833761514,0.5971679263257395
2.837185564301606,-0.007514052761903756,-5.394679888969599,2.725002087171793,0.31389184342189774,0.15293018776532719,0.5906997118690667
2.8399882778279064,-0.0019108301237356073,-5.3695305692477895,2.725002087171793,0.31389184342189774,0.15715605169820115,0.5855623178991094
2.844613950978646,0.004247074919263127,-5.3438337858879885,2.725002087171793,0.31389184342189774,0.15942618285200252,0.5828156754312235
2.849175859593034,0.010655298552308068,-5.3182812889762925,2.725002087171793,0.31389184342189774,0.16144401393435334,0.5803816018449024
2.85362076424229,0.01724824071827591,-5.292863247256826,2.725002087171793,0.31389184342189774,0.16327278391908606,0.578181299447625
2.8579285209296454,0.02400243730265217,-5.2676924809152625,2.725002087171793,0.31389184342189774,0.16488419422000855,0.5762468556518461
2.862783035881508,0.032110122937568875,1.0444988409812885,2.725002087171793,0.31389184342189774,0.1664332821476572,0.5743909348028406
2.8667196547287084,0.039085127501326866,1.068957279675678,2.725002087171793,0.31389184342189774,0.1675962050919787,0.5729999868695335
2.8698815765981127,0.044978868511419634,1.0892375450383223,2.725002087171793,0.31389184342189774,0.16843486839088034,0.5719980837211591
2.8743563963874337,0.05387729431918231,1.1192481411856083,2.684092925346202,0.3638917917218201,0.1587259752692364,0.58366191479668
2.8777307192609722,0.06107486534656381,1.1446750000507415,2.684092925346202,0.3638917917218201,0.16126392202628195,0.5805985712942734
2.8809131672795516,0.06833015764929762,1.170109436724195,2.684092925346202,0.3638917917218201,0.16379677211701568,0.5775518301318086
2.883967698685238,0.0758056958986213,1.1954136624596448,2.684092925346202,0.3638917917218201,0.16611247223091,0.5747749959236315
2.8868717937648576,0.0834585545066755,1.2206021333336334,2.684092925346202,0.3638917917218201,0.1682399943300628,0.5722307997251304
2.889084481628279,0.08971030329393592,1.2406717009468382,2.684092925346202,0.3638917917218201,0.1697945988401414,0.5703757870580075
2.892198860543063,0.09926373021200874,1.270684981691144,2.684092925346202,0.3638917917218201,0.17191798555142676,0.567847401450154
2.894605928439457,0.10739538601116472,1.29557695984916,2.684092925346202,0.3638917917218201,0.17345588970126066,0.5660198645007253
2.8968326669235207,0.11566451036958902,1.3203668053322668,2.684092925346202,0.3638917917218201,0.17478501001460509,0.5644428437592164
2.8988632199124638,0.12403016803284928,1.3449801100177472,2.684092925346202,0.3638917917218201,0.1759034451467516,0.5631174868552673
2.900329718959725,0.13075443576304124,1.3643929029851103,2.684092925346202,0.3638917917218201,0.17662293254630487,0.5622656809532249
2.9022969200048863,0.14081643713015524,1.3929898185900425,2.684092925346202,0.3638917917218201,0.17741133633487055,0.5613329842284513
2.9034799537750313,0.14777909968735692,1.4128326185273277,2.684092925346202,0.3638917917218201,0.17790810029697596,0.5607456730704627
2.904978540392598,0.15821423319064642,1.4422499744757564,2.684092925346202,0.3638917917218201,0.17841050259501828,0.5601519828836041
2.9059996585655306,0.1669749291722411,1.4667594963962394,2.6357456448317036,0.4138917838554042,0.18428804971581894,0.5532267931234347
2.9068231581567368,0.17593389892036093,1.4910911775305566,2.6357456448317036,0.4138917838554042,0.18604545126466052,0.5511629529282398
2.9075207584088343,0.18634970197172862,1.5157887891708475,2.6357456448317036,0.4138917838554042,0.1865651756108775,0.5505531645829693
2.908047178134554,0.19682235263887016,1.5364885379264908,2.6357456448317036,0.4138917838554042,0.18524792802598838,0.5520991738635959
2.9084698836447522,0.21114261263923062,1.5669395253056195,2.6357456448317036,0.4138917838554042,0.18395507134557448,0.5536181701328724
2.90839693371921,0.22026446454747806,1.5911643944382692,2.6357456448317036,0.4138917838554042,0.18492481008812714,0.5524786579101293
2.908102026623176,0.2294010919872118,1.6153524616201325,2.6357456448317036,0.4138917838554042,0.1857381840951808,0.551523585837626
2.907584294174889,0.23856908160313495,1.6394615577391376,2.6357456448317036,0.4138917838554042,0.18634696440406653,0.5508091594084723
2.9071424100084577,0.24435223205150614,1.6545696413419106,2.6357456448317036,0.4138917838554042,0.18661164154803533,0.5504986586876843
2.9061436290255553,0.2546594108670295,1.6808902231928722,2.6357456448317036,0.4138917838554042,0.18666962419145022,0.5504306461566539
2.904782580636857,0.26554052553171026,1.7094006968412823,2.6357456448317036,0.4138917838554042,0.18676317595794073,0.5503209182574138
2.90338635878439,0.2747042680388514,1.7334317608006726,2.6357456448317036,0.4138917838554042,0.1866296106754443,0.5504775809134277
2.9017824587942957,0.28379298426306576,1.7575265915105724,2.5860459593785365,0.4638917832493027,0.21232764448662475,0.5205735189341618
2.900198114843324,0.291747050312269,1.7760836572526748,2.5860459593785365,0.4638917832493027,0.21294165022889222,0.5198633208315029
2.897431342714677,0.30418056269289373,1.8032787583155856,2.5860459593785365,0.4638917832493027,0.2128715121735907,0.5199444403183613
2.8948875349587393,0.31440051598031893,1.826080074078165,2.5860459593785365,0.4638917832493027,0.21273695995173364,0.5201000639841167
2.892103685516254,0.32459525787803933,1.8488213695659885,2.5860459593785365,0.4638917832493027,0.2123406931790546,0.5205584246053014
2.8890963059515027,0.33470069189552376,1.8716073495210321,2.5860459593785365,0.4638917832493027,0.21177219043572135,0.5212161080781843
2.8858710215000034,0.34469904115976746,1.8944251219753752,2.5860459593785365,0.4638917832493027,0.21102957569822337,0.5220753960155404
2.8824271612710035,0.354595224972174,1.9172258372708637,2.5860459593785365,0.4638917832493027,0.21007242887960634,0.5231832341220726
2.878791123971686,0.36432282967363605,1.9397624052581601,2.5860459593785365,0.4638917832493027,0.20885524882855946,0.5245925795514761
2.8750487328515426,0.3736986186839584,1.9612250956853143,2.5860459593785365,0.4638917832493027,0.20723956380369205,0.5264643297346463
2.8710702412010427,0.38305918616042334,1.985111391068346,2.5361004284531274,0.5138917837930546,0.2476276284025167,0.4798179505939375
2.8666394578813037,0.3927934719565016,2.0111949880759323,2.5361004284531274,0.5138917837930546,0.24980676188796563,0.4772974419039906
2.861891276875788,0.40257052861992726,2.0383968939795656,2.5361004284531274,0.5138917837930546,0.2521587963682428,0.4745750188477149
2.856635261573004,0.4126334423494029,2.063844507157101,2.5361004284531274,0.5138917837930546,0.25312879335173966,0.4734516328109666
2.8505928745808067,0.423579172651225,2.084859212309726,2.5361004284531274,0.5138917837930546,0.25075441570023904,0.4762008091616521
2.844295123639407,0.43447460194382437,2.1054279249355736,2.5361004284531274,0.5138917837930546,0.2476966103655001,0.47973818646687527
2.837907324091864,0.4450095681795734,2.1264686769286687,2.5361004284531274,0.5138917837930546,0.24469772604326803,0.48320448145840356
2.8313674292083473,0.4553064870660499,2.147621696915719,2.5361004284531274,0.5138917837930546,0.2414468210457943,0.48695939889566286
2.8245234870883706,0.4666059122958899,2.1695897018256067,2.4861102581085626,0.5638917845097581,0.28922839624345614,0.43121087371447864
2.8167451565070962,0.48078393063211067,2.1869491577983706,2.4861102581085626,0.5638917845097581,0.28177500347532713,0.44002180254946
2.809225680911812,0.49288786513554506,2.2001673058385163,2.4861102581085626,0.5638917845097581,0.27415737136319035,0.4489707063808239
2.801135873561657,0.503823862398816,2.2194111283428923,2.4861102581085626,0.5638917845097581,0.27023121554092466,0.45356373216171475
2.7928653060563544,0.5144905665015198,2.2391265853230826,2.4861102581085626,0.5638917845097581,0.266146591016872,0.45832991092560804
2.7845476144610775,0.524816302565938,2.2591515200443673,2.4861102581085626,0.5638917845097581,0.2618812678592655,0.46329503703770625
2.7761422964705567,0.5348262681375484,2.279379463558757,2.436112012795796,0.6138917852510506,0.31595343304885815,0.3990333672530142
2.766236436756632,0.5461584653770171,2.2975668960557507,2.436112012795796,0.6138917852510506,0.312331034704382,0.40345827304473114
2.755665605773082,0.5578393870770686,2.315156073266104,2.436112012795796,0.6138917852510506,0.3072279561536477,0.4096548694663449
2.7451751410414644,0.5690351750158058,2.3329591919415393,2.436112012795796,0.6138917852510506,0.3018602061489932,0.41612942523538665
2.73461246152851,0.579906113786441,2.3510831239058168,2.436112012795796,0.6138917852510506,0.29606593467316017,0.4230726767666677
2.7240527864097324,0.5903836543935554,2.3698516220261996,2.427021481571409,0.6638917859956378,0.3630793474843791,0.3388205445451409
2.7125561515227314,0.6014189981029308,2.3817880122060426,2.4253688137859846,0.7138917867406405,0.4215166631619019,0.25213032157752235
2.6960094630937306,0.6169080714646125,2.3982315900416014,2.425068507105567,0.7638917874856923,0.466509598805665,0.16273954777813326
2.681244558614191,0.6302238077864217,2.418196700905338,2.425014038637078,0.8138917882307498,0.49414997770979086,0.06754935696674536
2.667682920441832,0.6420505997882824,2.4273639381130736,2.425004208437891,0.8638917889758078,0.49960366314379434,-0.017559067457665556
2.648797679946698,0.6583517969207406,2.428056059898751,2.425004208437891,0.8638917889758078,0.4995072866493721,-0.019578367049588596
2.629914134935884,0.6747337431275682,2.4272488196351762,2.4250024530339545,0.9138917897208658,0.48763527562161135,-0.09836181207975159
2.6076404837904317,0.6940966796127626,2.423405487822783,2.42500214534264,0.9638917904659239,0.46350535006723254,-0.17001276122337838
2.59317939290891,0.7067692950484386,2.419861495170147,2.42500214534264,0.9638917904659239,0.46007893435571456,-0.17797177854036017
2.5722388031864494,0.7253322186775311,2.4113973843498147,2.4250020928979747,1.013891791210982,0.428021380697553,-0.24102266152148466
2.559049996713865,0.7372409898106138,2.402444051274331,2.4250020928979747,1.013891791210982,0.4237705144875427,-0.24832838621791775
2.543265999681301,0.7517725966157123,2.39104697370806,2.4250020842865565,1.06389179195604,0.3933954301868562,-0.29622204612480174
2.5284700374227818,0.7657410839116068,2.3789734700363137,2.4250020842865565,1.06389179195604,0.38670982112346935,-0.3059753791856017
2.5144688211745,0.7793008967242958,2.365774189167313,2.4250020829354026,1.113891792701098,0.361073984666119,-0.34150858919852256
2.5012301859961426,0.7924659961707956,2.3514708012592784,2.4250020829354026,1.113891792701098,0.3548264195256593,-0.34979790240567443
2.4887773997956604,0.8052261863863475,2.336212943873408,2.4250020829354026,1.113891792701098,0.3486506906586305,-0.3578735689610115
2.476649173131671,0.8180434023185654,2.320687307134716,2.4250020829354026,1.113891792701098,0.3417361374567322,-0.36678784213404747
2.464956397223471,0.8307946702790563,2.3047755812614623,2.425002082734098,1.1638917934461561,0.3247029433708464,-0.38824716583172525
2.453839964936156,0.8433195442998009,2.28797316169595,2.425002082734098,1.1638917934461561,0.31882972032972284,-0.3955033852861112
2.4432912288019324,0.8556396021946799,2.2697072189886285,2.425002082734098,1.1638917934461561,0.3132519174552144,-0.40233551006085444
2.433244125328363,0.8678112220921879,2.2522248899047326,2.4250020827057432,1.2138917941912142,0.3050168266682078,-0.41232710916077087
2.4218229970108,0.8822213885565464,2.230036741521702,2.4250020827057432,1.2138917941912142,0.29987840560572504,-0.4185093397823154
2.4144857641465265,0.8918357737747797,2.2154275926346685,2.4250020827057432,1.2138917941912142,0.29600621039285957,-0.42314401183952477
2.4051514466231687,0.9044189104029652,2.1958877320088215,2.4250020827057432,1.2138917941912142,0.2905681770701444,-0.42962063512031956
2.395420476016204,0.9181192031909919,2.17393962414123,2.4250020827019774,1.2638917949362722,0.290869970883733,-0.4292621375900675
2.3866233225452778,0.931232746651304,2.1532064952968475,2.4250020827019774,1.2638917949362722,0.28685141811173426,-0.43402721911583353
2.378752507282659,0.943429155535874,2.13427000813318,2.4250020827019774,1.2638917949362722,0.28249665566546966,-0.4391712270027659
2.3697711672842043,0.9580014744849024,2.111328561389493,2.4250020827019774,1.2638917949362722,0.27686318891810785,-0.44579795959163104
2.364097043211382,0.9676200702667632,2.0958968151699495,2.4250020827019774,1.2638917949362722,0.2729164717198324,-0.45042369592693365
2.3574072823947567,0.9794097733104881,2.077286803263576,2.4250020827015066,1.3138917956813303,0.2829130908563505,-0.43868016047107794
2.350734867578332,0.9917150860541,2.057871596374785,2.4250020827015066,1.3138917956813303,0.2793820509374794,-0.4428386498119248
2.3442364745370003,1.0042952085243009,2.0385639590075213,2.4250020827015066,1.3138917956813303,0.27513990477553674,-0.4478193419217943
2.3380845235377485,1.0167720596698349,2.0190576416199946,2.4250020827015066,1.3138917956813303,0.27064486447682523,-0.45308038806241524
2.332286354995759,1.0291422216363983,1.9992786614312013,2.3840929208758608,1.3638917964263884,0.33949522605218646,-0.3696499390737735
2.3243503509143224,1.0470181381532857,1.9788946097265157,2.3840929208758608,1.3638917964263884,0.333872118289908,-0.3767776932986986
2.319024402430319,1.0595968321238853,1.965921696471222,2.3840929208758608,1.3638917964263884,0.32871972784101344,-0.3832448809460174
2.312806345927278,1.074846471107037,1.9489898401572068,2.4175639640125377,1.4138917971714464,0.29573432408421996,-0.4234686968187138
2.305787094103586,1.093045017818854,1.928565871329103,2.4175639640125377,1.4138917971714464,0.28880457140125176,-0.43171350126718966
2.301426563906123,1.1049395626003715,1.9144449488882975,2.4175639640125377,1.4138917971714464,0.28413602835041646,-0.4372370437740002
2.2963004747446316,1.1196495506462671,1.896544632350641,2.4175639640125377,1.4138917971714464,0.2780037454337733,-0.444458676289864
2.2909989194735907,1.135888691639634,1.874910865494263,2.4175639640125377,1.4138917971714464,0.2713324397974815,-0.45227667693974516
2.2870816876711775,1.1488382014873668,1.8545999514454008,2.4236496777627767,1.4638917979165045,0.28888238950488393,-0.43162122948118886
2.2831955104687047,1.1626570477898,1.8355573373865923,2.4236496777627767,1.4638917979165045,0.2851222875794793,-0.4360720989733853
2.2795609857513632,1.1765943271203643,1.816544161724587,2.4236496777627767,1.4638917979165045,0.2807564461094593,-0.4412214593613204
2.2762504399283614,1.190347423511401,1.797273899206393,2.4236496777627767,1.4638917979165045,0.2761560422160905,-0.44662774060317845
2.273248252233328,1.2039636926916817,1.7777601493293982,2.4236496777627767,1.4638917979165045,0.2712500992316363,-0.45237294441030373
2.270563661392327,1.2173909458417338,1.758002661589561,2.424756237229201,1.5138917986615625,0.3008261903322443,-0.41737184280159556
2.267977332349771,1.2318017731380788,1.7399256412770077,2.424756237229201,1.5138917986615625,0.2964080933443331,-0.4226639116793639
2.2655559872355813,1.246825877318365,1.7205329905681472,2.424756237229201,1.5138917986615625,0.2914183240822796,-0.4286104815563083
2.263524237075215,1.2611010259753783,1.7029657452522309,2.4249574432822887,1.5638917994066206,0.32133255570190483,-0.39241931542945485
2.2615815059193114,1.2767699628573013,1.685324500946415,2.4249574432822887,1.5638917994066206,0.3168215199078922,-0.39796956183496734
2.259887840439349,1.2928167741228371,1.6681593965602126,2.4249574432822887,1.5638917994066206,0.31110587327374517,-0.40494982138670665
2.258502398466277,1.3083985379269265,1.6504307867775156,2.4249574432822887,1.5638917994066206,0.3052694389521079,-0.41202219127653106
2.2572880826309305,1.3260127702360869,1.6327643419528381,2.424994007733243,1.6138918001516787,0.3361318183903391,-0.37392239089019375
2.256202581224196,1.3460908873550803,1.6157334084101165,2.424994007733243,1.6138918001516787,0.3280173864326977,-0.3841219665182536
2.255405361423618,1.3660102605814028,1.6007900588002388,2.424994007733243,1.6138918001516787,0.3176665481045807,-0.3969327162196159
2.2550374412767358,1.3825551655754786,1.585736809768121,2.425000634964232,1.6638918008967367,0.35011677337440955,-0.35596656261169335
2.2549199995345077,1.399089435410529,1.570075162313501,2.425000634964232,1.6638918008967367,0.3448161018938338,-0.3628330078216314
2.255031253963752,1.4158574408000888,1.5580475905402975,2.425000634964232,1.6638918008967367,0.3367853060015993,-0.3730944206904788
2.255289607718872,1.429592081379873,1.5447797589333878,2.4250018274514997,1.7138918016417948,0.370492200123448,-0.32875996710223765
2.2560527941327226,1.4507912516759873,1.526401850253135,2.4250018274514997,1.7138918016417948,0.3642636548553423,-0.33722654680867126
2.2570033869507107,1.4691722999308325,1.5117538653976932,2.4250020388677824,1.7638918023868528,0.39298817748668197,-0.29682292410375366
2.258278400835678,1.488487445438496,1.4983743333877555,2.4250020388677824,1.7638918023868528,0.3876334168652798,-0.3046416500420316
2.2598247735288286,1.5080386464853728,1.4851471406257972,2.4250020388677824,1.7638918023868528,0.38102481521805853,-0.31409450124939653
2.2615946537691993,1.5271807888489661,1.471575552160176,2.4250020754411303,1.813891803131911,0.4091810567343962,-0.2721649606322626
2.2637078343035526,1.5471501889954382,1.4596497680363207,2.4250020754411303,1.813891803131911,0.40367993614350633,-0.28072878486283237
2.2661397757065167,1.567716749482786,1.4470589044241935,2.4250020815515914,1.863891803876969,0.4280937624538665,-0.2408966599238389
2.2687773462888554,1.5880754811040116,1.4364248137067346,2.4250020815515914,1.863891803876969,0.4235727903796601,-0.24866384303700273
2.271760666669966,1.6094119069538966,1.4260644555751374,2.4250020825284935,1.913891804622027,0.4442768037317113,-0.2111382173979398
2.2750362487663693,1.6310472566528524,1.4163944963660102,2.4250020825284935,1.913891804622027,0.44044624524991755,-0.21849803181940208
2.2785422691551354,1.6528908148175923,1.406855714911094,2.4250020826768552,1.963891805367085,0.45825918547178224,-0.1820685814291425
2.2823479718501094,1.6753040560978079,1.3984685139881294,2.4250020826768552,1.963891805367085,0.45514996090137316,-0.1888804061134064
2.286360006044358,1.6978286334831534,1.3901807759746931,2.4250020826768552,1.963891805367085,0.45120244324825004,-0.19722093689636588
2.290511869315047,1.7200547653513123,1.3816987979740871,2.4250020826981498,2.013891806112143,0.46810867495942665,-0.15874212047189318
2.2948461112481358,1.7422997883186913,1.3746510846787796,2.4250020826981498,2.013891806112143,0.46533121639326236,-0.16562771826672462
2.2970595054600604,1.7666973769683079,1.368851881790062,2.425002082701029,2.063891806857201,0.4766477390049596,-0.13554501507659722
2.2973679029184915,1.7924790951612461,1.3647724814003017,2.425002082701395,2.113891807602259,0.4833806326569765,-0.11415570340945291
2.299699262013865,1.8175678408600184,1.3605214796267873,2.425002082701395,2.113891807602259,0.479837050796254,-0.12584902298352052
2.3047813514427347,1.8410329116520892,1.3548139317302135,2.425002082701438,2.163891808347317,0.4888501583298849,-0.09337681197192216
2.3100498418276363,1.8647718965850721,1.3503059311264096,2.425002082701438,2.163891808347317,0.48789974272083103,-0.09729787728263128
2.3154517963947807,1.888668432158731,1.3460123816440657,2.4250020827014445,2.213891809092375,0.4943041195969822,-0.06665099145291953
2.3209677317897093,1.9126201795522864,1.343147758105021,2.4250020827014445,2.213891809092375,0.49375744713702824,-0.0697854750230551
2.326555149150753,1.9366143087689274,1.340452184624188,2.4659112445270353,2.263891809837433,0.48333801696423395,-0.11430317660790623
2.332162697212274,1.9602899842598251,1.3358247368921097,2.4659112445270353,2.263891809837433,0.48182686750157666,-0.1194187904570343
2.337844000302921,1.9837354438855677,1.330672488421484,2.4659112445270353,2.263891809837433,0.4800732740781301,-0.12510228000661627
2.3436483801682613,2.0071564468120826,1.3255302535516824,2.5142585250415337,2.3138918105824913,0.4621813461560257,-0.17312816478219406
2.3495027791012113,2.030340892075584,1.3204293719447133,2.5142585250415337,2.3138918105824913,0.45831236065295017,-0.18195006520536106
2.355245595626375,2.052421835762063,1.311819380963979,2.5142585250415337,2.3138918105824913,0.4549559527374738,-0.18929805975155756
2.361192933825766,2.074495256518267,1.3037655817014826,2.5639582104947007,2.3638918113275493,0.4367078514832427,-0.22547813666314853
2.367244007831582,2.0962239437155965,1.2933741098439013,2.5639582104947007,2.3638918113275493,0.4324541581127176,-0.23320045334794381
2.3732615018320278,2.116977240460603,1.2838310421594024,2.5639582104947007,2.3638918113275493,0.4273426040864466,-0.24220158954933713
2.3794597088183966,2.137605895744775,1.2732990197246266,2.61390374142011,2.4138918120726074,0.41408765085990046,-0.26434288799823025
2.385706914646166,2.15756068519074,1.2619444345851634,2.61390374142011,2.4138918120726074,0.4092808137843408,-0.2720077133853389
2.3933792433507826,2.1810354896438486,1.2477673699073164,2.61390374142011,2.4138918120726074,0.40269349743637617,-0.28224292948804897
2.399977781954867,2.2003553726493426,1.235908564953621,2.61390374142011,2.4138918120726074,0.39611911421474744,-0.29217970266197113
2.4059724592772174,2.220361692362413,1.2224208497286795,2.6638939117646747,2.4638918128176654,0.39022917062121676,-0.30087016514178155
2.411773986341471,2.2408211739501063,1.2074583505481347,2.6638939117646747,2.4638918128176654,0.3829344932700918,-0.3113840915698478
2.4185602375915867,2.259489478249753,1.191108610099166,2.6638939117646747,2.4638918128176654,0.37725117817526366,-0.3194024664351578
2.4257051711179862,2.277035048154282,1.1778493327902264,2.6638939117646747,2.4638918128176654,0.3702833990209059,-0.3290461444176551
2.4329590476553626,2.294210891941111,1.1634915121386507,2.7138921570774412,2.5138918135627235,0.3758063506740099,-0.32141848278782525
2.440502513947486,2.3113521256967893,1.149293536403085,2.7138921570774412,2.5138918135627235,0.3707000625875093,-0.3284749092279955
2.448283980321289,2.3283854844166623,1.1350543417667338,2.7138921570774412,2.5138918135627235,0.3647241277817773,-0.33660545140169784
2.456150669414237,2.3449698442144697,1.1203852020103486,2.7138921570774412,2.5138918135627235,0.3581920718232083,-0.3453479713467209
2.4625185917014285,2.357945934149676,1.1083598610428527,2.76389185012742,2.5638918143077816,0.3719066852914598,-0.32681685633386937
2.472457602807685,2.3774406392496203,1.0909135197740178,2.76389185012742,2.5638918143077816,0.3663102838847383,-0.3344602217913075
2.481168009554528,2.3938868967857267,1.0759390699016487,2.76389185012742,2.5638918143077816,0.3606962620394029,-0.3420133720636743
2.4899860784131107,2.409946189495166,1.061657001693786,2.76389185012742,2.5638918143077816,0.35402720666748133,-0.350849398408576
2.498876536187236,2.4256013525415483,1.047064934754577,2.8138917984273415,2.6138918150528396,0.3721513799752587,-0.32647991876368565
2.50813079123132,2.4413353698486766,-5.251494900810527,2.8138917984273415,2.6138918150528396,0.36799708725227626,-0.3321688450783724
2.51786381300985,2.457358453604275,-5.265133563430367,2.8138917984273415,2.6138918150528396,0.36197721990346116,-0.3402995665215106
2.527542693714061,2.472804015159788,-5.280152846709231,2.8138917984273415,2.6138918150528396,0.35597558952234204,-0.3482825246929949
2.537328008274965,2.487889694659337,-5.295256495091039,2.8138917984273415,2.6138918150528396,0.3492049950747379,-0.3571532785047764
2.5471257024939042,2.5025159446375813,-5.31084749904616,2.8638917905609262,2.6638918157978977,0.3752401288532124,-0.32220616507098987
2.557389982861201,2.5173276005455296,-5.324680790228721,2.8638917905609262,2.6638918157978977,0.3703596089935166,-0.3289417124832942
2.5680268096879146,2.5322680610605914,-5.337587261701998,2.8638917905609262,2.6638918157978977,0.36401284978254206,-0.33756452322344155
2.5786747184809364,2.5468241132940737,-5.351200982468569,2.8638917905609262,2.6638918157978977,0.35718614037651397,-0.3466817311629342
2.589663205149064,2.5613937380810583,-5.366091813194541,2.9138917899548247,2.7138918165429557,0.3853225109100928,-0.3079708559541895
2.601317468935891,2.576371960764705,-5.380007853302027,2.9138917899548247,2.7138918165429557,0.38056484024321635,-0.3147448658282598
2.6133329856296132,2.5914032681291896,-5.393470142933743,2.9138917899548247,2.7138918165429557,0.37456535717085715,-0.3231431218441905
2.6252845284730597,2.6059383643413216,-5.407635963867076,2.9138917899548247,2.7138918165429557,0.36812082222423026,-0.3320003483127497
2.6372492306805473,2.620072623243132,-5.422156266903751,2.9638917904985767,2.763891817288014,0.39821630547085357,-0.28903823740151346
2.649631031401162,2.6351000240797617,-5.4361982727197145,2.9638917904985767,2.763891817288014,0.3934035683235714,-0.2962100295139686
2.6627280762306214,2.6508713614566926,-5.447722023900279,2.9638917904985767,2.763891817288014,0.3857450005562144,-0.30736414868751005
2.6758838371059923,2.6656961620068422,-5.461258063608976,2.9638917904985767,2.763891817288014,0.3785905021703364,-0.3175257170704505
2.688882298044785,2.6794874667090394,-5.474708328380576,3.01389179121528,2.813891818033072,0.41013807606839514,-0.2706534298119633
2.702916063471564,2.6939979593756114,-5.487013452965154,3.01389179121528,2.813891818033072,0.4054781757278681,-0.27795211635260086
2.717302499360448,2.7085230759295698,-5.499084950979139,3.01389179121528,2.813891818033072,0.39964902289389975,-0.2868771298515803
2.7316440320076953,2.722653933389516,-5.511491003341827,3.0638917919565727,2.86389181877813,0.42767786959642545,-0.24161988988665883
2.7468478868297854,2.737275299831925,-5.522528671941774,3.0638917919565727,2.86389181877813,0.42367792290709566,-0.24848552296596793
2.762449412191925,2.751967527667059,-5.533352945289326,3.0638917919565727,2.86389181877813,0.4185989904005809,-0.25698305196152704
2.777859618356734,2.7661632351673724,-5.544623909777839,3.0638917919565727,2.86389181877813,0.4128664547958251,-0.2663068475647018
2.7932581001294547,2.780017927540097,-5.556594843547921,3.1138917927011605,2.913891819523188,0.4411330588810928,-0.21719449981376981
2.809260793771749,2.794061614365148,-5.56850442570798,3.1138917927011605,2.913891819523188,0.43815101761966946,-0.22280600778681725
2.8294064670294787,2.8113415951132623,-5.579662663871239,3.1138917927011605,2.913891819523188,0.43203502859267245,-0.2339495396256287
2.8460133554930316,2.825295483924384,-5.589828365358321,3.1638917934461626,2.963891820268246,0.45650189071460173,-0.18594642881770262
2.8634402467002573,2.839642162505971,-5.5984509356940695,3.1638917934461626,2.963891820268246,0.4533921825543813,-0.19263454718757134
2.8811710764717677,2.85400719609504,-5.606870763708406,3.1638917934461626,2.963891820268246,0.44937818475657865,-0.20096998869893334
2.898782907897786,2.8680192516815044,-5.6155081930915,3.213891794191215,3.013891821013304,0.4696383953471271,-0.15482795464047128
2.9167310257731085,2.882077496362342,-5.6206497555917405,3.213891794191215,3.013891821013304,0.4668411509005614,-0.1619182888776054
2.9351332752387016,2.8963510048670678,-5.627292786938594,3.213891794191215,3.013891821013304,0.46368628171377296,-0.16958292183716728
2.953718425662741,2.9105416653785046,-5.633956116960068,3.263891794936272,3.063891821758362,0.4797764898046968,-0.12603978287874895
2.972662415986848,2.9248216080480685,-5.640384585404161,3.263891794936272,3.063891821758362,0.47824517053623294,-0.13077455398171878
2.9919415641141214,2.9391779144979573,-5.645812773990831,3.3138917956813296,3.1138918225034202,0.48889765245149663,-0.09317663883057747
3.011531557793293,2.9536183449399314,-5.650234729161695,3.3138917956813296,3.1138918225034202,0.4880424033227997,-0.09671922031077662
3.0312926070982256,2.9680603536343266,-5.65451855105241,3.3138917956813296,3.1138918225034202,0.48692435066899625,-0.10116770657718122
3.0510293116003098,2.9823488162108163,-5.658849635885942,3.3638917964263877,3.1638918232484783,0.4944804737359722,-0.06560825240045987
3.0709767165714794,2.996673709822076,-5.661584694567086,3.3638917964263877,3.1638918232484783,0.4939892702639831,-0.06847357966867518
3.090860301689596,3.010372004375661,-5.665282789882957,3.3638917964263877,3.1638918232484783,0.49365855855469565,-0.07033773332166537
3.110719536626921,3.023825800365854,-5.668948540831988,3.4138917971714458,3.2138918239935363,0.49832076856041313,-0.036154208827404055
3.1310247753220404,3.0380604010635253,-5.670994778967803,3.4138917971714458,3.2138918239935363,0.498208871110578,-0.037340380310201704
3.1514532932003654,3.0523861062265976,-5.672577141556588,3.4138917971714458,3.2138918239935363,0.4980188973896301,-0.03927251630566353
3.1718774658498488,3.066659303035787,-5.674289452201054,3.463891797916504,3.2638918247385944,0.499873880239372,-0.009904499210696804
3.1923741741721017,3.0809403056557514,-5.674950444155592,3.463891797916504,3.2638918247385944,0.4998662069740232,-0.010201369854645481
3.212878369132093,3.095215786454377,-5.675293217213986,3.463891797916504,3.2638918247385944,0.49984968737895297,-0.010812875604605199
3.23337414063667,3.109469381222386,-5.675581554723053,3.513891798661562,3.3138918254836525,0.49971980135516864,0.014763525650745679
3.2539082251569296,3.1237413858576675,-5.675096664639689,3.513891798661562,3.3138918254836525,0.499687261684276,0.015597357192154826
3.2785680691377665,3.1409221245134935,-5.6740115757464205,3.56389179940662,3.3638918262287105,0.4983265699685068,0.036091651469746244
3.290824062656605,3.1494763874834213,-5.673364373783332,3.56389179940662,3.3638918262287105,0.4982216347219378,0.0372069837135256
3.3153101591814176,3.1666245280263823,-5.671430728055685,3.56389179940662,3.3638918262287105,0.49801116556233704,0.03934915135872252
3.3356916254760822,3.18095461553803,-5.669751435023489,3.613891800151678,3.4138918269737686,0.4960183041692294,0.055703119272548784
3.35604275019325,3.1953150195096107,-5.667928608777137,3.613891800151678,3.4138918269737686,0.4956046982011774,0.058530654321528486
3.376351641744363,3.2096983172271933,-5.665776214356921,3.613891800151678,3.4138918269737686,0.49511970814240713,0.06168265175096699
3.396499430370178,3.2240385402066343,-5.662953838306088,3.663891800896736,3.4638918277188266,0.49301770318982036,0.07381783415335486
3.4165448001482357,3.238395109926997,-5.659880733517797,3.663891800896736,3.4638918277188266,0.49238063114416425,0.0771239188163122
3.436490465427844,3.2527793398899636,-5.656658344827171,3.663891800896736,3.4638918277188266,0.49160202049067353,0.0809840559043149
3.456381825614039,3.2672305822388115,-5.65320558738815,3.713891801641794,3.5138918284638847,0.4898584170901404,0.08903283586610145
3.476157195566689,3.2817104088359628,-5.64939741804349,3.713891801641794,3.5138918284638847,0.4889568060648531,0.09292673473191049
3.4958304878073507,3.2962337264434938,-5.645371762816612,3.713891801641794,3.5138918284638847,0.4878590176029443,0.09746245022611144
3.5154192375128197,3.310817998941845,-5.641221490995972,3.763891802386852,3.5638918292089428,0.486867387868693,0.10138925280064415
3.5362117641731787,3.3326776071466853,-5.636848445293108,3.763891802386852,3.5638918292089428,0.48784209457402117,0.09753075760115815
3.557009603482692,3.3552207247051005,-5.632338150518266,3.8138918031319102,3.613891829954001,0.4892320633815575,0.09175510797280606
3.5765363907146863,3.370959724028433,-5.628554135978322,3.8138918031319102,3.613891829954001,0.4885495000850073,0.09463438544600389
3.5958854743881785,3.3858717320636416,-5.6244781250701195,3.8138918031319102,3.613891829954001,0.4874503367354035,0.09909918697421571
3.6151360245181605,3.4008410535985103,-5.620249050291185,3.8638918038769683,3.663891830699059,0.48724233302214653,0.09992218241264972
3.634301267189171,3.415875776033494,-5.615890010937718,3.8638918038769683,3.663891830699059,0.4861701955200234,0.10406363366077742
3.6533707761897976,3.4309722700067082,-5.611381399916555,3.8638918038769683,3.663891830699059,0.4848533675318877,0.10894070055621285
3.672328847065298,3.4461212948268614,-5.606705159076282,3.9138918046220263,3.713891831444117,0.48552516676269214,0.10647970820138242
3.691201827531401,3.461345477121525,-5.601959249198999,3.9138918046220263,3.713891831444117,0.48433063557953937,0.11081892509927438
3.7099872760314136,3.4766434841169005,-5.597092009154086,3.9138918046220263,3.713891831444117,0.48285196123638263,0.11597236302631342
3.7286312244623367,3.49198148226779,-5.592168866698457,3.9638918053670844,3.763891832189175,0.4844034398446084,0.11055918675900633
3.7472277296532965,3.507439450637359,-5.587305239553916,3.9638918053670844,3.763891832189175,0.48310674825530797,0.11510030453307274
3.7657353530592594,3.5229786669558205,-5.582312121291112,3.9638918053670844,3.763891832189175,0.4815059866141977,0.12047806497528324
3.7841011286832336,3.538558575428431,-5.5770878151807874,4.0138918061121425,3.813891832934233,0.483901997477634,0.11233634699412809
3.802446271824115,3.5542856067603292,-5.572101115023083,4.0138918061121425,3.813891832934233,0.48257008700642173,0.11692981180902695
3.8207248527512423,3.570110568643586,-5.567092290364284,4.0138918061121425,3.813891832934233,0.48089614108520135,0.12246692598697773
3.8388846405218917,3.5859892556059396,-5.562136745396889,4.0638918068572005,3.863891833679291,0.4839161637773733,0.11228651420899038
3.8569388563285614,3.601933874179023,-5.557189134078383,4.0638918068572005,3.863891833679291,0.48257564607059894,0.11691100239479968
3.8749456570482046,3.6180005253366936,-5.552133946118244,4.0638918068572005,3.863891833679291,0.48090912862995056,0.12242489440072535
3.8892429080780158,3.6308774044503798,-5.54791687861481,4.113891807602259,3.913891834424349,0.48475613026171793,0.10929245222599682
3.910621756473091,3.650338367350882,-5.541701560759856,4.113891807602259,3.913891834424349,0.4833129577537463,0.11438980910734697
3.9284212495774637,3.666719697955762,-5.536747507811652,4.113891807602259,3.913891834424349,0.4817010682604098,0.11983514716939347
3.9460692871460434,3.6831274723263476,-5.531537371596845,4.163891808347317,3.9638918351694072,0.48570273244318934,0.10581995191458393
3.9637110311175805,3.699699970600662,-5.5267822309620955,4.163891808347317,3.9638918351694072,0.4845034756921082,0.11020132879315647
3.980824708675997,3.7179706178091827,-5.521347487938261,4.163891808347317,3.9638918351694072,0.48393500842396314,0.11222019120305937
3.997531316223893,3.73660469622157,-5.515221141983517,4.213891809092375,4.013891835914465,0.48888782043371604,0.09321811227697152
4.0148754374095175,3.753964452449445,-5.510720665931287,4.213891809092375,4.013891835914465,0.48814792954638164,0.09628900252703132
4.035815914209453,3.7744704624495213,-5.505697329330465,4.263891809837433,4.063891836659523,0.49102363524814924,0.08373822324115165
4.053250198081293,3.7916986288097316,-5.5019178954167405,4.263891809837433,4.063891836659523,0.4903000448974529,0.08706332136532269
4.0706408704801715,3.809009030245976,-5.498117416281369,4.263891809837433,4.063891836659523,0.48938861559579366,0.09108216775490452
4.087921631181613,3.826344151917363,-5.494158942422234,4.313891810582491,4.113891837404581,0.4924068358928905,0.07699068914761842
4.105176520497688,3.843789522355938,-5.490762682777857,4.313891810582491,4.113891837404581,0.49177315598334537,0.08015130556361227
4.122434736494242,3.8613394241551973,-5.487907735245526,4.313891810582491,4.113891837404581,0.4908876377125011,0.08437298726053566
4.1395529438806165,3.8788689479713696,-5.484033366695287,4.363891811327549,4.163891838149639,0.4937602815635239,0.06976958208430561
4.156709652109787,3.8965658364735365,-5.480868690284257,4.363891811327549,4.163891838149639,0.49323717500223563,0.07264454412794175
4.173832969140127,3.91433093865618,-5.477699768004364,4.363891811327549,4.163891838149639,0.4925714888250834,0.07614830961704055
4.1908704327986745,3.9321231743252953,-5.4743866897562885,4.413891812072607,4.213891838894697,0.4951389380642542,0.06156071967553345
4.207920081703819,3.950041200824578,-5.471564243841737,4.413891812072607,4.213891838894697,0.4947229945756118,0.06414691089318136
4.2249509826282585,3.968037636416417,-5.468685956637721,4.413891812072607,4.213891838894697,0.49419833347961,0.06726880820795422
4.241911413988228,3.9860729785129667,-5.465614892539156,4.463891812817665,4.263891839639755,0.49643849604392004,0.052676629083562965
4.2587780756088565,4.004118230533301,-5.462979037534527,4.463891812817665,4.263891839639755,0.4961509148244477,0.05476590623931199
4.275684216497702,4.0222873703670174,-5.460641473505252,4.463891812817665,4.263891839639755,0.49574715254384,0.0575723460741242
4.292527326767191,4.040473411642828,-5.458119563258782,4.513891813562723,4.313891840384813,0.497580250471944,0.04340767093640352
4.309377110309571,4.058753996372783,-5.456085808511009,4.513891813562723,4.313891840384813,0.4973654499447302,0.045295708711280636
4.326209362794317,4.077083837970701,-5.454094808115074,4.513891813562723,4.313891840384813,0.4970853295414032,0.04764616907606545
4.342989095564392,4.095432101329709,-5.452025770973389,4.563891814307781,4.363891841129871,0.498509172357959,0.03406414955707815
4.359768366991435,4.113855820995021,-5.450442976511293,4.563891814307781,4.363891841129871,0.4983727607290617,0.035589660155197045
4.3765271924506015,4.132311390085103,-5.449100751975918,4.613891815052839,4.413891841874929,0.49924711979490294,0.024203015026541763
4.393863120318657,4.15385489741475,-5.448823419446663,4.613891815052839,4.413891841874929,0.4993327341364889,0.022784894541227674
4.411234449366607,4.1754024443566795,-5.448719867291525,4.613891815052839,4.413891841874929,0.49941594642197584,0.021316465921992434
4.427999693180539,4.193914701480306,-5.447760570790078,4.663891815797897,4.463891842619987,0.49982997656814354,0.011500055418285138
4.444766313882086,4.2124582537039235,-5.447155898553763,4.663891815797897,4.463891842619987,0.4998165306421083,0.011946170832300984
4.461529555271858,4.231016730694121,-5.446616595229482,4.663891815797897,4.463891842619987,0.49979762026498464,0.012546784527009525
4.478279377925145,4.249582470535708,-5.446074885899383,4.713891816542955,4.5138918433650455,0.49998190285169875,0.003751757246791332
4.491680180887071,4.264454255823123,-5.445811253190901,4.713891816542955,4.5138918433650455,0.4999815314218903,0.0037900629778615524
4.511776864903005,4.286762023391067,-5.445913906589877,4.713891816542955,4.5138918433650455,0.4999770505118887,0.004224902259579055
4.528514167459347,4.305338058438195,-5.445741196580002,4.763891817288013,4.5638918441101035,0.4999847940361996,-0.003439032905359185
4.545249337359112,4.323911349449553,-5.445797746021031,4.763891817288013,4.5638918441101035,0.4999827355751962,-0.0036644232260917287
4.561996532671344,4.34249045798722,-5.445938282550004,4.813891818033071,4.613891844855162,0.4998783643050741,-0.00972682280283732
4.578747201620453,4.361067492007035,-5.446239580938116,4.813891818033071,4.613891844855162,0.4998656898861026,-0.010221065420615294
4.595505366194891,4.379636949618147,-5.446673503990547,4.813891818033071,4.613891844855162,0.49985244299630804,-0.010713296105291592
4.61227174983084,4.398202882432412,-5.4471295545801866,4.822982656952539,4.66389184560022,0.4976475887423258,0.042798725141472316
4.628984698117685,4.416714345643673,-5.446183665599036,4.822982656952539,4.66389184560022,0.4973369124612162,0.04554068411555656
4.645648434582719,4.435233746159591,-5.444448616473645,4.86554453900869,4.713891846345278,0.49766599102778336,0.0426308053506661
4.662270203342392,4.453761657697022,-5.442551004784694,4.86554453900869,4.713891846345278,0.4974531936120334,0.04453409004019426
4.678844105455432,4.4723107392369,-5.44062071309057,4.86554453900869,4.713891846345278,0.4971854579451772,0.04681948251110879
4.695380780991547,4.49088680511601,-5.438573230709345,4.8732829729894895,4.763891847090336,0.4875306923782628,0.09877945843437952
4.711621597889378,4.509228890128277,-5.434632984132519,4.8732829729894895,4.763891847090336,0.48617677749906624,0.10403869853855308
4.727620718204907,4.527464190810915,-5.430427062715499,4.915599009573397,4.813891847835394,0.48934965044488477,0.09125011372991554
4.743555437884713,4.5457790179967414,-5.426707384657411,4.915599009573397,4.813891847835394,0.4883203793177102,0.09558187526330597
4.7595511696622586,4.564306480435168,-5.422706984943215,4.9232928041350394,4.863891848580452,0.4753973304634079,0.13917027638144575
4.775326053653942,4.582721764390142,-5.418518105219638,4.9232928041350394,4.863891848580452,0.47268806033852245,0.14673306518723295
4.791649552607573,4.600634272524856,-5.4119210948737635,4.965600765750747,4.91389184932551,0.4792395536763432,0.1277191103880242
4.808130125014092,4.618901810769716,-5.4064750244780875,4.965600765750747,4.91389184932551,0.4768311020411849,0.1350056083223965
4.823379295667867,4.637322260172396,-5.400639908535095,4.965600765750747,4.91389184932551,0.47467049049821547,0.14123688342865903
4.8383944824270095,4.655686336949764,-5.394554962314068,4.975002120699406,4.975002150501728,0.45775667456428976,0.18318511513658065
4.8529990999550305,4.673801706623189,-5.385973546222405,4.975002120699406,4.975002150501728,0.4545625867510856,0.19014233340851483
4.867155264209463,4.691698358374315,-5.3778740857767255,4.975002120699406,4.975002150501728,0.45058599832072765,0.19849488700729934
4.8810130584523534,4.70951482589276,-5.369280801422648,4.975002120699406,4.975002150501728,0.4458698425465267,0.2080102494251126
4.896261526615179,4.729498068547766,-5.359807690578914,4.975002120699406,4.975002150501728,0.4391204616821567,0.22099532992443072
4.908009218380947,4.745150655756453,-5.3521475204745315,4.975002120699406,4.975002150501728,0.43252586943384025,0.233072082464149
4.920845084628277,4.762577966467907,-5.341824810048928,4.975002120699406,4.975002150501728,0.4240061433298729,0.24792812891256344
4.933326036415074,4.779903794895263,-5.3311775714735194,4.975002120699406,4.975002150501728,0.41324893627309417,0.26569298364379623
4.9452834406190656,4.796885508476567,-5.319543363283274,4.975002120699406,4.975002150501728,0.4000177474442184,0.28631893493201455
4.956762164258994,4.813617760194019,-5.307113559927959,4.975002120699406,4.975002150501728,0.3833299928480511,0.310820655391816
4.967490663950196,4.829709635378957,-5.293556512391116,4.975002120699406,4.975002150501728,0.3629144782897664,0.33904206011542515
4.979473755015175,4.848291866237541,-5.276296420527064,4.975002120699406,4.975002150501728,0.3317226363723042,0.37948284214389205
4.98700187559382,4.860379298413208,-5.262767911528087,4.975002120699406,4.975002150501728,0.30635997949894245,0.41070474164049586
4.996324350844368,4.875910012832889,-5.242319495566301,4.975002120699406,4.975002150501728,0.2665613927237486,0.45784642762353434
