2.8065412892339108,0.024037718222500004,4.912442979699411,2.775002087916851,0.025002076740980428,2.656579606957056e-12,-0.9985163709561069
2.8065125228524526,0.02395202838052768,4.902564635215048,2.775002087916851,0.04166874365599981,5.570714519796075e-19,-0.9997750536795234
2.8065644391922806,0.024079273665154943,4.857100968742341,2.775002087916851,0.06944652184769953,5.933783836627647e-26,-0.9999555317687965
2.8065873123921055,0.02367306598059038,4.814190980408289,2.775002087916851,0.10463170755719499,1.1292374148215608e-29,-0.9999794475521866
2.8066468837221894,0.023145741091246563,4.771969326185264,2.775002087916851,0.14475516494529103,3.411945337919416e-31,-0.9999847856050006
2.8067012364832014,0.022029021166209972,4.732349749337611,2.775002087916851,0.18817080345286702,9.763233269022276e-32,-0.999986311491309
2.8067050652962067,0.021247476883255345,4.708539304411102,2.775002087916851,0.2337812293753591,4.413453599396615e-32,-0.9999871931611737
2.806677625052373,0.020461018091179284,4.658266061359126,2.775002087916851,0.2808548469152517,1.3361895986699503e-31,-0.9999859450908564
2.80668647683874,0.0205349321621906,4.60636809899652,2.7583354210018305,0.3289039255579,7.593334054084917e-30,-0.9999801445236315
2.8067219300261357,0.020795971802025193,4.564433829523647,2.7583354210018305,0.3289039255579,5.227659435913514e-29,-0.9999764957108692
2.806760199264268,0.02099880416416866,4.522087907418242,2.7583354210018305,0.3289039255579,3.559878466080185e-28,-0.9999721327145246
2.8066938343199634,0.020686991723582793,4.4777391232803145,2.7583354210018305,0.3289039255579,2.5063085910779286e-27,-0.9999667722869289
2.806648258857418,0.02054810614965774,4.434123584476932,2.7583354210018305,0.3289039255579,1.6682416203466153e-26,-0.9999604727481535
2.806601210282974,0.020393454009445477,4.39034555122663,2.7583354210018305,0.3289039255579,1.0843628540886227e-25,-0.9999529506681983
2.806537603422612,0.02023258858758048,4.346596598382899,2.7583354210018305,0.3289039255579,6.813566506064637e-25,-0.9999440160499864
2.8064716116428645,0.020081221119340853,4.3028420601206365,2.7583354210018305,0.3289039255579,4.1543061698907464e-24,-0.9999333840159809
2.8063979138375093,0.019930318493385002,4.259083344244506,2.7583354210018305,0.3289039255579,2.4555255705778578e-23,-0.9999207391526588
2.8061867228453625,0.018619441427517813,4.215172069260538,2.7583354210018305,0.3289039255579,1.3614928225339294e-22,-0.9999060130349818
2.8057865734508276,0.015684271779560888,4.171048339241163,2.7583354210018305,0.3289039255579,7.012024377398926e-22,-0.9998890587929581
2.8054990579949184,0.013798025648227963,4.127054033273463,2.7583354210018305,0.3289039255579,3.616687758777405e-21,-0.9998686518309148
2.805400696824284,0.013655939768351999,4.083285407855822,2.7583354210018305,0.3289039255579,1.895921559730546e-20,-0.9998437544331229
2.805289760644971,0.013509148457975684,4.0395580385517205,2.7583354210018305,0.3289039255579,9.614311547409949e-20,-0.9998141991581322
2.805152258275749,0.013330464492524285,3.996010170502482,2.7583354210018305,0.3289039255579,4.683891529717785e-19,-0.9997792978062273
2.80493742367711,0.013076146136626221,3.9529429698437615,2.7583354210018305,0.3289039255579,2.1562827315695185e-18,-0.999738631186642
2.8047492904438442,0.012887323305715626,3.9094901243312807,2.7583354210018305,0.3289039255579,9.817206967344937e-18,-0.9996898538925867
2.8046703962765367,0.01280691270746992,3.8568781630894544,2.7583354210018305,0.3289039255579,6.023823621603968e-17,-0.9996176518325188
2.8046222794834446,0.012768107493904779,3.8136673407789887,2.7583354210018305,0.3289039255579,2.5922228822312245e-16,-0.9995458295729891
2.804657185039419,0.012795494173737154,3.7708175889009192,2.7583354210018305,0.3289039255579,1.080295159877055e-15,-0.9994606789539282
2.8047028163396934,0.012828856708972936,3.727936832434765,2.7583354210018305,0.3289039255579,4.38044237723345e-15,-0.9993593974064093
2.8044771346953556,0.01268594657712896,3.6838399311087247,2.7583354210018305,0.3289039255579,1.7404916448624864e-14,-0.9992382017884867
2.8043395760991316,0.01261469453975117,3.6401871059000235,2.7583354210018305,0.3289039255579,6.6822903377689e-14,-0.99909458906164
2.8041953376187347,0.012541764070977734,3.596464886595968,2.7583354210018305,0.3289039255579,2.493692721172389e-13,-0.9989237103405895
2.804038421952505,0.012473552730682513,3.5527523100741036,2.7583354210018305,0.3289039255579,9.019266447517054e-13,-0.9987208406389806
2.804691647494078,0.011568630516981315,3.5096662643315844,2.7583354210018305,0.3289039255579,3.30573723724201e-12,-0.9984706047461227
2.80615716935052,0.009837598664523384,3.4672142428359174,2.7583354210018305,0.3289039255579,1.2228482019535494e-11,-0.9981606686273693
2.80662253616374,0.00915002493907302,3.4240094040186455,2.7583354210018305,0.3289039255579,4.156045782689996e-11,-0.9978043563849341
2.8064906545255965,0.0091167861694057,3.3890735367303804,2.7583354210018305,0.3289039255579,1.0545961609845358e-10,-0.9974796901800613
2.8062889799071122,0.009073255879545883,3.336678041388263,2.7583354210018305,0.3289039255579,4.1113031967273497e-10,-0.9969008519675785
2.8061146328660556,0.009042750109001574,3.293053002322187,2.7583354210018305,0.3289039255579,1.2347394540364659e-09,-0.9963191357252917
2.8058820528214046,0.00901196745130406,3.2408312219250517,2.7583354210018305,0.3289039255579,4.421652879823297e-09,-0.9954790935927947
2.805672373975412,0.008974259927132522,3.206284807954763,2.7583354210018305,0.3289039255579,1.0002427759306611e-08,-0.9948244979183465
2.8052701482833307,0.008955424944042889,3.1637285555261445,2.7583354210018305,0.3289039255579,2.6396862265127606e-08,-0.9938972436747019
2.805060856969325,0.008949241758845261,3.1201400205195666,2.7583354210018305,0.3289039255579,7.031263160536853e-08,-0.9927576176245215
2.8049977383315348,0.008952049273069917,3.0769075732487132,2.7583354210018305,0.3289039255579,1.8222137422394768e-07,-0.9914028367979016
2.8049479635832135,0.008955697927408579,3.0425542536446057,2.7583354210018305,0.3289039255579,3.8024617490639124e-07,-0.9901486084125579
2.8050083100249132,0.00895103452850421,2.9916763259885966,2.7583354210018305,0.3289039255579,1.101194267936335e-06,-0.9879298031705529
2.805108055494239,0.008929476080741239,2.949403251663725,2.7583354210018305,0.3289039255579,2.5882947283938222e-06,-0.9857052210766032
2.8048282158309252,0.008991605646031076,2.9058314846171087,2.7583354210018305,0.3289039255579,5.929450954428303e-06,-0.9830624228499505
2.8046858320806543,0.009038064962931358,2.8628822765684507,2.7583354210018305,0.3289039255579,1.3141715891840249e-05,-0.979952570896685
2.8052606556829307,0.009655487242486771,2.8182124157283557,2.7583354210018305,0.3289039255579,3.0459376943128672e-05,-0.9758840607761547
2.8065762156532124,0.010907970863939909,2.7721370176864304,2.7583354210018305,0.3289039255579,7.290463674769967e-05,-0.9705433333637671
2.806937293793615,0.011397938218230763,2.7284549598268515,2.7583354210018305,0.3289039255579,0.00015291414454062942,-0.9648330295904326
2.806785346111699,0.011472877997206865,2.686185085998206,2.7583354210018305,0.3289039255579,0.00029563657521000224,-0.9585594851358348
2.8066617668453144,0.011538365220641111,2.652564838035438,2.7583354210018305,0.3289039255579,0.000489507715242403,-0.9527999056221478
2.8064724015442835,0.011649210666838883,2.602427080331629,2.7583354210018305,0.3289039255579,0.0010046324087349936,-0.9427369879177556
2.806297498175308,0.011760779324816895,2.561083914843507,2.7583354210018305,0.3289039255579,0.0017633396329115865,-0.9329117102984417
2.8061175746559943,0.0118860525996336,2.519952398054792,2.7583354210018305,0.3289039255579,0.0030049489002764176,-0.9215354642113837
2.805878497807786,0.012064546588533176,2.4795430363197775,2.7583354210018305,0.3289039255579,0.004934217144253127,-0.9086292383057551
2.8056078816897028,0.012281811044934088,2.4394484460461863,2.7583354210018305,0.3289039255579,0.007863931439397655,-0.8938765172388802
2.8053298983005526,0.01248491952340025,2.3994518874527393,2.7583354210018305,0.3289039255579,0.012209233342051973,-0.8769548181933762
2.8050115863305187,0.012785793486948194,2.359786255798942,2.7583354210018305,0.3289039255579,0.01841633051104577,-0.8577558883390182
2.8042865686183713,0.01353051111621717,2.3225189689949843,2.7583354210018305,0.3289039255579,0.026223558986645853,-0.837897308610114
2.8034925151457877,0.014411555158186928,2.293014788072136,2.7583354210018305,0.3289039255579,0.034023906013112025,-0.8207828956281036
2.802210990196791,0.015934798943224138,2.249364605623559,2.7583354210018305,0.3289039255579,0.04881240986268536,-0.7926679448667387
2.801063097402057,0.01739712486944711,2.2158296746117876,2.7583354210018305,0.3289039255579,0.06306993011462585,-0.7688213427995166
2.7981836092876105,0.020425561762117184,2.1835501211579933,2.7583354210018305,0.3289039255579,0.07657913367759812,-0.7480783691223559
2.7938121456105964,0.02480422306740593,2.151367924712481,2.7583354210018305,0.3289039255579,0.08903313186266829,-0.7300666906270212
2.7904567091599795,0.029124335596812045,2.119830547104773,2.7583354210018305,0.3289039255579,0.10454648611026171,-0.7087081462340181
2.7879051434173476,0.03345753497608506,2.088449078032858,2.7305576428101306,0.37760331167213057,0.18500328904434063,-0.6075731598639599
2.783944023660247,0.04067717415606786,2.061180224620446,2.7305576428101306,0.37760331167213057,0.20565951624358406,-0.58265841280368
2.779330714161464,0.04961993131314557,2.035321450482607,2.7305576428101306,0.37760331167213057,0.22389967321775867,-0.5606646553720724
2.7736356260872252,0.06142969078143956,2.005400922036546,2.7305576428101306,0.37760331167213057,0.24432231015198702,-0.5358965684766825
2.7696786948716117,0.07014713866790245,1.9863100226743602,2.7305576428101306,0.37760331167213057,0.25637948020317075,-0.5211413973189543
2.764674562620181,0.08178856218070685,1.9630780927905125,2.695372457100636,0.4267362362756309,0.3699890159724017,-0.36966078754786147
2.7590904688376696,0.09562027243934068,1.9418145049748676,2.695372457100636,0.4267362362756309,0.3848241817803762,-0.3468125538379473
2.7522925944885,0.11366659095524767,1.9312071508958597,2.695372457100636,0.4267362362756309,0.3852090144985884,-0.346204266152214
2.7445497349756174,0.13439674066633778,1.9299199882904583,2.65524899971254,0.47615818692923606,0.4589033902605804,-0.20417468171080377
2.739410040171732,0.1481501633689586,1.9209822942849006,2.65524899971254,0.47615818692923606,0.4622775254803481,-0.19549459174274675
2.7307272629786468,0.17262582781458136,1.903022983784229,2.65524899971254,0.47615818692923606,0.46962989563627694,-0.17518154054860446
2.724673192225458,0.1904466923385737,1.8968692035071752,2.611833361204964,0.5257728224004115,0.4999913787870258,-0.002936194433192485
2.7169574558235077,0.2134531832660258,1.8933304737593795,2.611833361204964,0.5257728224004115,0.49998158307268437,0.004291507937665973
2.7090189875796877,0.2372443580193817,1.89337530564295,2.611833361204964,0.5257728224004115,0.4999785249408897,0.004634135608731382
2.6995087000536824,0.26566607211676185,1.8937552248278633,2.566222935282472,0.5755159158418813,0.47301572639224104,0.16502934564776162
2.691614409779076,0.28921075917462247,1.8960176062274594,2.566222935282472,0.5755159158418813,0.47024205480962455,0.1733882405085958
2.6869475115474195,0.30296820290342374,1.8997075732987612,2.535815984657599,0.6253446502881282,0.4542913222227209,0.21550750111192984
2.6761325714171473,0.3339549375901072,1.9133185216864699,2.535815984657599,0.6253446502881282,0.45682216154156724,0.20935977409676032
2.6684141552505967,0.35529468183423063,1.9225389854047956,2.535815984657599,0.6253446502881282,0.45802706578091584,0.20637281185565914
2.6604335111013953,0.3767151087678915,1.9316027828100841,2.515544684206651,0.6752304823021822,0.4679053942743946,0.18014160256642886
2.6521283592735863,0.3984519404019906,1.9397195178667557,2.515544684206651,0.6752304823021822,0.4689694678526521,0.17709675924584256
2.6413043525457542,0.4208753858279817,1.9490067834513576,2.502030483801916,0.7251543842972048,0.48968634446885295,0.10173265355092198
2.6293554349302326,0.44390446846287723,1.9568631384481674,2.502030483801916,0.7251543842972048,0.49394072881231754,0.07792043477056487
2.61924840525346,0.46704226389366355,1.9612811534023886,2.493021016586511,0.7751036725421326,0.4999897115738113,-0.0032075631674276517
2.609671862296212,0.4901761820749595,1.964145247974853,2.493021016586511,0.7751036725421326,0.4999093454242787,-0.009521413520069077
2.600125660041222,0.5132000090893953,1.9631018652223464,2.4870147044404813,0.8250698922200612,0.4921855597049777,-0.08851540873002484
2.590710348667411,0.5360534421379466,1.9600221816389192,2.4870147044404813,0.8250698922200612,0.4920558262038424,-0.08924909978432938
2.5814143569995256,0.5588476613340401,1.9561462033154702,2.483010494891799,0.8750474071830654,0.47278439227903135,-0.1657419697628293
2.572403904547455,0.5812028287022937,1.9502599640031524,2.483010494891799,0.8750474071830654,0.4724689872972515,-0.1667088556445785
2.5637375007789167,0.603170247788352,1.942955824303631,2.4803410189902215,0.9250324595815301,0.4467618330615962,-0.23290389059060113
2.5538340823861887,0.6288993916552119,1.9314662582272502,2.4803410189902215,0.9250324595815301,0.4477922144999557,-0.23059499032648356
2.5460705041765195,0.6498286458127307,1.9202444384603465,2.4785613631866226,0.9750225428910548,0.42282860621981927,-0.28169099484251003
2.5400878615943157,0.6665040657357295,1.9105880829372568,2.4785613631866226,0.9750225428910548,0.4245941938054694,-0.2783540841578831
2.533189002416597,0.6864383845920106,1.8984231541383172,2.4773749172867996,1.0250159840509134,0.40294102984057023,-0.31716778225961795
2.526660344158092,0.7060436832411146,1.8853330786436096,2.4773749172867996,1.0250159840509134,0.40611323770192886,-0.31174018364111455
2.520520253362797,0.7253427450014822,1.8714667688642093,2.4773749172867996,1.0250159840509134,0.40981595054506786,-0.3053025872587699
2.513414381386875,0.7489354016700318,1.8553681629174341,2.4765839398952774,1.0750116651690644,0.39451846958599,-0.33121848588102076
2.5089963544745277,0.7643439609664302,1.8439431418580907,2.4765839398952774,1.0750116651690644,0.3976618859343616,-0.3260329598649061
2.5027844179541106,0.7872601391237612,1.8270735188087717,2.476056602303955,1.1250088383629004,0.3888163766109881,-0.340460314270828
2.4979362245459455,0.8063261056819826,1.8120994356230409,2.476056602303955,1.1250088383629004,0.39380500719400013,-0.33238623127878675
2.4942950074479224,0.8214750785222655,1.8010077898506924,2.476056602303955,1.1250088383629004,0.39657799571372676,-0.3278285821775224
2.4899062420695,0.8408470112340609,1.786472965583781,2.475705018097201,1.1750070026915027,0.39331519655403113,-0.3331859902790528
2.485014040782996,0.8641782789125596,1.7694545864577027,2.475705018097201,1.1750070026915027,0.39817099186808763,-0.32518674103308576
2.4823411345809365,0.8805132198358407,1.7584642997443307,2.4588039296606476,1.2250058224000717,0.4460638946687701,-0.23445596569329152
2.4784508492662596,0.9064656030039373,1.74140250929524,2.4588039296606476,1.2250058224000717,0.4546597039468986,-0.21462288145488084
2.475505130129612,0.9245707826632685,1.7340873074127516,2.4588039296606476,1.2250058224000717,0.4556448483731932,-0.21224030346125944
2.4718717403954784,0.9471477181590373,1.724554141426585,2.43086983351673,1.2750050725717952,0.49656766061904134,-0.058619806465428304
2.4676360926382532,0.9749919178531758,1.7211498498545923,2.43086983351673,1.2750050725717952,0.49678127462277344,-0.05676434995297108
2.4646963463980267,0.9945986488456526,1.7194861009273257,2.4289137303418022,1.3250046029070426,0.49338194815773584,-0.08144176959803606
2.4617481734546818,1.0142915771683203,1.7175742755560397,2.4289137303418022,1.3250046029070426,0.49316014190078206,-0.0827983974866251
2.4574888752365585,1.0435891523264793,1.7132323685975825,2.4276096232572506,1.375004313469379,0.48908638986783365,-0.10466045379270894
2.454041115280541,1.0680028338583032,1.7094047722475703,2.4276096232572506,1.375004313469379,0.48900320661044594,-0.10506004428834703
2.4506645525840653,1.09245875437691,1.7056966397825841,2.4267401851037427,1.4250041383390313,0.48433388484613227,-0.1254966415826959
2.447440836080384,1.1166086001436142,1.7004320735220466,2.4267401851037427,1.4250041383390313,0.48456201243797387,-0.12457467619788287
2.443783492261085,1.1453425486746163,1.694344540107742,2.42616053473204,1.4750040345188087,0.48070302666950065,-0.13936958958489576
2.441451280897301,1.1644319001116354,1.6898638003279869,2.42616053473204,1.4750040345188087,0.48084747736411065,-0.13884350130701628
2.4386654630382996,1.1883489639528815,1.6837401802894132,2.4257740874536045,1.5250039743633699,0.47818764187337537,-0.14823962579455519
2.4360370010033776,1.2122100875158992,1.6774375214135915,2.4257740874536045,1.5250039743633699,0.47865801557964743,-0.14662056078540786
2.433091959702306,1.2408085175979533,1.6697149941927805,2.425516454838261,1.575003940402815,0.4772736011798193,-0.15133780739048408
2.430806259927584,1.2646445428482078,1.6632216198818564,2.425516454838261,1.575003940402815,0.47777864856852603,-0.14963360842204732
2.4286692222940243,1.2884877784119553,1.6567416606090855,2.4253447110191244,1.6250039218145205,0.47738307324998036,-0.1509699932981331
2.426689495534937,1.3123335372837772,1.6500887309173145,2.4253447110191244,1.6250039218145205,0.47800363620615344,-0.1488683423765763
2.424869754306769,1.336196374159444,1.6434292878921204,2.4252302369856387,1.6750039120397768,0.47874025826803224,-0.1463356906051574
2.4249594646092643,1.3602111495029483,1.6361513326192085,2.4252302369856387,1.6750039120397768,0.4827662163616413,-0.13166154679443576
2.4251610949299405,1.3844217165755062,1.6293937422463887,2.4251539504736614,1.725003907197076,0.48646186176217004,-0.11661983622343564
2.4242750944035922,1.4087441666741825,1.6239296035128727,2.4251539504736614,1.725003907197076,0.4876503862437407,-0.11136056123447102
2.423040980308736,1.433123124660355,1.6190215036923923,2.4251031264194403,1.7750039050461397,0.48836234078541946,-0.10808981851036314
2.421922165059687,1.4575431883418215,1.6142528017026634,2.4251031264194403,1.7750039050461397,0.4886910572068795,-0.10654636593448386
2.420724212623341,1.4868872463033327,1.6086476618495622,2.425069277830505,1.8250039043271955,0.48982247554616876,-0.10105669400513184
2.4198524496508345,1.5113529335647495,1.6040642357566002,2.425069277830505,1.8250039043271955,0.4901389115750388,-0.09946792993484588
2.419118577888984,1.5348702646080046,1.5999425308147162,2.4250467435370116,1.875003904350531,0.491398529620146,-0.09287828208216031
2.4184295000565257,1.5604205984982524,1.5956594826599384,2.4250467435370116,1.875003904350531,0.49164518546366,-0.0915330810230448
2.4178679923205344,1.5850207120618407,1.5916365063906295,2.4250317470669995,1.9250039047486756,0.4930240098872997,-0.0836202189558628
2.4174018008389613,1.6096819752767413,1.5879153362965746,2.4250317470669995,1.9250039047486756,0.49321979441749836,-0.08243572109856545
2.4170469588059564,1.6327294707338673,1.5845397507893735,2.425021769446543,1.9750039053311548,0.4945425492258723,-0.07394214320926584
2.4166860395124967,1.6640356366148463,1.5802131933072419,2.425021769446543,1.9750039053311548,0.49478098412367993,-0.07230594251645905
2.416521967188965,1.6838236417533867,1.5776877463224346,2.4250151311205563,2.025003906001929,0.49597646390333017,-0.06347406647105258
2.4163879592739264,1.7085566441728783,1.5747911742098188,2.4250151311205563,2.025003906001929,0.4961087990163482,-0.062420112972750186
2.4163238029991376,1.7333778218544627,1.5720483385231523,2.425010713130972,2.0750039067138943,0.4971619360381415,-0.05329875700931308
2.416325993323637,1.75823201343192,1.5695648510094284,2.425010713130972,2.0750039067138943,0.49726635387758406,-0.052308171518799185
2.4163851190213954,1.7831171551164804,1.5672647234453012,2.425007770993515,2.1250039074445772,0.4981227779616156,-0.04334050297128211
2.4150062070018894,1.809531100921614,1.566004135021056,2.425007770993515,2.1250039074445772,0.4971137924738078,-0.05374935696881322
2.4136451009257502,1.8359285760000414,1.5644307447256267,2.4416724771845044,2.1750039081835464,0.4773605596199327,-0.15104570743634993
2.4136605650362046,1.8605666444147548,1.559548869888499,2.4416724771845044,2.1750039081835464,0.4764816666921763,-0.1539732900586782
2.414033842795634,1.8848085832834656,1.5521547124481367,2.469448948330869,2.2250039089260882,0.4247071131512531,-0.27813947558074903
2.414534726051084,1.9069677002248149,1.542530002381189,2.469448948330869,2.2250039089260882,0.42482146213268496,-0.277922001562263
2.415254959934215,1.92803919350842,1.5300472182472367,2.469448948330869,2.2250039089260882,0.42766949782944047,-0.272456251929036
2.4162526818757915,1.949475231150842,1.5180653068023091,2.504633263727992,2.275003909670132,0.34854799971451883,-0.4009279589467307
2.417354473933889,1.9679260820961328,1.50206083135974,2.504633263727992,2.275003909670132,0.3534982147525959,-0.3938688202367646
2.4187095472444344,1.9853936005843824,1.4848229137683946,2.504633263727992,2.275003909670132,0.36023177109749904,-0.38411926465438884
2.420420113954858,2.0034522361541374,1.4677171598644985,2.5447561438612984,2.325003910414792,0.28401806129495305,-0.48673708660593484
2.422300043313692,2.0198634375037905,1.4431907200017573,2.5447561438612984,2.325003910414792,0.2983770284710166,-0.4684323782643406
2.42448385670021,2.0354522165739493,1.4183605671949204,2.5447561438612984,2.325003910414792,0.3138709629837047,-0.4482491900456971
2.42704545455571,2.050973494753327,1.3983501014401023,2.588171402671756,2.3750039111596974,0.25631932294448645,-0.5212153331090889
2.4295814855370157,2.0647713678092305,1.3780720488232934,2.588171402671756,2.3750039111596974,0.26723318804870855,-0.507740979571974
2.4322237629235293,2.0774672619670778,1.3549593066905958,2.588171402671756,2.3750039111596974,0.28276257622804096,-0.48832170694874066
2.435414241969177,2.091300545711075,1.3338536207690734,2.588171402671756,2.3750039111596974,0.2947982268938354,-0.4730276061805674
2.4390295485260314,2.105585346010841,1.3130573103056018,2.588171402671756,2.3750039111596974,0.3058849544567219,-0.45871360846627474
2.442960201900757,2.1199279412060985,1.2915731102937071,2.6337815824791884,2.4250039119046978,0.26736922444445843,-0.5075722030035841
2.44705328279335,2.133712956442551,1.2718555126900413,2.6337815824791884,2.4250039119046978,0.27771983324576843,-0.49466318201361825
2.451206229253266,2.146679033554978,1.2489911619643714,2.6337815824791884,2.4250039119046978,0.292640874523161,-0.4757866740604645
2.4557324656620256,2.159756012095759,1.2277489871241598,2.6337815824791884,2.4250039119046978,0.305539246749521,-0.45916356260695834
2.460661118559697,2.173204693369213,1.2119788142519126,2.6337815824791884,2.4250039119046978,0.3111572181596447,-0.45182060297061066
2.466218908166299,2.1876213853211386,1.1921044518259347,2.680855044130405,2.4750039126497354,0.28775126135744716,-0.48201087696360045
2.4718366668076914,2.201300176911859,1.1714092385871966,2.680855044130405,2.4750039126497354,0.29986481596024833,-0.4665151193849838
2.477760243985472,2.2149419636752405,1.1508256881016268,2.680855044130405,2.4750039126497354,0.31170040479645195,-0.4511070509958689
2.4842046362765533,2.228991138302055,1.1308182454711773,2.680855044130405,2.4750039126497354,0.3222044710081377,-0.4371752503277956
2.491165356689651,2.2449242478733957,1.1091835398682979,2.7289040273490657,2.5250039133947855,0.3127255269888898,-0.4497586358676553
2.4984548208022694,2.260672883186249,1.0872160424169754,2.7289040273490657,2.5250039133947855,0.3233164269741137,-0.4356848332752009
2.506072420180189,2.2749496441932724,1.0679042558047556,2.7289040273490657,2.5250039133947855,0.3334854378107502,-0.4219030689901745
2.51390682859396,2.2888937290352267,1.0500678123021163,2.7289040273490657,2.5250039133947855,0.34198285848954935,-0.41015903716888225
2.5228308732643647,2.3041195966428454,-5.25188219279381,2.7289040273490657,2.5250039133947855,0.349906901750866,-0.3989988690631996
2.5318801028559115,2.3189394825951375,-5.269020073574271,2.7776033578721857,2.5750039141398413,0.3535267042435197,-0.3938279354708947
2.54140336598806,2.333946759508434,-5.286204285539891,2.7776033578721857,2.5750039141398413,0.36143896773738854,-0.3823523843828335
2.551298000986785,2.348963316686925,-5.303336337343035,2.7776033578721857,2.5750039141398413,0.368815097191364,-0.3714224853340482
2.5616261321717726,2.3640888009264867,-5.320207585590095,2.7776033578721857,2.5750039141398413,0.3752216473779216,-0.3617292997440539
2.572322480802306,2.379183650194566,-5.337067983618291,2.826736252386663,2.625003914884899,0.38816516890102304,-0.3415029259887673
2.583744967689901,2.3947706614323288,-5.3521972016914505,2.826736252386663,2.625003914884899,0.3940346539832437,-0.3320107264472498
2.595616430276783,2.41049087064796,-5.366989506957359,2.826736252386663,2.625003914884899,0.3988926852292942,-0.3239840494861198
2.607793279079768,2.4261305438235805,-5.380694271321422,2.8761581885955025,2.6750039156299565,0.412817466005369,-0.2999983854115319
2.6204483232564257,2.4419608631728877,-5.392907411458897,2.8761581885955025,2.6750039156299565,0.416405715257564,-0.2935500967225605
2.6337051385398578,2.4581205136836104,-5.406169076297598,2.8761581885955025,2.6750039156299565,0.42039779443531017,-0.28622940560287247
2.6472603695608417,2.474197437958752,-5.418739372193012,2.8761581885955025,2.6750039156299565,0.42324968843403576,-0.2808983165367438
2.6610996873368755,2.4902120333022193,-5.431118295347098,2.9257728186433853,2.7250039163750146,0.439986307351466,-0.24759420144536237
2.6755952256312625,2.5065841585643494,-5.44225863381172,2.9257728186433853,2.7250039163750146,0.4428308152812186,-0.24152627545655403
2.6905219054986933,2.523093162832703,-5.4527051747012045,2.9257728186433853,2.7250039163750146,0.4445636331837888,-0.23776075862603385
2.7056430323459715,2.539480993446002,-5.462863057498917,2.975515911402945,2.7750039171200727,0.45947665491560835,-0.2027246273180897
2.7210544966601145,2.5558550706155643,-5.471751415841761,2.975515911402945,2.7750039171200727,0.46121898528278116,-0.19825627449933492
2.736981865299814,2.5725008993296345,-5.479858487304299,2.975515911402945,2.7750039171200727,0.4619679824179823,-0.19630596970847725
2.7531122797493985,2.589082299558253,-5.488475547901894,3.025344647293581,2.8250039178651307,0.47464975810078236,-0.1599087827300283
2.7697234577577046,2.60587639292007,-5.4958052598985185,3.025344647293581,2.8250039178651307,0.4758287477517793,-0.1561137761499115
2.786608186173746,2.6227122482914975,-5.502661084371034,3.025344647293581,2.8250039178651307,0.47649890125285166,-0.15391639975972526
2.8036015657665967,2.6394269041326126,-5.509463426830639,3.0752304814027656,2.875003918610189,0.48613752473521804,-0.11801506790865546
2.8209097298484576,2.6562265387982134,-5.515267807017911,3.0752304814027656,2.875003918610189,0.4869450424818987,-0.11451036316882146
2.83856879075271,2.6731974554569202,-5.5202668554179475,3.0752304814027656,2.875003918610189,0.4872394860638631,-0.11320595868177952
2.858982481580549,2.696184909592489,-5.523801989677443,3.1251543854058506,2.925003919355247,0.49037032987188783,-0.09828998902974517
2.8795753458391182,2.7195818027475536,-5.527032386210812,3.1251543854058506,2.925003919355247,0.48600984134523484,-0.11855991668561994
2.8975842551400977,2.7368058387829244,-5.531869839233954,3.1751036752770467,2.975003920100305,0.49298826685213437,-0.08383467488922847
2.9155900507908914,2.7535536719648217,-5.535838248009321,3.1751036752770467,2.975003920100305,0.49334555836870253,-0.08166587081623711
2.9337385268466836,2.770313139530364,-5.539460108194785,3.1751036752770467,2.975003920100305,0.49352600097669513,-0.08054857721166608
2.9519455281970632,2.787004411297458,-5.5429967022848885,3.2250698961445665,3.025003920845363,0.4978139163554665,-0.046772647880619744
2.9703207096586937,2.80374161858858,-5.545226995966654,3.2250698961445665,3.025003920845363,0.49792616751642826,-0.045555125462033
2.98506649749328,2.8171329785222934,-5.546655751411611,3.2250698961445665,3.025003920845363,0.4979334804333516,-0.04547467878509248
3.0072145286539014,2.8371736159416194,-5.548572844073498,3.275047411915799,3.075003921590421,0.4997125803413907,-0.016954268025167862
3.025751599601797,2.853895365543883,-5.549643700687982,3.275047411915799,3.075003921590421,0.49974449955670464,-0.01598506208174777
3.044326232848694,2.8706244716096574,-5.550367120393554,3.275047411915799,3.075003921590421,0.4997511853224985,-0.015774514875916634
3.06291545356569,2.8873437326406357,-5.551057861021803,3.3250324648317364,3.125003922335479,0.49992346876282523,0.008748324964675591
3.081516786285576,2.904062334832407,-5.550888669674562,3.3250324648317364,3.125003922335479,0.49991768445471196,0.009072915965392836
3.100114815046484,2.9207917669406758,-5.550503640117248,3.3250324648317364,3.125003922335479,0.49991886501937927,0.009007617616083374
3.1187026651920906,2.937523331482076,-5.550083970897299,3.375022548456156,3.175003923080537,0.4991982026356385,0.028319813775842695
3.129843117677974,2.947556930421154,-5.549768341805295,3.375022548456156,3.175003923080537,0.49916203792672775,0.028951620955401935
3.1594511058110974,2.9742780303557623,-5.5478899093800536,3.4250159897991486,3.225003923825595,0.49817677188474824,0.04271227533027511
3.177918188740387,2.991008800168821,-5.546147673093617,3.4250159897991486,3.225003923825595,0.498216936408874,0.04223890990104717
3.1963475589084442,3.0077703525550827,-5.544302665303864,3.4250159897991486,3.225003923825595,0.49825967144346217,0.04172936775814584
3.214754155145627,3.024571512388384,-5.54247271427692,3.4750116710194785,3.2750039245706533,0.49741608094928785,0.050854214535250186
3.233105889044407,3.0413880143444354,-5.540321428521283,3.4750116710194785,3.2750039245706533,0.4974857333457464,0.05016353114899563
3.2514113104621165,3.0582369436430437,-5.538112324865761,3.4750116710194785,3.2750039245706533,0.4975441106198537,0.04957726755413239
3.26967692546042,3.075121999805842,-5.535821110955389,3.525008844268162,3.3250039253157113,0.4970392293734811,0.05443989827138185
3.2883699515308935,3.0922773395989473,-5.533466938369121,3.525008844268162,3.3250039253157113,0.49701800236707927,0.05463489537619526
3.3096094058750376,3.1107603472113157,-5.531936487772492,3.525008844268162,3.3250039253157113,0.4960569376666818,0.06283524642324512
3.3303369385908574,3.129012285786204,-5.530007939275934,3.5750070086251506,3.3750039260607694,0.4951476835361847,0.06971519363650813
3.348387546285074,3.145984339315553,-5.527076256740026,3.5750070086251506,3.3750039260607694,0.4952460916586531,0.06900349553766327
3.366378081929124,3.1630029547289285,-5.524045735406643,3.625005828347907,3.4250039268058274,0.4957313138672856,0.06538187497637327
3.38433749083576,3.180093845231373,-5.5211508635038555,3.625005828347907,3.4250039268058274,0.4958955703998443,0.06410983785181679
3.402256790797387,3.1972430318000367,-5.518313482527607,3.625005828347907,3.4250039268058274,0.4960089379118282,0.06321705272580802
3.4201187861915194,3.2144339525658747,-5.515451952512227,3.675005078526489,3.4750039275508855,0.496718153821384,0.057318842981968876
3.437926332648236,3.231669111680887,-5.5128433368285386,3.675005078526489,3.4750039275508855,0.4968564906407942,0.05609647962310449
3.4592842135803945,3.2524559425122623,-5.509866077350168,3.675005078526489,3.4750039275508855,0.49695011179758114,0.05525395523007126
3.4734946912515348,3.266355444881916,-5.507922892714707,3.725004608864947,3.5250039282959436,0.4976768345723434,0.048217934539784624
3.491240225261885,3.283785166985668,-5.505682621295913,3.725004608864947,3.5250039282959436,0.49777933839132504,0.04714137818294617
3.51250907790918,3.304773024846699,-5.50318162873971,3.725004608864947,3.5250039282959436,0.4978389954102024,0.04650338761802253
3.526660683096024,3.318795434518143,-5.501542639496424,3.7750043194287395,3.5750039290410016,0.49850577997990125,0.038664783899963195
3.5478489559339508,3.339875560745045,-5.499174797691798,3.7750043194287395,3.5750039290410016,0.4986131812802488,0.0372486351147594
3.5654427574384044,3.357453620245572,-5.497387261065609,3.7750043194287395,3.5750039290410016,0.498661934194774,0.03658775093591138
3.5830473636225753,3.37510178715224,-5.495803755048719,3.825004144299033,3.6250039297860597,0.49919760816926373,0.028330313040736632
3.600643382937551,3.3927935150234196,-5.494413419400434,3.825004144299033,3.6250039297860597,0.49923692292325234,0.027627365786737634
3.6182297903589866,3.410520121935126,-5.4931933219358715,3.8750040404790838,3.6750039305311177,0.49958438883640666,0.020387956451664246
3.6358092508223585,3.4282798983468155,-5.492231574447209,3.8750040404790838,3.6750039305311177,0.4996050968766951,0.019873478040035142
3.653380179399793,3.4460619742384235,-5.49135008804574,3.8750040404790838,3.6750039305311177,0.4996157111229778,0.019604543464526225
3.6709339485512134,3.4638583948490993,-5.490488348595047,3.925003980323759,3.725003931276176,0.4998344709506461,0.012866164321832407
3.688459617997239,3.481657601926158,-5.489727213568856,3.925003980323759,3.725003931276176,0.4998505417341238,0.012225617083080564
3.7059617967842744,3.4994551312008344,-5.489214564619094,3.925003980323759,3.725003931276176,0.49985305747700665,0.012122282027760445
3.723723202539249,3.516882976311712,-5.487936012828364,3.9750039463632505,3.775003932021234,0.4999488516536219,0.007151868181095811
3.7418602556521243,3.533724254255371,-5.485607435685473,3.9750039463632505,3.775003932021234,0.49990129267076616,0.009935319688339384
3.7597392638840406,3.5509861334485358,-5.483878340424888,3.9750039463632505,3.775003932021234,0.4998553241176779,0.012028418869630686
3.7771730191307338,3.56891954940226,-5.4833619110321,4.025003927774974,3.825003932766292,0.49998475905394885,0.0039039753433254276
3.7946024477012026,3.5868654338914894,-5.483139082100023,4.025003927774974,3.825003932766292,0.499986110016841,0.0037269353993001353
3.812026410045192,3.6048103001356973,-5.482996391680131,4.025003927774974,3.825003932766292,0.4999860646836049,0.0037330123395342696
3.8294246168758077,3.6227332407375963,-5.482947200930643,4.075003918000237,3.87500393351135,0.4999921581107953,-0.0028003409976856686
3.8468311719394483,3.6406652297057676,-5.482966775742014,4.075003918000237,3.87500393351135,0.4999911234062754,-0.00297936570254953
3.8642517046705223,3.6586082257120074,-5.483085101352631,4.075003918000237,3.87500393351135,0.499991110458551,-0.0029815378231052847
3.88167764329648,3.676551624749309,-5.483209476613994,4.1250039131575384,3.925003934256408,0.49993096283023125,-0.008308956529151423
3.899109245063558,3.6944935918304873,-5.483519790883253,4.1250039131575384,3.925003934256408,0.4999309623910888,-0.00830898295617355
3.916549628330955,3.71243158280811,-5.483877845492125,4.175003911006604,3.975003935001466,0.499855746949219,-0.012010827957696923
3.93399725379168,3.730364259727767,-5.4843079489669915,4.175003911006604,3.975003935001466,0.4998560905595753,-0.011996513862779001
3.9514518024291743,3.7482864468813553,-5.484899544499201,4.175003911006604,3.975003935001466,0.4998627658961849,-0.01171496404282757
3.9653947251440407,3.762589457120429,-5.485307455242765,4.22500391028766,4.025003935746525,0.49979806789106346,-0.014210760157015057
3.9863421201493647,3.7840525337318844,-5.485994637161295,4.22500391028766,4.025003935746525,0.49980299184523713,-0.01403642030777641
4.00381868942969,3.801934162357111,-5.4866019847596235,4.22500391028766,4.025003935746525,0.49980720879222873,-0.013885373598224393
4.0213079072230915,3.8198079127904494,-5.487204615462588,4.275003910310996,4.075003936491583,0.4997668865728315,-0.015268645844087492
4.038810941162,3.8376734201656264,-5.487855366713561,4.275003910310996,4.075003936491583,0.49977327925701426,-0.015057817952415675
4.056326737339314,3.85552838766424,-5.488514903222521,4.275003910310996,4.075003936491583,0.4997780332049679,-0.014899101390713265
4.066841250596226,3.86623565226369,-5.488911310943345,4.325003910709141,4.12500393723664,0.4997626341493816,-0.015407291667300593
4.094870028374965,3.8947369584824125,-5.490026556506652,4.325003910709141,4.12500393723664,0.49977675665351556,-0.014941886200188215
4.112405905236001,3.912535530936471,-5.490664756254062,4.325003910709141,4.12500393723664,0.4997793907830806,-0.01485346571630719
4.129963801912091,3.930333705997418,-5.491308808249818,4.3750039112916195,4.175003937981698,0.4997907419749554,-0.014466258148333577
4.147151054806861,3.948980347729102,-5.491685307375567,4.3750039112916195,4.175003937981698,0.4995895281688454,-0.020261491052490643
4.163920051339252,3.968557146156644,-5.491987267661593,4.425003911962393,4.225003938726756,0.49912937291653,-0.02951067598173085
4.181135877308447,3.9871135802821858,-5.4929733882802285,4.425003911962393,4.225003938726756,0.4988151332357319,-0.034428699705361776
4.198720178584038,4.004843554142424,-5.494394377999125,4.425003911962393,4.225003938726756,0.49883067183691243,-0.03420211315312072
4.216321117119778,4.0225363543547035,-5.495962670554645,4.4750039126743575,4.275003939471814,0.4992184992170451,-0.02795897967753158
4.233932100369725,4.040189090031361,-5.497203257799911,4.4750039126743575,4.275003939471814,0.4992463917826866,-0.027455376296948497
4.251590428810783,4.057846810226331,-5.498413174614771,4.4750039126743575,4.275003939471814,0.4992635738520882,-0.027140506137956932
4.269274840092416,4.075487602889669,-5.4995981398681515,4.525003913405041,4.325003940216872,0.49956046447529073,-0.020966639071764437
4.286988717436853,4.093119309741907,-5.500565237600805,4.525003913405041,4.325003940216872,0.49957847487754165,-0.02053252002503214
4.304725172222954,4.110741831627367,-5.501465879923734,4.525003913405041,4.325003940216872,0.4995867535520448,-0.020329864702912204
4.322477673269229,4.128348577998455,-5.50235775139287,4.57500391414401,4.37500394096193,0.49979326661511475,-0.014378721586247867
4.340245801352143,4.145940155767908,-5.5031807276170435,4.57500391414401,4.37500394096193,0.4998105458345505,-0.013764669713170696
4.357998486106946,4.16348868152768,-5.503922506085074,4.57500391414401,4.37500394096193,0.4998217640404586,-0.013350900757378548
4.375780657357618,4.1810428985489025,-5.50448530034671,4.625003914886553,4.425003941706988,0.49993691868442497,-0.007942458189208357
4.393584435550033,4.198602452749071,-5.5048769936188355,4.625003914886553,4.425003941706988,0.49994008649613836,-0.007740458674106332
4.411397367742636,4.2161591519934865,-5.505216467066237,4.675003915630597,4.475003942452046,0.49998864748093796,-0.003369356321684336
4.429219796161382,4.233714702634314,-5.505397981243824,4.675003915630597,4.475003942452046,0.49998953821216596,-0.003234474349486316
4.447047736449839,4.25127114237674,-5.505539735362661,4.675003915630597,4.475003942452046,0.4999897942658105,-0.003194646914584154
4.464877331840394,4.268823933672368,-5.505679550272848,4.725003916375257,4.525003943197104,0.4999997526013332,0.0004973918849220382
4.482700787307911,4.286365318042451,-5.5057853393474865,4.725003916375257,4.525003943197104,0.49999942571191436,0.0007578180491263353
4.500497151862786,4.3038795617985,-5.505732558936395,4.725003916375257,4.525003943197104,0.4999994945786561,0.0007109299747720677
4.5183169645952175,4.321419523993038,-5.505705316775091,4.758337250205143,4.575003943942162,0.4950149230578677,0.07066404823474759
4.535983360883428,4.3388363938414125,-5.5032246314155,4.758337250205143,4.575003943942162,0.4949688767482918,0.07099020410749302
4.5535449905366745,4.3562645381121925,-5.500123699249273,4.797226139673463,4.62500394468722,0.4896236785753187,0.10204233737590629
4.571149407630792,4.373476338584803,-5.495617214466418,4.797226139673463,4.62500394468722,0.48967617370674404,0.1017829788160971
4.588795336622319,4.390598865554889,-5.490646180876335,4.797226139673463,4.62500394468722,0.489524400514953,0.10253106446271953
4.606182184643744,4.407955771421947,-5.485862723537508,4.823152065985685,4.6750039454322785,0.46783178294812056,0.18035042655732036
4.623062404303772,4.425311926190588,-5.480877512891385,4.823152065985685,4.6750039454322785,0.4666240713341599,0.18374420612685927
4.639001899762423,4.441945902059115,-5.471958782702764,4.857102683775454,4.7250039461773365,0.4592640828064826,0.20326345571533944
4.654790331396072,4.458730282425422,-5.463381308907115,4.857102683775454,4.7250039461773365,0.46062699275326313,0.19978504561944677
4.670406826033585,4.47560191739431,-5.454609259006925,4.857102683775454,4.7250039461773365,0.46182916699218646,0.19666880747484305
4.685921237083565,4.492661230502001,-5.445959018458614,4.879736428968215,4.775003946922395,0.4349494086421599,0.2580210032975241
4.700604089680715,4.509109295639443,-5.435114324899563,4.879736428968215,4.775003946922395,0.4368872013506375,0.25405532073783466
4.714805611757345,4.525392886214535,-5.424464800829795,4.911492259343076,4.825003947667453,0.4357101913516694,0.2564706429984962
4.7288396712242164,4.541821585101283,-5.414292353221147,4.911492259343076,4.825003947667453,0.4376302479795707,0.25251981523020084
4.742730626893707,4.558432139196289,-5.403324083009372,4.911492259343076,4.825003947667453,0.4398781670093019,0.24782222134978693
4.756456551866058,4.575233525190271,-5.391494281052437,4.975002120699406,4.975002150501728,0.3871495690861945,0.34312388169998376
4.769052652293388,4.5910358448634785,-5.3786205931290025,4.975002120699406,4.975002150501728,0.39254463177461085,0.3344410166772671
4.780811443077569,4.606219170517494,-5.363003968484214,4.975002120699406,4.975002150501728,0.40114711178987333,0.32020308327512725
4.792738604816836,4.622138396283447,-5.348739326252572,4.975002120699406,4.975002150501728,0.4078542482628367,0.3087273566128821
4.804682983892032,4.638533531568945,-5.335109848252596,4.975002120699406,4.975002150501728,0.41346096645027486,0.29885076547806544
4.8165497419480054,4.655285568971495,-5.322102869894813,4.975002120699406,4.975002150501728,0.41804533811899974,0.2905626809449273
4.828258265203889,4.672266075783824,-5.3098580739986625,4.975002120699406,4.975002150501728,0.42149576941667743,0.28418727845083946
4.839936748895095,4.689660122001912,-5.29753168047753,4.975002120699406,4.975002150501728,0.424500344280672,0.278532339110541
4.853789349251821,4.7109200422218285,-5.282864883800215,4.975002120699406,4.975002150501728,0.4272787959895781,0.27321176496239663
4.862910548887061,4.725290196586932,-5.27321683821159,4.975002120699406,4.975002150501728,0.42848518420973547,0.270872928025752
4.876406459060201,4.747125174545072,-5.259039235206943,4.975002120699406,4.975002150501728,0.4290578563878689,0.2697564026389401
4.885254295900288,4.7618190563303955,-5.249661964807399,4.975002120699406,4.975002150501728,0.4285790310202358,0.2706902367606685
4.899542694557187,4.78512481520341,-5.236349940923561,4.975002120699406,4.975002150501728,0.42191672059451885,0.2834009498601715
4.909444874547288,4.801158546343434,1.0557425862492416,4.975002120699406,4.975002150501728,0.41314416878134996,0.2994162132751934
4.922565414586509,4.823907453043331,1.0709670944730518,4.975002120699406,4.975002150501728,0.4013042870573746,0.31993810073710605
4.932075901010383,4.841604624379487,1.084600871816919,4.975002120699406,4.975002150501728,0.39149681463270924,0.33614150885104443
4.941119483952389,4.859016689144848,1.099165371789442,4.975002120699406,4.975002150501728,0.3775200537631845,0.35820302933711234
4.949612204081238,4.8759883663230585,1.1146433838565375,4.975002120699406,4.975002150501728,0.35708363764375084,0.3886993853831453
