2.6321513360698,0.025024354790906145,4.963221458720975,2.6250020856816767,0.07500207748603849,5.123414743577482e-09,0.9953684387777688
2.6321069337864067,0.025408886025566346,4.989789698678057,2.6250020856816767,0.09166874440105788,1.0765084330756403e-08,0.9947603351759695
2.631990498984658,0.025578002482653517,5.033499573240252,2.6250020856816767,0.11944652259275759,2.6323311910017818e-08,0.993900175266093
2.6319447379199428,0.025728832821432235,5.077000155038786,2.6250020856816767,0.15463170830225306,5.478329762686904e-08,0.9930700446929954
2.6318861883904745,0.02589119533508999,5.120457802930252,2.6250020856816767,0.19475516569034912,1.0323295575968241e-07,0.9922438968871421
2.631818426598368,0.026041652288093076,5.163883322185094,2.6250020856816767,0.23817080419792508,1.8293897727252376e-07,0.9913966553690203
2.631745755729014,0.026186953224828002,5.207265645596301,2.6250020856816767,0.2837812301204172,3.115135363641434e-07,0.9905087845095211
2.6316686842303287,0.026323952401073214,5.25059272202614,2.6250020856816767,0.3308548476603098,5.159254350369623e-07,0.989565496301668
2.6328207464331648,0.02607471305784692,5.294081983011611,2.6250020856816767,0.3308548476603098,7.805565562342326e-07,0.9887074272696792
2.633793295981553,0.025829359056194434,5.311640978325782,2.6250020856816767,0.3308548476603098,9.054696749117432e-07,0.9883795385598688
2.637002426584223,0.024941244833163623,5.3811285291333,2.6250020856816767,0.3308548476603098,1.6511362204248138e-06,0.9869312369885879
2.6370028188038948,0.02494383320884097,5.4237965799838275,2.6250020856816767,0.3308548476603098,2.5257690507817265e-06,0.9857753574980344
2.6368659507467473,0.025091752371288578,5.467162285018818,2.6250020856816767,0.3308548476603098,3.877868019303628e-06,0.984483368928329
2.636694489683448,0.025264107111892642,5.5099312445698825,2.6250020856816767,0.3308548476603098,5.880959311602549e-06,0.9830913481202024
2.6365393220389084,0.025418976823997852,5.552722208852976,2.6250020856816767,0.3308548476603098,8.849719134473827e-06,0.9815766460857718
2.636303510813807,0.02561900184871213,5.595084067678755,2.6250020856816767,0.3308548476603098,1.3197081702168449e-05,0.9799343936842402
2.6361222020173436,0.02576143743455006,5.637749508934513,2.6250020856816767,0.3308548476603098,1.955773941316299e-05,0.9781416141721113
2.636017066396864,0.025840975660726073,5.6806731755584385,2.6250020856816767,0.3308548476603098,2.8772360505709633e-05,0.97618979468668
2.6358998186018763,0.02592277744524729,5.7148252497387295,2.6250020856816767,0.3308548476603098,3.8945469988334926e-05,0.9745092323885445
2.635730920185301,0.026029731290758917,5.766017330718707,2.6250020856816767,0.3308548476603098,6.0755737843869834e-05,0.9717697573874264
2.6355892137472274,0.026111225007150907,5.808558398227675,2.6250020856816767,0.3308548476603098,8.720941353873223e-05,0.9692736886814091
2.6354451152618594,0.026186117186526303,5.850992961736754,2.6250020856816767,0.3308548476603098,0.00012416018426705767,0.9665670864695886
2.635301186727352,0.026252998879908063,5.893315044546409,2.6250020856816767,0.3308548476603098,0.00017531405142897974,0.9636344622724105
2.6351576930188347,0.026311923463598674,5.935514497838813,2.6250020856816767,0.3308548476603098,0.00024550138857729796,0.9604593047066481
2.6353607381754305,0.025861165639048167,5.977009428896631,2.6250020856816767,0.3308548476603098,0.00033667315789330727,0.9571628435351374
2.6359852086824453,0.024822127665196092,6.0176856170030515,2.6250020856816767,0.3308548476603098,0.0004513880033556828,0.9537903861374408
2.6363409299632643,0.024187785513474225,6.058666696077845,2.6250020856816767,0.3308548476603098,0.0006066293662823102,0.9500479206817878
2.6362533616385715,0.02420597148042347,6.091922231898786,2.6250020856816767,0.3308548476603098,0.0007739251870760051,0.9466747529922617
2.636198198425747,0.024193333115579918,6.141354209146186,2.6250020856816767,0.3308548476603098,0.0011004952492575147,0.9412754025897778
2.6362665644072028,0.024185605463022952,6.17374342273376,2.6250020856816767,0.3308548476603098,0.0013754076994604248,0.9374951306418446
2.63621497292311,0.02418590441716617,6.223045420452052,2.6250020856816767,0.3308548476603098,0.0019224610440627878,0.9312181833161393
2.636090568221565,0.024191611070889962,6.255647177048522,2.6250020856816767,0.3308548476603098,0.0023906770116400643,0.9266965438302461
2.635983350409278,0.024189616422100713,-6.270345359894644,2.6250020856816767,0.3308548476603098,0.0031097169938620393,0.9207222800014283
2.6358935016596217,0.024193192698223953,-6.2222412164097145,2.6250020856816767,0.3308548476603098,0.004213838337998463,0.9130155526508079
2.635716609771743,0.02417383364315029,-6.1831493796026145,2.6250020856816767,0.3308548476603098,0.005367939583541615,0.9061699833589723
2.6358561323842675,0.02419413062478526,-6.143234075610691,2.6250020856816767,0.3308548476603098,0.006786794159580897,0.8988548142514627
2.6360257331360373,0.02422540006552154,-6.103894159661035,2.6250020856816767,0.3308548476603098,0.008494627904206483,0.8911409302115276
2.6362671835083216,0.024276312631586805,-6.064826633099134,2.6250020856816767,0.3308548476603098,0.01053860724627983,0.8829872007337838
2.6366130467197646,0.02436470758803111,-6.026123616619553,2.6250020856816767,0.3308548476603098,0.01294826866997964,0.874430448387282
2.637065258189793,0.024497253720381806,-5.987789297456072,2.6250020856816767,0.3308548476603098,0.0157594609503809,0.8654739044703927
2.637504167081282,0.025357180455371164,-5.95734350925847,2.6250020856816767,0.3308548476603098,0.018315726712166604,0.8580371782304701
2.6381653068890945,0.030045310189574792,-5.911609855174068,2.6250020856816767,0.3308548476603098,0.02275414379549309,0.8462955061928685
2.6389793485025574,0.032824520760128095,-5.8742511023752515,2.6250020856816767,0.37890392630295805,0.027768590825664272,0.8343328177300717
2.640065481744138,0.0333207275432148,-5.837626503341247,2.6250020856816767,0.37890392630295805,0.03253867045555,0.8238865479005841
2.6413485967006913,0.03396223023735523,-5.801473559826577,2.6250020856816767,0.37890392630295805,0.03777410594137666,0.8132112975522625
2.6428324861267622,0.03477313412284744,-5.765769386701703,2.6250020856816767,0.37890392630295805,0.04346293143644485,0.8023402198323679
2.6445277513131806,0.03577853164127198,-5.730532408183703,2.6250020856816767,0.37890392630295805,0.0495712995315001,0.7913328657864314
2.646438842477991,0.03700332766173098,-5.695768971032541,2.6250020856816767,0.37890392630295805,0.05605814130051715,0.780245129454437
2.6485651788096547,0.038478400314989614,-5.661435522493946,2.6250020856816767,0.37890392630295805,0.06288687061912789,0.7691131349134146
2.6509183025109166,0.04023764551558884,-5.627483900670954,2.6250020856816767,0.37890392630295805,0.0700059977724184,0.7579886157237594
2.653484042246946,0.042281647712330894,-5.594222902530177,2.6250020856816767,0.37890392630295805,0.0772736908820298,0.7470490525463698
2.6561909681089837,0.04461635953641796,-5.561562064642366,2.6250020856816767,0.37890392630295805,0.08469985323982843,0.7362329300551649
2.6589599993480473,0.04713276333549743,-5.529624663605977,2.6250020856816767,0.37890392630295805,0.09226142650492485,0.7255347963050964
2.661886032144748,0.04996189723017608,-5.496318530807149,2.6250020856816767,0.37890392630295805,0.10052812050144291,0.7141448283713199
2.6647059163039817,0.05288881917249455,-5.461895742593562,2.6250020856816767,0.37890392630295805,0.10977005470636064,0.7017271821779281
2.667500443533754,0.05599131686522085,-5.426629722139921,2.6250020856816767,0.37890392630295805,0.11984824987144727,0.6884999429436529
2.669958833403852,0.05889910753328387,-5.399271550840092,2.6250020856816767,0.37890392630295805,0.12755483237730506,0.678568899835919
2.674643857343959,0.064836826403738,-5.364311424742544,2.6250020856816767,0.37890392630295805,0.13518715512894075,0.6688650715653393
2.6791491124206814,0.07093464734555788,-5.338984995557937,2.6250020856816767,0.37890392630295805,0.13873554438859367,0.6643926199311143
2.6825292757971404,0.07572033072289308,-5.317399022561389,2.6250020856816767,0.37890392630295805,0.14236831430647473,0.6598368665223324
2.6872470589995476,0.08370786154338816,-5.279613285185402,2.6250020856816767,0.37890392630295805,0.1503904162753571,0.649850461598108
2.6915109106490807,0.09262836554582421,-5.245259475981927,2.6250020856816767,0.4276033124171887,0.17279479427094105,0.6223736276668397
2.6958621803657064,0.10141070700860766,1.069353311553337,2.6250020856816767,0.4276033124171887,0.1796745433404743,0.6140228396360663
2.7000332536628164,0.10926973610052038,1.0960728448278991,2.6250020856816767,0.4276033124171887,0.18441254648819239,0.6082875003184263
2.7041792722162494,0.11760026074212071,1.1219333355862564,2.6250020856816767,0.4276033124171887,0.18822091184804324,0.6036848639467138
2.7065036361382937,0.12250896796732036,1.1386427688013678,2.6250020856816767,0.4276033124171887,0.19124841325325243,0.6000297510750949
2.7110541366294445,0.13294490260027558,1.1825088071802137,2.6250020856816767,0.4276033124171887,0.20241002996474744,0.5865732316990855
2.713905763836074,0.1402846892815166,1.2165941179406694,2.6250020856816767,0.4276033124171887,0.2123921072838829,0.5745465728568917
2.7167408565970455,0.14839077879799945,1.2489866892056816,2.6250020856816767,0.476736237020689,0.24673629342609227,0.532951945987661
2.7197802909385196,0.15800449039517694,1.2801041246323925,2.6250020856816767,0.476736237020689,0.2553013323606205,0.522465965453508
2.7230047069168855,0.1693772087531542,1.3062201168947836,2.6250020856816767,0.476736237020689,0.25914865003713783,0.517734157982676
2.726238073827881,0.18188797564285153,1.3285769444131506,2.6250020856816767,0.476736237020689,0.25931621078054923,0.5175277437931025
2.729186857012577,0.19442302731936678,1.3512542626141044,2.6250020856816767,0.476736237020689,0.25924499889822405,0.5176154715266583
2.7318501437762013,0.20702270552875035,1.3739203086273022,2.6083354187666563,0.5261581876742942,0.26336859614722863,0.5125268296519925
2.734258873103718,0.21982977637162726,1.3963705881763588,2.6083354187666563,0.5261581876742942,0.26438850038328615,0.5112654267571242
2.736388113980249,0.2327311134973531,1.418529599965352,2.6083354187666563,0.5261581876742942,0.2647973488621532,0.5107594452440254
2.7381920907032598,0.2452920386581834,1.4389056029896772,2.6083354187666563,0.5261581876742942,0.2640778217562164,0.5116497911551969
2.7397629665613845,0.2582595043839824,1.4611304240487162,2.5805576405749564,0.5757728231454696,0.2584333517839307,0.5186149996548128
2.74104033026577,0.27123166364015994,1.4835950234536743,2.5805576405749564,0.5757728231454696,0.25977351269887833,0.5169642592128225
2.742014928756678,0.2840483036434911,1.5062553195253459,2.5805576405749564,0.5757728231454696,0.261054094665404,0.5153851913418848
2.742703453101619,0.29699353354627256,1.5288186123775809,2.5805576405749564,0.5757728231454696,0.26180226890247443,0.5144618364466813
2.743103244777318,0.3099911577013774,1.5513425911549554,2.5805576405749564,0.5757728231454696,0.2620628567912154,0.5141400943632517
2.743211463159149,0.32301644020288656,1.5738567146504903,2.5805576405749564,0.5757728231454696,0.26182174389058754,0.5144377936066606
2.743015314394725,0.33603495461306565,1.5964574351486716,2.5453724548654617,0.6255159165869394,0.25905724588956525,0.5178467446764337
2.7439526149579923,0.34839771413969345,1.618925720044667,2.5453724548654617,0.6255159165869394,0.25890793041701077,0.5180306453096177
2.7497918873893674,0.3587427482123857,1.640666522683,2.5453724548654617,0.6255159165869394,0.2527973005021987,0.5255381611110352
2.7525283824686415,0.3700199666649997,1.6635680842014948,2.5453724548654617,0.6255159165869394,0.2501092181771761,0.5288299807953225
2.7512383500215023,0.38235453992957424,1.6864624407443776,2.5453724548654617,0.6255159165869394,0.25108453831039124,0.5276363242177191
2.749661165526719,0.39468550792970447,1.709591229595256,2.5453724548654617,0.6255159165869394,0.25178255748927386,0.5267815470420047
2.7481789845581055,0.4045888850886836,1.727986149987067,2.521915664392385,0.6753446510331863,0.2797012017741803,0.4921758709708224
2.745592391190664,0.41960993978122296,1.7562041052314241,2.521915664392385,0.6753446510331863,0.2831453200828839,0.48783887500276846
2.7429300150808498,0.4329621946831068,1.7794218648676337,2.521915664392385,0.6753446510331863,0.2846718726711123,0.4859109276462368
2.739952297548694,0.4462840554960277,1.8028357386388838,2.521915664392385,0.6753446510331863,0.2858725012906135,0.48439209562579744
2.7367451924323465,0.4591418286840838,1.8277682090395162,2.521915664392385,0.6753446510331863,0.287969189327686,0.48173430262363004
2.7329542948788372,0.472907861622069,1.8490087856956952,2.506277804076509,0.7252304830472402,0.3312682695556487,0.42493212887677534
2.7294672827934896,0.4847967568560101,1.864202284870417,2.506277804076509,0.7252304830472402,0.3305953338060333,0.4258487332372136
2.722768935694269,0.5060933985597824,1.8864096821732774,2.506277804076509,0.7252304830472402,0.3252364016591898,0.43310394862698987
2.717623453409061,0.5213861588474025,1.9050350616470928,2.4958525638635125,0.7751543850422629,0.3723132771790582,0.3661538957389874
2.71156856493271,0.5383054708895187,1.9217607132132477,2.4958525638635125,0.7751543850422629,0.37013735203302006,0.36943772902518446
2.705060636231927,0.5556643964070336,1.937881398132846,2.4958525638635125,0.7751543850422629,0.3663576573943413,0.375090194609103
2.698347826283319,0.5727017727901096,1.9542049988110246,2.488902403711716,0.8251036732871907,0.4129562639529015,0.2997511707797147
2.690721123878383,0.5912066254155626,1.968171166198704,2.488902403711716,0.8251036732871907,0.4102411328879752,0.30455599765073504
2.6826138067591963,0.6101844622043231,1.9815050371641578,2.484268963576644,0.8750698929651193,0.4489632051190869,0.22794489018671604
2.6756780282072707,0.6259030409757678,1.9897463310146566,2.484268963576644,0.8750698929651193,0.4472537054307805,0.2318043316142795
2.66836364715153,0.6421636139341231,1.9962194645585936,2.481180003384906,0.9250474079281235,0.4753076510055488,0.15780197587662825
2.6514663262468954,0.6789144624336956,2.008881690886314,2.4791206963212975,0.9750324603265882,0.49214032803526914,0.08877189175880296
2.641101440162,0.7008499530894383,2.0139390577542997,2.4791206963212975,0.9750324603265882,0.49188223053280716,0.09022161481896851
2.6283781654827045,0.7275134882468048,2.0186604559321273,2.4777478243103404,1.0250225436361127,0.4995669318004954,0.020811793440913773
2.6175751027356267,0.749927076756661,2.0201952716867995,2.4777478243103404,1.0250225436361127,0.4995652259815616,0.020852747036923303
2.6088768318381277,0.7679541806267007,2.020957255036945,2.4768325749533955,1.0750159847959715,0.4980640809670357,-0.044013305279874015
2.598346052269452,0.7974511880423325,2.0175930943001243,2.4768325749533955,1.0750159847959715,0.49883528473190586,-0.034134558047698715
2.5881701828369614,0.8271543188871888,2.0120448028019022,2.4762224061154265,1.1250116659141225,0.4933632707229118,-0.08155686808860296
2.5756297675024307,0.8555964022534113,2.0096669200458255,2.4758156223227847,1.1750088391079585,0.4818439884742164,-0.13515993368303114
2.5653590991982043,0.8775999570981519,2.0038110939425007,2.4758156223227847,1.1750088391079585,0.48062580358018636,-0.13965004434342798
2.5553528394539278,0.8994359694083442,1.9979307029634168,2.4588777588648867,1.225007003436561,0.4810336675388366,-0.1381625224609878
2.5454399614385057,0.9213869642731751,1.9918585601217682,2.4588777588648867,1.225007003436561,0.4798727707378382,-0.14235669222813152
2.5356807692504475,0.9433623289506592,1.9856707101492146,2.430919172119634,1.2750058231451298,0.4882787141329213,-0.10847902957727418
2.5259262427177998,0.9656711654422114,1.980628831608295,2.430919172119634,1.2750058231451298,0.4876460934474103,-0.11137999597051507
2.5162301482015597,0.9881438904863096,1.9757670819588973,2.4289467664414968,1.3250050733168532,0.47758437480866966,-0.15029136778510122
2.5067090104277483,1.0105063163311314,1.9703016792843882,2.4289467664414968,1.3250050733168532,0.4759160241769005,-0.15582929996116113
2.497442564510612,1.0327031531196518,1.9621926878162232,2.4289467664414968,1.3250050733168532,0.47467299232909443,-0.15983483474367033
2.488476702208267,1.0546565639991083,1.955602003508959,2.4276318108579065,1.3750046036521006,0.462619636946786,-0.19459412742444915
2.47980667244342,1.076287828064137,1.9473831928536585,2.4276318108579065,1.3750046036521006,0.4601934160115929,-0.20089776477443355
2.471416651858119,1.0977721991644565,1.9386615747118174,2.4267551526096396,1.425004314214437,0.44887981386154674,-0.22813455363718305
2.463380000476292,1.118921805452862,1.9289096324298887,2.4267551526096396,1.425004314214437,0.44601133132785337,-0.23457247416646498
2.455645199370533,1.1399006160195508,1.9187025858738544,2.426170691600307,1.4750041390840893,0.4366908051719489,-0.2544597768519039
2.448246319762177,1.1606455256620674,1.9076105337254539,2.426170691600307,1.4750041390840893,0.433696521792249,-0.26055613638729935
2.441200498896313,1.1811251178276478,1.8964397284449293,2.425781030055874,1.5250040352638667,0.4270380332098585,-0.2736764179569864
2.4344974865478353,1.201396810190655,1.883992506004748,2.425781030055874,1.5250040352638667,0.4244142812680099,-0.2786957165880337
2.4291571174107105,1.2182184229631048,1.8728707476597686,2.425781030055874,1.5250040352638667,0.4220671525238357,-0.2831194836865397
2.4187078112039906,1.245053316691024,1.858170145775889,2.4255212385537797,1.575003975108428,0.4135814898431496,-0.29863540433383007
2.4105596103781863,1.267421188593083,1.8447614074890075,2.4255212385537797,1.575003975108428,0.4060620959102851,-0.31182831404366784
2.405158079255452,1.2871316108294408,1.831233049820209,2.425348032877156,1.6250039411478732,0.4073415499473305,-0.30961714967192966
2.400038967223992,1.3068630129658434,1.8176198537755655,2.425348032877156,1.6250039411478732,0.4041487609683054,-0.31511059972301847
2.396146565950719,1.322665549873319,1.8065519114895316,2.425348032877156,1.6250039411478732,0.4010571491662128,-0.32035466982670335
2.3906733397152458,1.3462332214989612,1.7904454108034762,2.425232558134748,1.6750039225595785,0.40511140302268045,-0.3134628098722868
2.3855854930049,1.3699386008886982,1.7739890395683524,2.425232558134748,1.6750039225595785,0.4008500891901859,-0.32070333891350367
2.382413664189558,1.3857940734751182,1.7629613492582432,2.425155577898212,1.725003912784835,0.4087012451500049,-0.3072526204325928
2.378684028239128,1.4057409529225957,1.7489456063137372,2.425155577898212,1.725003912784835,0.4059973175715608,-0.31193991366338725
2.375182916210475,1.4259111072597488,1.735579525692837,2.425155577898212,1.725003912784835,0.4019653805760193,-0.318821558004569
2.372010215628009,1.4458581142819735,1.7215259251958523,2.4251042669293894,1.775003907942134,0.4122327621867922,-0.3010379029060305
2.3690737997182225,1.4661412925725,1.7080664231060312,2.4251042669293894,1.775003907942134,0.40910648224252616,-0.3065449264324931
2.366373948384277,1.4866208431106038,1.69453946266399,2.425070073213742,1.8250039057911978,0.4198820384639208,-0.2871842958817402
2.3639557280970642,1.5070317622555827,1.682676955035863,2.425070073213742,1.8250039057911978,0.4167487114383082,-0.29292732938737887
2.3617437462143815,1.5278795969092656,1.6699535983036513,2.425070073213742,1.8250039057911978,0.4130073929951464,-0.2996600603062527
2.3600411736884706,1.5460952072686158,1.6586348103379744,2.4250472930495954,1.8750039050722536,0.4260126703302854,-0.2756475413385706
2.358146003186752,1.5695661652835042,1.6445395723649223,2.4250472930495954,1.8750039050722536,0.4228999775921124,-0.2815567772312034
2.356703794717113,1.5908352157332892,1.6324160285496483,2.425032121593538,1.9250039050955892,0.43525914931453225,-0.25739081127834906
2.355516113444777,1.6122764673327694,1.620442696859219,2.425032121593538,1.9250039050955892,0.4329200732545275,-0.26211619573845246
2.3545473727995834,1.6341777365357792,1.609601697448207,2.4250220203516113,1.9750039054937338,0.4444306686248827,-0.23805162633900123
2.3538100607791392,1.656141117725193,1.599058418394012,2.4250220203516113,1.9750039054937338,0.44213380642999517,-0.24302588800493452
2.353244708106862,1.6820091557603334,1.5881635894163635,2.4250220203516113,1.9750039054937338,0.4378508076586526,-0.252062404544077
2.353134056766926,1.7018534330940973,1.578350911034487,2.4250152958440143,2.025003906076213,0.45127052712228444,-0.22263802908488406
2.3531717918241064,1.7184646180166716,1.571211144286134,2.4250152958440143,2.025003906076213,0.44954156735526,-0.22662544391956774
2.3532719064624406,1.7410487927537712,1.561372945674154,2.425010818859852,2.075003906746987,0.4607506809776297,-0.19946654387731821
2.353596603971228,1.7638801180053783,1.5521583085967925,2.425010818859852,2.075003906746987,0.4589395091846572,-0.20408360587571917
2.3542570486393792,1.7915411351235715,1.5415105957474358,2.4250078372218877,2.125003907458952,0.4687003324694429,-0.17787158997677288
2.3548648902274127,1.8101461357334614,1.5351030700732233,2.4250078372218877,2.125003907458952,0.467435194035657,-0.1814715451919663
2.355790019092815,1.833575391270731,1.527469777728117,2.441672517617444,2.175003908189635,0.4604061477570449,-0.2003525432734008
2.3568765026552754,1.856725124533611,1.520146938605651,2.441672517617444,2.175003908189635,0.4578952430652543,-0.20670157117936794
2.358140784636568,1.879602437893002,1.5107827904887532,2.441672517617444,2.175003908189635,0.4556255635670986,-0.21228718335885888
2.3599396722740575,1.906991719624072,1.4998143277977103,2.469448972367003,2.2250039089286044,0.4364725002644291,-0.254908672857064
2.361617042670842,1.929012672625305,1.4890375786286203,2.469448972367003,2.2250039089286044,0.433279503627998,-0.2613950551811305
2.3635097085215584,1.9506560171389467,1.477667494267585,2.5046332776327116,2.2750039096711463,0.4088278136148474,-0.30703173333131517
2.3660920560957184,1.9764369008050071,1.4634647071429814,2.5046332776327116,2.2750039096711463,0.40366792273035274,-0.31593097342665655
2.3684088421705702,1.9966585916483588,1.4492678282809917,2.5046332776327116,2.2750039096711463,0.4002211407075214,-0.32176050626803676
2.3709831632480967,2.0166232965110478,1.43503092677032,2.5447561516858825,2.32500391041519,0.3760679194527373,-0.36043402515554923
2.3737913295080872,2.0360860884466394,1.4205351729768918,2.5447561516858825,2.32500391041519,0.3722618450978791,-0.36623177319654043
2.375542666741154,2.0472079209485408,1.4110998398498218,2.5447561516858825,2.32500391041519,0.3703460603155307,-0.36912371402646116
2.379926588433447,2.0725331021075526,1.3870088345042337,2.5447561516858825,2.32500391041519,0.3662038701749632,-0.3753188287001533
2.383475939240263,2.090848876522765,1.3716060976463174,2.5881714069540163,2.37500391115985,0.34835887798869675,-0.40119592211049093
2.3884587193147357,2.107829920003086,1.354072043295502,2.5881714069540163,2.37500391115985,0.34829860493634646,-0.40128129575086424
2.3950556357814623,2.1242521429647265,1.3366738735201928,2.5881714069540163,2.37500391115985,0.35008959466981016,-0.39873902206210987
2.400739836838442,2.141019366697396,1.3191063335965765,2.6337815847583137,2.4250039119047555,0.34216622644618494,-0.4099031407593813
2.405229719059637,2.1578556392922934,1.3006031559455935,2.6337815847583137,2.4250039119047555,0.3409707562761179,-0.41156952576192884
2.409942615347397,2.174298911804902,1.282723478708046,2.6337815847583137,2.4250039119047555,0.3390167368036167,-0.4142835407751897
2.41493400121262,2.1905997673952857,1.2646001178228725,2.6337815847583137,2.4250039119047555,0.3365504288866414,-0.4176922650556354
2.4201958472982543,2.2067205468558004,1.24640222966711,2.6337815847583137,2.4250039119047555,0.3334121310768304,-0.42200344428004055
2.4245806780935535,2.2194500601306864,1.2317142007649529,2.680855045310077,2.475003912649756,0.33485411544793386,-0.42002614111328507
2.432675164049625,2.2414908225312384,1.2058969095566545,2.680855045310077,2.475003912649756,0.3329253743603439,-0.42266954358914033
2.4387991317868085,2.2570916625189046,1.187419846543734,2.680855045310077,2.475003912649756,0.33080666445637724,-0.42556101660542345
2.4451613580517897,2.2724567367688344,1.1688008071726737,2.680855045310077,2.475003912649756,0.32813994407180175,-0.4291825915340347
2.4517508572150497,2.2875655910411865,1.1502076510779617,2.7289040279429475,2.5250039133947935,0.3383812184418289,-0.4151636777486215
2.458471462201988,2.3022916585017725,1.1328299657706098,2.7289040279429475,2.5250039133947935,0.33714592117747455,-0.4168709179828184
2.4656041185601136,2.3171229693835933,1.1120485491430874,2.7289040279429475,2.5250039133947935,0.33724715846892533,-0.4167311776395757
2.473320156441888,2.332362520942718,1.094610540017226,2.7289040279429475,2.5250039133947935,0.3342528932703265,-0.42085129573119784
2.4811414005284345,2.3472177780503785,1.076044122068225,2.7289040279429475,2.5250039133947935,0.33131037178297396,-0.42487473934080977
2.4891971269745223,2.361809768201189,1.0575126094987939,2.777603358163027,2.5750039141398435,0.3507979916962742,-0.39773033295519056
2.4978758966477717,2.376892280448418,-5.2433293130395615,2.777603358163027,2.5750039141398435,0.3492150697882854,-0.3999818015291777
2.506907518170218,2.3919830193373173,-5.260842766617462,2.777603358163027,2.5750039141398435,0.34672537472530846,-0.4035052561237493
2.5161127543889155,2.4067583089506996,-5.2784178309354415,2.777603358163027,2.5750039141398435,0.3436289405240177,-0.40785797737035034
2.525485576256578,2.4212327637987645,-5.296043081383541,2.826736252525248,2.6250039148848994,0.36746271677891934,-0.37344424109726626
2.535254923331779,2.435795513393643,-5.310092237961202,2.826736252525248,2.6250039148848994,0.3646226487818068,-0.3776636354466014
2.5457600218166228,2.4509635293472734,-5.326939463224634,2.826736252525248,2.6250039148848994,0.3621012758515434,-0.3813804715174618
2.5563773180514815,2.4657171939169817,-5.343504911682644,2.826736252525248,2.6250039148848994,0.3588412882641002,-0.3861470912860945
2.567137554395453,2.480193681622895,-5.360364869080555,2.876158188659769,2.675003915629957,0.38564594521692747,-0.3455125998779425
2.5786696914154774,2.4951735457172646,-5.376444803521437,2.876158188659769,2.675003915629957,0.3841517956905331,-0.3478733406357323
2.5909298295184087,2.5106200397451115,-5.390026386409423,2.876158188659769,2.675003915629957,0.3800561161955171,-0.3542806597180642
2.603097401606549,2.5255096933288144,-5.405106867959594,2.876158188659769,2.675003915629957,0.3761868481184799,-0.3602517096573665
2.613526009034386,2.539528908190638,-5.4205587678897915,2.925772818672397,2.7250039163750146,0.40392709325497295,-0.3154890157448188
2.6238362615789903,2.5535693255265883,-5.4300031582917665,2.925772818672397,2.7250039163750146,0.3985191443347479,-0.32460700846612867
2.636272018217303,2.5682137476692777,-5.442525598956512,2.925772818672397,2.7250039163750146,0.3944633414702622,-0.33130883522113996
2.6496231287333885,2.5829147219402806,-5.45695092823724,2.925772818672397,2.7250039163750146,0.39079024459884826,-0.33728427871056454
2.663029132385578,2.5972582470375425,-5.471668347486021,2.9755159114156973,2.7750039171200727,0.4204509756054401,-0.28613078634863875
2.6774089262630394,2.6122004650308526,-5.484713182537249,2.9755159114156973,2.7750039171200727,0.418330980309526,-0.29003951786481263
2.6921993786306633,2.6271927231882426,-5.497361352410931,2.9755159114156973,2.7750039171200727,0.4151395010056083,-0.2958393340591624
2.7070013242849615,2.6418207726773204,-5.510286827715735,3.0253446472990406,2.8250039178651307,0.44091987396391386,-0.2456177411113989
2.7226110798440786,2.6568591387033926,-5.521311673602919,3.0253446472990406,2.8250039178651307,0.4390806302951971,-0.24949803576832108
2.7389010884223897,2.6722239941315404,-5.531590677723864,3.0253446472990406,2.8250039178651307,0.4360375910479053,-0.2558008529736363
2.7549221767337,2.6870458512952826,-5.541526636836426,3.0253446472990406,2.8250039178651307,0.4322035088722308,-0.26354860359869925
2.770940834671947,2.701570676201152,-5.553308197089635,3.075230481405043,2.875003918610189,0.45707954264697254,-0.20872508905428688
2.787683230959235,2.7163921479058466,-5.563459911842084,3.075230481405043,2.875003918610189,0.45559119532244335,-0.21237070598781993
2.804972982458221,2.7313942958490873,-5.572724222594484,3.075230481405043,2.875003918610189,0.45305689927661263,-0.21844746754002375
2.8222570727238363,2.7461303189750144,-5.5822269712212575,3.125154385406776,2.925003919355247,0.472709341439175,-0.1659725317067512
2.8402176869290106,2.7611687621524794,-5.589913459570074,3.125154385406776,2.925003919355247,0.471453364821447,-0.1697863394051572
2.8586592562372424,2.776364563107391,-5.598254902460523,3.125154385406776,2.925003919355247,0.46991378616358837,-0.17435208720431494
2.8772267419211612,2.7913885926982456,-5.607174104903997,3.175103675277413,2.975003920100305,0.48495157858533056,-0.12298463153056793
2.895757232455118,2.8061346305503516,-5.614084955247728,3.175103675277413,2.975003920100305,0.48452753064224807,-0.12471446035093525
2.914365036621186,2.8207409360765183,-5.622090681815721,3.175103675277413,2.975003920100305,0.4841662063638795,-0.12617010191735478
2.9336258330807894,2.835630327427248,-5.627147948666089,3.225069896144708,3.025003920845363,0.4936693374138614,-0.07964997381183625
2.953138992264197,2.8506002993093382,-5.631113645098177,3.225069896144708,3.025003920845363,0.49335342712861047,-0.08161746387707436
2.972807155658135,2.865562614450134,-5.6347117863508265,3.275047411915853,3.075003921590421,0.49819819226971257,-0.04246047710162426
2.9926289140236744,2.8805417777488866,-5.636793093814115,3.275047411915853,3.075003921590421,0.49812125564432574,-0.04335808375750083
3.0163833047882633,2.8984399110840418,-5.638328518704045,3.275047411915853,3.075003921590421,0.49789719574740926,-0.04587245037547283
3.0323094744494057,2.910395384278633,-5.639910005888931,3.3250324648317555,3.125003922335479,0.4998866194405951,-0.010648232013158121
3.048154279400494,2.922766240855198,-5.640274412472482,3.3250324648317555,3.125003922335479,0.49985461481434634,-0.012057870144936977
3.0718652870642096,2.9416692624006746,-5.63996605178125,3.3250324648317555,3.125003922335479,0.4997291752182707,-0.016457497924154407
3.0917972806231226,2.9569874829036813,-5.640165003904151,3.3750225484561622,3.175003923080537,0.49983077237929197,0.013009118668655173
3.1118036037687533,2.971982382941091,-5.6398814528086225,3.3750225484561622,3.175003923080537,0.4998125560076857,0.01369144647409426
3.131801927443033,2.9869895769008625,-5.639315121175514,3.3750225484561622,3.175003923080537,0.4997983572408024,0.01420057448004064
3.1517899878287112,3.0020047329432824,-5.638684160342175,3.425015989799151,3.225003923825595,0.4984007393933502,0.040001433723541924
3.1717437058632045,3.0170154153308317,-5.637228503788391,3.425015989799151,3.225003923825595,0.49827400283869516,0.04155709482423009
3.1916002374544474,3.032009231008251,-5.6353446516552115,3.425015989799151,3.225003923825595,0.49815045929406765,0.0430195696028326
3.211411091524493,3.0470209989173,-5.6337027016672065,3.4750116710194794,3.2750039245706533,0.4959729967207177,0.0635014461672403
3.2311499507632098,3.0620458050830806,-5.631156650062415,3.4750116710194794,3.2750039245706533,0.4956860513563796,0.06572809542831837
3.2508287273667342,3.0771161253734736,-5.628378075261097,3.5250088442681626,3.3250039253157113,0.4935978156593155,0.08009960651252945
3.2703984424138968,3.0921957622043257,-5.6250052284159064,3.5250088442681626,3.3250039253157113,0.4932369569793748,0.08233108264609457
3.289878809651965,3.1073176709263466,-5.621421098986253,3.5250088442681626,3.3250039253157113,0.4928051290592834,0.08492507501391744
3.3093034829989785,3.1225061305895556,-5.617764665115961,3.5750070086251506,3.3750039260607694,0.49114916546460313,0.0942189574897978
3.3247635225962213,3.1346743441885563,-5.614556335026125,3.5750070086251506,3.3750039260607694,0.49076197120274256,0.0962641019394983
3.3477947698218227,3.1529600257122032,-5.609461756238674,3.5750070086251506,3.3750039260607694,0.4900658046806367,0.09983720062829193
3.3669041529290586,3.168276789494672,-5.60522315031335,3.625005828347907,3.4250039268058274,0.4891436547807882,0.10438449255400228
3.382119599340955,3.180576027248594,-5.601627490307292,3.625005828347907,3.4250039268058274,0.48868026003715753,0.10659741227339237
3.408620447652414,3.202220047394058,-5.595187417165585,3.625005828347907,3.4250039268058274,0.4876188605130868,0.11150320980676787
3.423671981900199,3.214642527616677,-5.5913365794362475,3.675005078526489,3.4750039275508855,0.4877880473121396,0.11073555178652672
3.442404986798019,3.230242364205983,-5.586459391677744,3.675005078526489,3.4750039275508855,0.48713961799646693,0.11365002881222463
3.4610723115264435,3.2459366405804904,-5.581592137386029,3.675005078526489,3.4750039275508855,0.4862783231165047,0.11741138007477536
3.4796212524835033,3.2616860271937114,-5.576489792909101,3.725004608864947,3.5250039282959436,0.487183966908383,0.11345303914016536
3.4980784207693647,3.2775256536604775,-5.5713381027580695,3.725004608864947,3.5250039282959436,0.4865317872878647,0.11631687925682566
3.5203775584762056,3.302224586258707,-5.563921114110021,3.725004608864947,3.5250039282959436,0.4883484489905432,0.10815456847677773
3.5352816152710664,3.320714317464609,-5.5586531847586205,3.7750043194287395,3.5750039290410016,0.49190414288598155,0.0900994303295477
3.5537081173940797,3.339385614855897,-5.553791058450549,3.7750043194287395,3.5750039290410016,0.4924298039130035,0.08711753116244125
3.572037524786629,3.3558331686201512,-5.549965334383601,3.825004144299033,3.6250039297860597,0.4931250496420745,0.08301101857998927
3.5939729405302323,3.3756813153783103,-5.545563471751924,3.825004144299033,3.6250039297860597,0.4926860351701572,0.08562677980916233
3.6085603074934243,3.388973915159575,-5.542643589926614,3.825004144299033,3.6250039297860597,0.4922954918362799,0.08788895931902063
3.626710294224731,3.4056245992443737,-5.538791747126657,3.8750040404790838,3.6750039305311177,0.493367278481788,0.0815321841014427
3.6447756414468726,3.42232781881442,-5.5351258560610646,3.8750040404790838,3.6750039305311177,0.4930282873280372,0.0835945180738773
3.662816436730578,3.4391295267843818,-5.5315053353776555,3.8750040404790838,3.6750039305311177,0.4925676548276011,0.08631868304469381
3.6807802000356293,3.4559853671603022,-5.527781304579745,3.925003980323759,3.725003931276176,0.49391169168331583,0.07810729855630805
3.6987051852458634,3.4729294442792114,-5.52421180273534,3.925003980323759,3.725003931276176,0.4936005104601511,0.08008271059829197
3.716593064594079,3.489954457630308,-5.5207220405092166,3.925003980323759,3.725003931276176,0.49316927884000766,0.08274294871319765
3.7344002838172683,3.5070236608219982,-5.517115858736457,3.9750039463632505,3.775003932021234,0.4946839891802076,0.07297594096567539
3.752131501543567,3.52414369527121,-5.513467831103203,3.9750039463632505,3.775003932021234,0.4944522041871778,0.07455280098358297
3.769806175767372,3.5413325828495923,-5.510047963220604,3.9750039463632505,3.775003932021234,0.49409848722160643,0.07689733618314332
3.7874609334002836,3.5586148929829147,-5.506798651651424,4.025003927774974,3.825003932766292,0.49563788482143195,0.06609454892285838
3.8050847929081995,3.575980980235891,-5.503712547902923,4.025003927774974,3.825003932766292,0.49540962135492794,0.06780441921320812
3.8226836301592586,3.593422124081389,-5.500757398125812,4.025003927774974,3.825003932766292,0.4950813703601681,0.07019073435849621
3.840223613971048,3.6109101104817665,-5.497744694655766,4.075003918000237,3.87500393351135,0.4965720510141513,0.058582260252116214
3.8577346051752732,3.628475454590948,-5.494963734129759,4.075003918000237,3.87500393351135,0.49639155511765304,0.060106597039170095
3.8752354126669797,3.6461172431588507,-5.492362890970102,4.075003918000237,3.87500393351135,0.4961212745862738,0.06231983959652254
3.892686317369879,3.6638092047358617,-5.489601019942424,4.1250039131575384,3.925003934256408,0.49748022932443986,0.05021845431862659
3.9100566855709653,3.681512562102113,-5.48720448396511,4.1250039131575384,3.925003934256408,0.4973444243745927,0.051555149293856184
3.9274364442555845,3.6993024344225676,-5.484989922962684,4.175003911006604,3.975003935001466,0.49832860108675453,0.040894154502185476
3.944196542494101,3.7196791441899357,-5.483229144219059,4.175003911006604,3.975003935001466,0.498717646100068,0.03581763311195929
3.9606969745161784,3.7412295156468156,-5.481891144134039,4.175003911006604,3.975003935001466,0.4992430575619067,0.027516060571633583
3.9778242205414136,3.7601538960458454,-5.480618706120268,4.22500391028766,4.025003935746525,0.49969982119313977,0.01732653608932022
3.9951825016131064,3.77813756859371,-5.479665203607055,4.22500391028766,4.025003935746525,0.4996896353888661,0.01761807966729534
4.012527792100073,3.7961338378885197,-5.479015730131689,4.22500391028766,4.025003935746525,0.49966313732243206,0.018354849972229248
4.029847540372902,3.814129065863691,-5.478438684894845,4.275003910310996,4.075003936491583,0.4998630382036538,0.01170333500167886
4.04715447875077,3.8321344394493764,-5.477735185758752,4.275003910310996,4.075003936491583,0.4998596920591561,0.011845442330012501
4.064468813116111,3.850166820579317,-5.477227819817149,4.275003910310996,4.075003936491583,0.499849249809005,0.012278345470631002
4.081777189075263,3.8682102290826963,-5.476691689252307,4.325003910709141,4.12500393723664,0.49996363132318344,0.006030681365175816
4.099083220993475,3.886268001879886,-5.476364026739524,4.325003910709141,4.12500393723664,0.4999621798231838,0.006149849886396108
4.116388885461116,3.9043348642096127,-5.476086356559542,4.325003910709141,4.12500393723664,0.49995940875969114,0.0063711686173271165
4.137147270782512,3.92602090977534,-5.475759589615755,4.3750039112916195,4.175003937981698,0.4999993230267321,0.0008227839452892294
4.150975478342528,3.9404773579786614,-5.475595207450292,4.3750039112916195,4.175003937981698,0.49999951274011695,0.0006980400863858538
4.168230210996719,3.9585176584817505,-5.475594200082015,4.425003911962393,4.225003938726756,0.49998679854509864,-0.0036333886380359726
4.185510464383483,3.9765829577223357,-5.47564705797851,4.425003911962393,4.225003938726756,0.49998521778532584,-0.003844774052310984
4.202801266222287,3.994652869199192,-5.475802216902374,4.425003911962393,4.225003938726756,0.499984148360814,-0.003981422226497222
4.22009715432325,4.012722738283956,-5.4759662062085335,4.4750039126743575,4.275003939471814,0.4999428016556842,-0.007563030803631632
4.2408609721614265,4.034405543587276,-5.47629127270229,4.4750039126743575,4.275003939471814,0.49993761171467527,-0.007898707669560134
4.2547089083999,4.048857061248167,-5.4765607706135,4.4750039126743575,4.275003939471814,0.49993408103743636,-0.008119138569356754
4.275485948783088,4.070527533339559,-5.476989203540838,4.525003913405041,4.325003940216872,0.4998798935140518,-0.010959529877026974
4.2927843924263716,4.088554098450367,-5.477514548994044,4.525003913405041,4.325003940216872,0.4998735299225813,-0.011246128655817311
4.310091832134057,4.106571125772715,-5.4779575683398205,4.525003913405041,4.325003940216872,0.49986300701384795,-0.011704667565386795
4.327422523822923,4.12459406401721,-5.478461555685918,4.57500391414401,4.37500394096193,0.4998138252411581,-0.013645010625154552
4.344764962596239,4.142609469369518,-5.479016297555245,4.57500391414401,4.37500394096193,0.4998009012625408,-0.014110703521699186
4.357656459306783,4.158141782170618,-5.480897672968436,4.57500391414401,4.37500394096193,0.4996758485977114,-0.018005178140513944
4.3702312570285455,4.173413875154175,-5.483037292116542,4.625003914886553,4.425003941706988,0.49955772577936275,-0.021031867617982702
4.387274861517708,4.19112915416484,-5.4840282802364175,4.625003914886553,4.425003941706988,0.499519246785543,-0.02192784297821415
4.404714211264351,4.209038863885788,-5.485025293232398,4.625003914886553,4.425003941706988,0.4994861267818109,-0.022670714399446124
4.422142925661235,4.226902099104536,-5.486025246934793,4.675003915630597,4.475003942452046,0.49954814821279536,-0.021258407248806344
4.439606403868613,4.2447644595685405,-5.486954408664368,4.675003915630597,4.475003942452046,0.4995201979178968,-0.02190613750838233
4.457094061809392,4.26261745823304,-5.487898587571506,4.675003915630597,4.475003942452046,0.49948388407906114,-0.022720140069820705
4.474599611765972,4.2804547530472785,-5.48887859908418,4.725003916375257,4.525003943197104,0.49957013607272654,-0.02073464616601206
4.492127908552561,4.298280540674755,-5.489795768089871,4.725003916375257,4.525003943197104,0.4995432128598686,-0.021374207064971396
4.509673969244906,4.316092423126378,-5.490727744444613,4.725003916375257,4.525003943197104,0.49950796026502825,-0.022183788698883822
4.527234469274079,4.333886674952908,-5.491677107614376,4.758337250205143,4.575003943942162,0.49977222203233157,0.015092887941072775
4.541307249814006,4.348117643533943,-5.492195442413946,4.758337250205143,4.575003943942162,0.4997242600079491,0.01660618391307822
4.56236097190994,4.369438215016422,-5.491038862679894,4.797226139673463,4.62500394468722,0.4987458932325095,0.035420781684130986
4.579872532226314,4.387210140703405,-5.489660586163692,4.797226139673463,4.62500394468722,0.49865109515928807,0.03673570857238784
4.597349044178768,4.405001741167475,-5.488069502567915,4.823152065985685,4.6750039454322785,0.49376754462449873,0.07902844686807486
4.614656778108572,4.422692095858895,-5.484963864860782,4.823152065985685,4.6750039454322785,0.49332453006591287,0.08179509316069478
4.6318406549432325,4.44038399814857,-5.481414766637115,4.823152065985685,4.6750039454322785,0.4928338215473541,0.08475515812513779
4.64896408686129,4.458141321515079,-5.477689280166204,4.857102683775454,4.7250039461773365,0.48952146498434673,0.10254548057455315
4.662596647175182,4.472381624619071,-5.474413559813863,4.857102683775454,4.7250039461773365,0.4889144701336671,0.1054846673775025
4.682883640886111,4.49374413939927,-5.469606338444322,4.879736428968215,4.775003946922395,0.47897479377688956,0.1455203412174655
4.699328924978956,4.511243098044449,-5.46343318076447,4.879736428968215,4.775003946922395,0.47766774423273534,0.15000944322805276
4.715558433100303,4.5287428401935,-5.456938414974794,4.911492259343076,4.825003947667453,0.4749734274934663,0.15887564587752134
4.731611067226844,4.546276972109788,-5.450045915758619,4.911492259343076,4.825003947667453,0.47364477425813123,0.16307642658387245
4.747476235382751,4.563854707571867,-5.442931398528326,4.911492259343076,4.825003947667453,0.47199970335458474,0.168137574605707
4.763778264800239,4.584247627403118,-5.437221210241283,4.975002120699406,4.975002150501728,0.4501038737101247,0.22533578757308947
4.779697712547083,4.6045546988352,-5.4283044042061945,4.975002120699406,4.975002150501728,0.4494974006101582,0.22672645371034528
4.7945016377794145,4.6220503876636005,-5.417881467637022,4.975002120699406,4.975002150501728,0.4486529174838192,0.2286498675640365
4.8090394835227706,4.639273773404643,-5.408654714656788,4.975002120699406,4.975002150501728,0.4468034526692422,0.23281103669468428
4.823314074814022,4.656528992881042,-5.398786128888684,4.975002120699406,4.975002150501728,0.44478279721607233,0.23728061245495824
4.83728721318119,4.673763893096169,-5.3882992811155805,4.975002120699406,4.975002150501728,0.442515563285915,0.24220558744248755
4.851038714819445,4.691093779411205,-5.3777221298771165,4.975002120699406,4.975002150501728,0.43962835340634543,0.2483482412843252
4.8645202546421045,4.708458908468096,-5.366879418752778,4.975002120699406,4.975002150501728,0.43606595921567404,0.25574274345641435
4.87770633824147,4.725833922665537,-5.355715440067992,4.975002120699406,4.975002150501728,0.4316736708877513,0.26460329194332943
4.890577294171831,4.743205316391389,-5.344099669906617,4.975002120699406,4.975002150501728,0.42627308592751145,0.27514810697880354
4.903061132610651,4.7604817468611085,-5.332246937634879,4.975002120699406,4.975002150501728,0.41948854532910645,0.28791097227400186
4.915154016733877,4.777654687375067,-5.319784273169067,4.975002120699406,4.975002150501728,0.4110583665047025,0.30311660914053196
4.926828998432794,4.7946932679486,-5.306900796656957,4.975002120699406,4.975002150501728,0.4003119813553719,0.3216079947577286
4.938137433652063,4.811660637358824,-5.293981695001699,4.975002120699406,4.975002150501728,0.3860449695194321,0.34487997754368416
4.948919972490823,4.82827561081605,-5.2806359157147975,4.975002120699406,4.975002150501728,0.3675176716278359,0.3733622458737704
4.958650733723266,4.843791082664942,-5.263878394111916,4.975002120699406,4.975002150501728,0.34691478011580307,0.4032379575067371
4.9677256261255085,4.858823783154592,-5.246316050027644,4.975002120699406,4.975002150501728,0.3206070245576951,0.43931097483166326
4.976115204791434,4.873336032914252,1.0580300074473565,4.975002120699406,4.975002150501728,0.2888925278967452,0.4805616353989608
