2.675002086426734760e+00,7.500207748603848756e-02,2.675002086426734760e+00,7.500207748603848756e-02
2.675002086426734760e+00,1.250020782310965473e-01,2.675002086426734760e+00,9.166874440105787780e-02
2.675002086426734760e+00,1.750020789761546069e-01,2.675002086426734760e+00,1.194465225927575924e-01
2.675002086426734760e+00,2.250020797212126666e-01,2.675002086426734760e+00,1.546317083022530625e-01
2.675002086426734760e+00,2.750020804662707263e-01,2.675002086426734760e+00,1.947551656903491191e-01
2.675002086426734760e+00,3.250020812113287860e-01,2.675002086426734760e+00,2.381708041979250789e-01
2.675002086426734760e+00,3.750020819563868457e-01,2.675002086426734760e+00,2.837812301204172272e-01
2.675002086426734760e+00,4.250020827014449054e-01,2.675002086426734760e+00,3.308548476603098143e-01
2.625002085681676700e+00,4.750020834465029651e-01,2.658335419511714370e+00,3.789039263029580495e-01
2.575002084936618640e+00,5.250020841915610248e-01,2.630557641320014461e+00,4.276033124171886857e-01
2.525002084191560581e+00,5.750020849366190845e-01,2.595372455610519768e+00,4.767362370206890132e-01
2.475002083446502521e+00,6.250020856816771442e-01,2.555248998222424017e+00,5.261581876742942310e-01
2.425002082701444461e+00,6.750020864267352039e-01,2.511833359714847891e+00,5.757728231454696255e-01
2.375002081956386402e+00,7.250020871717932636e-01,2.466222933792356020e+00,6.255159165869393911e-01
2.375002081956386402e+00,7.750020879168513233e-01,2.435815983167482823e+00,6.753446510331863051e-01
2.375002081956386402e+00,8.250020886619093829e-01,2.415544682716534997e+00,7.252304830472402486e-01
2.375002081956386402e+00,8.750020894069674426e-01,2.402030482311799719e+00,7.751543850422628612e-01
2.375002081956386402e+00,9.250020901520255023e-01,2.393021015096394866e+00,8.251036732871906976e-01
2.375002081956386402e+00,9.750020908970835620e-01,2.387014702950365219e+00,8.750698929651192781e-01
2.375002081956386402e+00,1.025002091642141622e+00,2.383010493401682695e+00,9.250474079281234552e-01
2.375002081956386402e+00,1.075002092387199681e+00,2.380341017500105405e+00,9.750324603265881906e-01
2.375002081956386402e+00,1.125002093132257741e+00,2.378561361696506449e+00,1.025022543636112671e+00
2.375002081956386402e+00,1.175002093877315801e+00,2.377374915796683474e+00,1.075015984795971491e+00
2.375002081956386402e+00,1.225002094622373860e+00,2.376583938405161245e+00,1.125011665914122494e+00
2.375002081956386402e+00,1.275002095367431920e+00,2.376056600813838848e+00,1.175008839107958503e+00
2.375002081956386402e+00,1.325002096112489980e+00,2.375705016607084996e+00,1.225007003436560993e+00
2.375002081956386402e+00,1.375002096857548040e+00,2.375470595085551029e+00,1.275005823145129780e+00
2.425002082701444461e+00,1.425002097602606099e+00,2.391980944048352598e+00,1.325005073316853244e+00
2.425002082701444461e+00,1.475002098347664159e+00,2.402987804029562025e+00,1.375004603652100643e+00
2.425002082701444461e+00,1.525002099092722219e+00,2.410325672382522377e+00,1.425004314214437073e+00
2.425002082701444461e+00,1.575002099837780278e+00,2.415217551187899492e+00,1.475004139084089338e+00
2.425002082701444461e+00,1.625002100582838338e+00,2.418478778791471218e+00,1.525004035263866742e+00
2.425002082701444461e+00,1.675002101327896398e+00,2.420652916840788649e+00,1.575003975108427934e+00
2.425002082701444461e+00,1.725002102072954457e+00,2.422102341148085536e+00,1.625003941147873165e+00
2.425002082701444461e+00,1.775002102818012517e+00,2.423068635388642367e+00,1.675003922559578529e+00
2.425002082701444461e+00,1.825002103563070577e+00,2.423712853684835800e+00,1.725003912784834892e+00
2.425002082701444461e+00,1.875002104308128636e+00,2.424142362729921008e+00,1.775003907942134029e+00
2.425002082701444461e+00,1.925002105053186696e+00,2.424428737104209031e+00,1.825003905791197756e+00
2.425002082701444461e+00,1.975002105798244756e+00,2.424619690070603628e+00,1.875003905072253563e+00
2.425002082701444461e+00,2.025002106543302816e+00,2.424747027904906371e+00,1.925003905095589163e+00
2.425002082701444461e+00,2.075002107288360875e+00,2.424831953041961086e+00,1.975003905493733836e+00
2.425002082701444461e+00,2.125002108033418935e+00,2.424888599533310707e+00,2.025003906076213056e+00
2.425002082701444461e+00,2.175002108778476995e+00,2.424926389851358888e+00,2.075003906746986981e+00
2.425002082701444461e+00,2.225002109523535054e+00,2.424951605813617572e+00,2.125003907458951957e+00
2.475002083446502521e+00,2.275002110268593114e+00,2.441635102492351272e+00,2.175003908189634849e+00
2.525002084191560581e+00,2.325002111013651174e+00,2.469424116532632052e+00,2.225003908928604446e+00
2.575002084936618640e+00,2.375002111758709233e+00,2.504616805693698378e+00,2.275003909671146296e+00
2.625002085681676700e+00,2.425002112503767293e+00,2.544745275006414786e+00,2.325003910415190056e+00
2.675002086426734760e+00,2.475002113248825353e+00,2.588164261007102507e+00,2.375003911159850212e+00
2.725002087171792819e+00,2.525002113993883412e+00,2.633776921374411994e+00,2.425003911904755505e+00
2.775002087916850879e+00,2.575002114738941472e+00,2.680852028127088005e+00,2.475003912649755833e+00
2.825002088661908939e+00,2.625002115483999532e+00,2.728902096454874915e+00,2.525003913394793464e+00
2.875002089406966999e+00,2.675002116229057592e+00,2.777602137233438295e+00,2.575003914139843531e+00
2.925002090152025058e+00,2.725002116974115651e+00,2.826735491955695956e+00,2.625003914884899370e+00
2.975002090897083118e+00,2.775002117719173711e+00,2.876157722611260237e+00,2.675003915629956985e+00
3.025002091642141178e+00,2.825002118464231771e+00,2.925772538235638542e+00,2.725003916375014601e+00
3.025002091642141178e+00,2.875002119209289830e+00,2.958849079036465213e+00,2.775003917120072661e+00
3.075002092387199237e+00,2.925002119954347890e+00,2.997566773501839421e+00,2.825003917865130720e+00
3.125002093132257297e+00,2.975002120699405950e+00,3.040045241656812891e+00,2.875003918610188780e+00
3.175002093877315357e+00,3.025002121444464009e+00,3.085030898165611379e+00,2.925003919355246840e+00
3.225002094622373416e+00,3.075002122189522069e+00,3.131688020662307892e+00,2.975003920100304899e+00
3.275002095367431476e+00,3.125002122934580129e+00,3.179459461738473713e+00,3.025003920845362959e+00
3.325002096112489536e+00,3.175002123679638188e+00,3.227973790015966848e+00,3.075003921590421019e+00
3.375002096857547595e+00,3.225002124424696248e+00,3.276983384003383737e+00,3.125003922335479078e+00
3.425002097602605655e+00,3.275002125169754308e+00,3.326323161273296858e+00,3.175003923080537138e+00
3.475002098347663715e+00,3.325002125914812368e+00,3.375883064686158175e+00,3.225003923825595198e+00
3.525002099092721775e+00,3.375002126659870427e+00,3.425589720129011084e+00,3.275003924570653258e+00
3.575002099837779834e+00,3.425002127404928487e+00,3.475394208689610576e+00,3.325003925315711317e+00
3.625002100582837894e+00,3.475002128149986547e+00,3.525263915136213289e+00,3.375003926060769377e+00
3.675002101327895954e+00,3.525002128895044606e+00,3.575177093881195756e+00,3.425003926805827437e+00
3.725002102072954013e+00,3.575002129640102666e+00,3.625119246503830439e+00,3.475003927550885496e+00
3.775002102818012073e+00,3.625002130385160726e+00,3.675080706866394653e+00,3.525003928295943556e+00
3.825002103563070133e+00,3.675002131130218785e+00,3.725055031182399556e+00,3.575003929041001616e+00
3.875002104308128192e+00,3.725002131875276845e+00,3.775037924620552765e+00,3.625003929786059675e+00
3.925002105053186252e+00,3.775002132620334905e+00,3.825026525515870190e+00,3.675003930531117735e+00
3.975002105798244312e+00,3.825002133365392964e+00,3.875018927925216072e+00,3.725003931276175795e+00
4.025002106543302816e+00,3.875002134110451024e+00,3.925013863053697705e+00,3.775003932021233854e+00
4.075002107288360875e+00,3.925002134855509084e+00,3.975010486615105254e+00,3.825003932766291914e+00
4.125002108033418935e+00,3.975002135600567144e+00,4.025008236882082535e+00,3.875003933511349974e+00
4.175002108778476995e+00,4.025002136345625203e+00,4.075006739963701996e+00,3.925003934256408034e+00
4.225002109523535054e+00,4.075002137090683263e+00,4.125005746678001017e+00,3.975003935001466093e+00
4.275002110268593114e+00,4.125002137835741323e+00,4.175005090579091416e+00,4.025003935746524597e+00
4.325002111013651174e+00,4.175002138580799382e+00,4.225004660139272339e+00,4.075003936491582657e+00
4.375002111758709233e+00,4.225002139325857442e+00,4.275004380373892410e+00,4.125003937236639828e+00
4.425002112503767293e+00,4.275002140070915502e+00,4.325004200729282822e+00,4.175003937981697888e+00
4.475002113248825353e+00,4.325002140815973561e+00,4.375004087092740690e+00,4.225003938726755948e+00
4.525002113993883412e+00,4.375002141561031621e+00,4.425004016494580306e+00,4.275003939471814007e+00
4.575002114738941472e+00,4.425002142306089681e+00,4.475003973560481185e+00,4.325003940216872067e+00
4.625002115483999532e+00,4.475002143051147740e+00,4.525003948104565410e+00,4.375003940961930127e+00
4.675002116229057592e+00,4.525002143796205800e+00,4.575003933474847351e+00,4.425003941706988186e+00
4.725002116974115651e+00,4.575002144541263860e+00,4.625003925405341221e+00,4.475003942452046246e+00
4.775002117719173711e+00,4.625002145286321920e+00,4.675003921217957270e+00,4.525003943197104306e+00
4.825002118464231771e+00,4.675002146031379979e+00,4.725003919271097530e+00,4.575003943942162365e+00
4.875002119209289830e+00,4.725002146776438039e+00,4.775003918584107332e+00,4.625003944687220425e+00
4.875002119209289830e+00,4.775002147521496099e+00,4.808337251671845003e+00,4.675003945432278485e+00
4.925002119954347890e+00,4.825002148266554158e+00,4.847226140765406477e+00,4.725003946177336545e+00
4.925002119954347890e+00,4.875002149011612218e+00,4.873152066893312373e+00,4.775003946922394604e+00
4.975002120699405950e+00,4.925002149756670278e+00,4.907102684594792485e+00,4.825003947667452664e+00
4.975002120699405950e+00,4.975002150501728337e+00,4.975002120699405950e+00,4.975002150501728337e+00
