2.675002086426734760e+00,1.250020782310965473e-01,2.675002086426734760e+00,1.250020782310965473e-01
2.675002086426734760e+00,1.750020789761546069e-01,2.675002086426734760e+00,1.276336572176786088e-01
2.675002086426734760e+00,2.250020797212126666e-01,2.675002086426734760e+00,1.327583110336541528e-01
2.675002086426734760e+00,2.750020804662707263e-01,2.675002086426734760e+00,1.402448252143182472e-01
2.675002086426734760e+00,3.250020812113287860e-01,2.675002086426734760e+00,1.499688913194241191e-01
2.675002086426734760e+00,3.750020819563868457e-01,2.675002086426734760e+00,1.618127434582116997e-01
2.675002086426734760e+00,4.250020827014449054e-01,2.675002086426734760e+00,1.756648139446977119e-01
2.675002086426734760e+00,4.750020834465029651e-01,2.675002086426734760e+00,1.914194070763717281e-01
2.625002085681676700e+00,5.250020841915610248e-01,2.672370507440152032e+00,2.089763900824343767e-01
2.575002084936618640e+00,5.750020849366190845e-01,2.667245853624175655e+00,2.282409003379178292e-01
2.525002084191560581e+00,6.250020856816771442e-01,2.659759339443510839e+00,2.491230679875894305e-01
2.475002083446502521e+00,6.750020864267352039e-01,2.650035273338404274e+00,2.715377531685972401e-01
2.425002082701444461e+00,7.250020871717932636e-01,2.638191421199616027e+00,2.954042970635024079e-01
2.375002081956386402e+00,7.750020879168513233e-01,2.624339350713129182e+00,3.206462860557840466e-01
2.375002081956386402e+00,8.250020886619093829e-01,2.611216336568036311e+00,3.471913282982118099e-01
2.375002081956386402e+00,8.750020894069674426e-01,2.598784007377948679e+00,3.749708420407780185e-01
2.375002081956386402e+00,9.250020901520255023e-01,2.587006011303128794e+00,4.039198550992648684e-01
2.375002081956386402e+00,9.750020908970835620e-01,2.575847909758562260e+00,4.339768148780975277e-01
2.375002081956386402e+00,1.025002091642141622e+00,2.565277076716341753e+00,4.650834083919946904e-01
2.375002081956386402e+00,1.075002092387199681e+00,2.555262603307922209e+00,4.971843917601634910e-01
2.375002081956386402e+00,1.125002093132257741e+00,2.545775207447314337e+00,5.302274286744844689e-01
2.375002081956386402e+00,1.175002093877315801e+00,2.536787148210948750e+00,5.641629373693706206e-01
2.375002081956386402e+00,1.225002094622373860e+00,2.528272144723865633e+00,5.989439456458447442e-01
2.375002081956386402e+00,1.275002095367431920e+00,2.520205299315049885e+00,6.345259535259285544e-01
2.375002081956386402e+00,1.325002096112489980e+00,2.512563024717224369e+00,6.708668031357478689e-01
2.375002081956386402e+00,1.375002096857548040e+00,2.505322975098231986e+00,7.079265554368955327e-01
2.425002082701444461e+00,1.425002097602606099e+00,2.501095559708926608e+00,7.456673734456173985e-01
2.425002082701444461e+00,1.475002098347664159e+00,2.497090639866426542e+00,7.840534115983569530e-01
2.425002082701444461e+00,1.525002099092722219e+00,2.493296505278794761e+00,8.230507109401659083e-01
2.425002082701444461e+00,1.575002099837780278e+00,2.489702061985249237e+00,8.626270998295142434e-01
2.425002082701444461e+00,1.625002100582838338e+00,2.486296799917679490e+00,9.027520998691631604e-01
2.425002082701444461e+00,1.675002101327896398e+00,2.483070762169455659e+00,9.433968367880440908e-01
2.425002082701444461e+00,1.725002102072954457e+00,2.480014515881664661e+00,9.845339560135659696e-01
2.425002082701444461e+00,1.775002102818012517e+00,2.477119124661652183e+00,1.026137542687484583e+00
2.425002082701444461e+00,1.825002103563070577e+00,2.474376122453219473e+00,1.068183045891463179e+00
2.425002082701444461e+00,1.875002104308128636e+00,2.471777488782072485e+00,1.110647206860761793e+00
2.425002082701444461e+00,1.925002105053186696e+00,2.469315625304143946e+00,1.153507990976152975e+00
2.425002082701444461e+00,1.975002105798244756e+00,2.466983333588211647e+00,1.196744523335210975e+00
2.425002082701444461e+00,2.025002106543302816e+00,2.464773794067854684e+00,1.240337027714584650e+00
2.425002082701444461e+00,2.075002107288360875e+00,2.462680546101200463e+00,1.284266768744783960e+00
2.425002082701444461e+00,2.125002108033418935e+00,2.460697469080159738e+00,1.328515997128396853e+00
2.425002082701444461e+00,2.175002108778476995e+00,2.458818764533910795e+00,1.373067897741559351e+00
2.425002082701444461e+00,2.225002109523535054e+00,2.457038939174306158e+00,1.417906540466926879e+00
2.475002083446502521e+00,2.275002110268593114e+00,2.457984367820210458e+00,1.463016833614383394e+00
2.525002084191560581e+00,2.325002111013651174e+00,2.461511616050280793e+00,1.508384479793292599e+00
2.575002084936618640e+00,2.375002111758709233e+00,2.467484798623245101e+00,1.553995934107262444e+00
2.625002085681676700e+00,2.425002112503767293e+00,2.475775182152635256e+00,1.599838364549184266e+00
2.675002086426734760e+00,2.475002113248825353e+00,2.486260808693376401e+00,1.645899614480744733e+00
2.725002087171792819e+00,2.525002113993883412e+00,2.498826139139608049e+00,1.692168167086699926e+00
2.775002087916850879e+00,2.575002114738941472e+00,2.513361715391040807e+00,1.738633111699976252e+00
2.825002088661908939e+00,2.625002115483999532e+00,2.529763840300033095e+00,1.785284111899135828e+00
2.875002089406966999e+00,2.675002116229057592e+00,2.547934274463555138e+00,1.832111375284921628e+00
2.925002090152025058e+00,2.725002116974115651e+00,2.567779948973473836e+00,1.879105624847511313e+00
2.975002090897083118e+00,2.775002117719173711e+00,2.589212693285241951e+00,1.926258071840757147e+00
3.025002091642141178e+00,2.825002118464231771e+00,2.612148977409288531e+00,1.973560390084098337e+00
3.075002092387199237e+00,2.875002119209289830e+00,2.636509667671282919e+00,2.021004691617004134e+00
3.125002093132257297e+00,2.925002119954347890e+00,2.662219795327122718e+00,2.068583503634762621e+00
3.175002093877315357e+00,2.975002120699405950e+00,2.689208337356079337e+00,2.116289746638173597e+00
3.225002094622373416e+00,3.025002121444464009e+00,2.717408008791146301e+00,2.164116713733261310e+00
3.275002095367431476e+00,3.075002122189522069e+00,2.746755065979370691e+00,2.212058051020478366e+00
3.325002096112489536e+00,3.125002122934580129e+00,2.777189120196902117e+00,2.260107739016055106e+00
3.375002096857547595e+00,3.175002123679638188e+00,2.808652961073777377e+00,2.308260075051187243e+00
3.425002097602605655e+00,3.225002124424696248e+00,2.841092389312136035e+00,2.356509656597590929e+00
3.475002098347663715e+00,3.275002125169754308e+00,2.874456058208740394e+00,2.404851365470687341e+00
3.525002099092721775e+00,3.325002125914812368e+00,2.908695323518415865e+00,2.453280352864243508e+00
3.575002099837779834e+00,3.375002126659870427e+00,2.943764101219415785e+00,2.501792025172746570e+00
3.625002100582837894e+00,3.425002127404928487e+00,2.979618732764814926e+00,2.550382030560113478e+00
3.675002101327895954e+00,3.475002128149986547e+00,3.016217857425933513e+00,2.599046246235559465e+00
3.725002102072954013e+00,3.525002128895044606e+00,3.053522291354519247e+00,2.647780766399575381e+00
3.775002102818012073e+00,3.575002129640102666e+00,3.091494913010067069e+00,2.696581890825013428e+00
3.825002103563070133e+00,3.625002130385160726e+00,3.130100554617251785e+00,2.745446114040296592e+00
3.875002104308128192e+00,3.675002131130218785e+00,3.169305899336085641e+00,2.794370115083706807e+00
3.925002105053186252e+00,3.725002131875276845e+00,3.209079383844087197e+00,2.843350747799703537e+00
3.975002105798244312e+00,3.775002132620334905e+00,3.249391106045572908e+00,2.892385031650209992e+00
4.025002106543302816e+00,3.825002133365392964e+00,3.290212737638101625e+00,2.941470143015892713e+00
4.075002107288360875e+00,3.875002134110451024e+00,3.331517441280292147e+00,2.990603406964653210e+00
4.125002108033418935e+00,3.925002134855509084e+00,3.373279792118555775e+00,3.039782289466888443e+00
4.175002108778476995e+00,3.975002135600567144e+00,3.415475703442931277e+00,3.089004390039609582e+00
4.225002109523535054e+00,4.025002136345625203e+00,3.458082356254071676e+00,3.138267434804213885e+00
4.275002110268593114e+00,4.075002137090683263e+00,3.501078132534596321e+00,3.187569269945589312e+00
4.325002111013651174e+00,4.125002137835741323e+00,3.544442552028475024e+00,3.236907855563221137e+00
4.375002111758709233e+00,4.175002138580799382e+00,3.588156212341859330e+00,3.286281259907922969e+00
4.425002112503767293e+00,4.225002139325857442e+00,3.632200732187802483e+00,3.335687654000592417e+00
4.475002113248825353e+00,4.275002140070915502e+00,3.676558697605689208e+00,3.385125306631656894e+00
4.525002113993883412e+00,4.325002140815973561e+00,3.721213610993873822e+00,3.434592579741357010e+00
4.575002114738941472e+00,4.375002141561031621e+00,3.766149842801082670e+00,3.484087924181252127e+00
4.625002115483999532e+00,4.425002142306089681e+00,3.811352585728678299e+00,3.533609875855892035e+00
4.675002116229057592e+00,4.475002143051147740e+00,3.856807811301970368e+00,3.583157052240082852e+00
4.725002116974115651e+00,4.525002143796205800e+00,3.902502228674643359e+00,3.632728149261121864e+00
4.775002117719173711e+00,4.575002144541263860e+00,3.948423245536228698e+00,3.682321938526639915e+00
4.825002118464231771e+00,4.625002145286321920e+00,3.994558930998787449e+00,3.731937264867195569e+00
4.825002118464231771e+00,4.675002146031379979e+00,4.038266401359249969e+00,3.781573044148776486e+00
4.875002119209289830e+00,4.725002146776438039e+00,4.082305027718575730e+00,3.831228261294570281e+00
4.875002119209289830e+00,4.775002147521496099e+00,4.124025790184651541e+00,3.880901968438720040e+00
4.925002119954347890e+00,4.825002148266554158e+00,4.166182245215339641e+00,3.930593283118737791e+00
4.925002119954347890e+00,4.875002149011612218e+00,4.206119862685109290e+00,3.980301386399483832e+00
4.975002120699405950e+00,4.925002149756670278e+00,4.246586977020591291e+00,4.030025520812124284e+00
4.975002120699405950e+00,4.975002150501728337e+00,4.975002120699405950e+00,4.975002150501728337e+00
