4.967666624050074,4.877798112709439,1.0496297328550963,4.87500211920929,4.825002148266554,1.0817053199879393e-24,0.9402147087143236
4.967637367120203,4.877784940005337,1.0755824508614258,4.87500211920929,4.784092986440964,2.1784038788285838e-29,0.9566396924961804
4.96759258775834,4.877627190852941,1.1173319434419344,4.8340929573836995,4.7357457059264645,4.7259930330369774e-29,0.9556680875485324
4.967522704477427,4.877483282174976,1.15915842983316,4.7857456768692,4.686046020473299,3.8216758427645813e-28,0.9529068794616795
4.96746219895215,4.8773482559194905,1.2009089795946992,4.736045991416034,4.636100489547889,3.0461842122081026e-27,0.9499484887883509
4.96740029361952,4.877196954276677,1.2425443475318523,4.736045991416034,4.636100489547889,1.8871995411639723e-26,0.9471545126751355
4.967158024418905,4.877034211816032,1.2831049009264501,4.736045991416034,4.636100489547889,1.069206185376063e-25,0.9443131169862402
4.9666045260328096,4.876885542124501,1.3218896804304623,4.736045991416034,4.636100489547889,5.317990721229942e-25,0.9415115241577692
4.96626082558732,4.876753578703607,1.361508983328979,4.736045991416034,4.636100489547889,2.7225998082405473e-24,0.9384739164136386
4.966227441949588,4.87659320981986,1.4026146530671237,4.736045991416034,4.636100489547889,1.488800643757996e-23,0.9350983349178179
4.966194282986872,4.8764226943155675,1.4435214666437926,4.736045991416034,4.636100489547889,7.865328945249364e-23,0.9315597011480066
4.966146814588781,4.87619493384119,1.4839700427649754,4.736045991416034,4.636100489547889,3.985417578088646e-22,0.9278696309149155
4.966128444735917,4.875933316666627,1.5242446783543468,4.736045991416034,4.636100489547889,1.963281529563992e-21,0.9239923140720943
4.966122544379132,4.875798291044832,1.5649081423765907,4.736045991416034,4.636100489547889,9.472452305196494e-21,0.9198995890171011
4.96612090721856,4.875718631362534,1.6047516730961113,4.736045991416034,4.636100489547889,4.2976461687847383e-20,0.9156959060592738
4.966124925637074,4.875624364595972,1.6446173779306033,4.736045991416034,4.636100489547889,1.9050975451676298e-19,0.9112744617728952
4.9661437966911235,4.87541483780397,1.6847567151330252,4.736045991416034,4.636100489547889,8.395319220252324e-19,0.9065675478031789
4.9661640568313015,4.875268012581456,1.7244261036976603,4.736045991416034,4.636100489547889,3.527517681203857e-18,0.9016982794190098
4.966189310235137,4.875117223926612,1.7639665190451157,4.736045991416034,4.636100489547889,1.4391618423102413e-17,0.896603347722269
4.966223058448269,4.874964111924378,1.8032440183442038,4.736045991416034,4.636100489547889,5.676991254102402e-17,0.8912922675562889
4.9662610770442415,4.874817153407761,1.8423382844257659,4.736045991416034,4.636100489547889,2.170021695938058e-16,0.8857516252758071
4.966304904832537,4.87467192146719,1.8811961099664434,4.736045991416034,4.636100489547889,8.030051057404935e-16,0.8799807019907384
4.965204778282679,4.87598790698362,1.9197976838782151,4.736045991416034,4.636100489547889,2.402239034215153e-15,0.8748475361091332
4.962500807432566,4.879348230014709,1.9582322211677043,4.736045991416034,4.636100489547889,5.482753651007483e-15,0.8707880351470312
4.960720615834903,4.881545635336664,1.9964522608745428,4.736045991416034,4.636100489547889,1.4159518530006888e-14,0.8659010731152323
4.960782890771,4.881413821842671,2.0344051429064076,4.736045991416034,4.636100489547889,4.701911739230902e-14,0.8593590534306212
4.960849609138799,4.881284419764535,2.072089339427797,4.736045991416034,4.636100489547889,1.512862774089769e-13,0.8525711109942475
4.960920690660857,4.881157202895012,2.109479746911251,4.736045991416034,4.636100489547889,4.715328273908205e-13,0.8455376041336748
4.960995687778523,4.881033099165102,2.146564573172058,4.736045991416034,4.636100489547889,1.4238130281170531e-12,0.838257945903476
4.961073817197266,4.880913639936674,2.183334894254645,4.736045991416034,4.636100489547889,4.16570452641557e-12,0.830732167279971
4.961159527873917,4.880791876054657,2.2198208102351775,4.736045991416034,4.636100489547889,1.1833718969317508e-11,0.8229465206045543
4.961243057170161,4.88064105043915,2.2557367755921724,4.736045991416034,4.636100489547889,3.2430060394318685e-11,0.8149544320814266
4.961396700843847,4.880461383978424,2.2910919508468996,4.736045991416034,4.636100489547889,8.620350451959119e-11,0.8067205862562565
4.961493719620128,4.880347908284694,2.3266172504627507,4.736045991416034,4.636100489547889,2.2389266712023606e-10,0.7981828871501586
4.961571644903411,4.880265695838458,2.3614796424836664,4.736045991416034,4.636100489547889,5.584569102711606e-10,0.7895051929672987
4.961608288384688,4.880229115876936,2.3957502485301463,4.736045991416034,4.636100489547889,1.3392419586227415e-09,0.7807020685566344
4.961686409623734,4.880156551572515,2.429871294103511,4.736045991416034,4.636100489547889,3.152529908145721e-09,0.7715735817537213
4.961823287104285,4.880041626419647,2.463868092566666,4.736045991416034,4.636100489547889,7.2975524834857145e-09,0.7620901479188298
4.961917680274684,4.879968215793921,2.4972552852507848,4.736045991416034,4.636100489547889,1.6269318412528826e-08,0.7524960846117457
4.962021932010605,4.87989130268213,2.530269317494685,4.736045991416034,4.636100489547889,3.5335968016036705e-08,0.7426745879849463
4.962113635230493,4.879897093804727,2.5628828967726744,4.736045991416034,4.636100489547889,7.438665920628971e-08,0.7327073219193325
4.961780953287611,4.881950660794368,2.5958376901223725,4.736045991416034,4.636100489547889,1.386438412407931e-07,0.7239303820382448
4.961598847430865,4.883303108490342,2.6282310101309077,4.736045991416034,4.636100489547889,2.61959213599591e-07,0.7145152130646795
4.961707545199971,4.883244748254205,2.659834695172659,4.736045991416034,4.636100489547889,5.167589682949714e-07,0.703926297701434
4.961836437070432,4.883180470394057,2.69697369342013,4.736045991416034,4.636100489547889,1.1243292786640784e-06,0.6910724868253673
4.9619220709110365,4.883140799018057,2.721287509083797,4.736045991416034,4.636100489547889,1.8475139483776872e-06,0.6824135820177746
4.962002131275787,4.883106597436772,2.743926080630793,4.736045991416034,4.636100489547889,2.9080643623292106e-06,0.6741770079838416
4.962135043912953,4.883053358003331,2.7811217974373488,4.736045991416034,4.636100489547889,6.017005847590642e-06,0.6602729484423471
4.96224012868553,4.883015283183354,2.8101418568613425,4.736045991416034,4.636100489547889,1.0444694955376944e-05,0.6491019391947335
4.962344308755888,4.88298029796877,2.838762578152676,4.736045991416034,4.636100489547889,1.775125663479493e-05,0.6378050093565353
4.962468709264238,4.882942720011406,2.872468536555182,4.736045991416034,4.636100489547889,3.258418239903368e-05,0.624141564058921
4.9625486971231565,4.882920861362354,2.8944649947271675,4.736045991416034,4.636100489547889,4.794482377843152e-05,0.6150165336236169
4.962626765251113,4.882901642757454,2.9161931839830033,4.736045991416034,4.636100489547889,6.96647508063343e-05,0.6058410129489886
4.9627438140653055,4.88287508007047,2.948361986789946,4.736045991416034,4.636100489547889,0.00011942948053378464,0.5919555252471376
4.96283675241933,4.882856591611249,2.9746737782213466,4.736045991416034,4.636100489547889,0.00018325222144951515,0.5803358161321026
4.962922152944849,4.882841662532042,3.000277034302931,4.736045991416034,4.636100489547889,0.0002748907825911638,0.568805271599029
4.9630152440002915,4.882810272290601,3.0253519378455045,4.736045991416034,4.636100489547889,0.0004050457146278142,0.5572665928772425
4.963149132891184,4.882793682687776,3.054616198068027,4.736045991416034,4.636100489547889,0.0006286722624129612,0.5435158355662115
4.963231239529993,4.882784993047536,3.0736983640848927,4.736045991416034,4.636100489547889,0.0008308852028481061,0.534396367140989
4.963281685304176,4.882780644877587,3.101882451363305,4.736045991416034,4.636100489547889,0.0012378430966305909,0.5207802803227941
4.9633080108154255,4.8827777801015,3.1203656572183274,4.736045991416034,4.636100489547889,0.0015962162544159821,0.5117112616136807
4.96334540099797,4.88277633963818,3.142903062859847,4.736045991416034,4.636100489547889,0.0021604678363284164,0.5004930812700485
4.9619286549214445,4.882399974976582,3.169880197513907,4.736045991416034,4.636100489547889,0.0029756810358906303,0.48808903144541116
4.95949552244402,4.881760959536333,3.1879075975006446,4.736045991416034,4.636100489547889,0.0035511556238494984,0.48098368559239435
4.955993721203798,4.880859551095202,3.2144486661646887,4.736045991416034,4.636100489547889,0.004581358154088691,0.47040366674102185
4.955865288817812,4.880847166763971,3.2351297611239995,4.736045991416034,4.636100489547889,0.0058640453700776664,0.45973719633032606
4.955663622477425,4.880825670867953,3.255332077574839,4.736045991416034,4.636100489547889,0.007401982740009299,0.4492696512981962
4.955388978129682,4.880790621014405,3.2750794620271373,4.736045991416034,4.636100489547889,0.009222889120365473,0.4389965512690823
4.9550265584173525,4.88073772868248,3.294377641203127,4.736045991416034,4.636100489547889,0.011347423414294086,0.42894081114263916
4.954561149429286,4.880661054350905,3.3132338854959213,4.736045991416034,4.636100489547889,0.013791170898145251,0.4191233420264642
4.953979282352165,4.880554315344279,3.331660560193189,4.736045991416034,4.636100489547889,0.016564667281903526,0.4095597450351536
4.953265373465606,4.880410103613583,3.3496671080913023,4.736045991416034,4.636100489547889,0.01967043755088134,0.40026862549542086
4.9524046500063035,4.8802204423051325,3.367265682542728,4.736045991416034,4.636100489547889,0.023103904765986234,0.3912655229077766
4.951419276493808,4.879985157715897,3.38455514196724,4.736045991416034,4.636100489547889,0.026892579792234483,0.382477387221964
4.950218551547078,4.879677819185743,3.4013664259497243,4.736045991416034,4.636100489547889,0.030936670382262183,0.3741006632331936
4.948830457370759,4.879297147394968,3.417816087580181,4.736045991416034,4.636100489547889,0.03525116344758628,0.36604471349201617
4.947290010918259,4.8788476521812765,3.4339884349470724,4.736045991416034,4.636100489547889,0.03985755678336071,0.35823121951622316
4.945116955485894,4.878172012804974,3.4528690661293506,4.736045991416034,4.636100489547889,0.045590790844009396,0.3494001910788358
4.9431238662069905,4.877513863667226,3.468318095622452,4.736045991416034,4.636100489547889,0.05060805238140251,0.34232251845980066
4.940826858906238,4.8767161485779225,3.4833608555109064,4.736045991416034,4.636100489547889,0.055630397752727066,0.3357326928808291
4.938871138073251,4.876007606534876,3.49523660173973,4.736045991416034,4.636100489547889,0.059751911543487586,0.3306378141480697
4.935690824490759,4.8748018879867,3.512732349997762,4.736045991416034,4.636100489547889,0.06599250351771593,0.32337863372312525
4.932728718183541,4.873625442330368,3.5269528950147384,4.736045991416034,4.636100489547889,0.07107353567040253,0.31781583117989776
4.929534706915047,4.87230415621109,3.5409180758080567,4.736045991416034,4.636100489547889,0.07606602914077285,0.3126113187020829
4.9261895473566915,4.870865097152674,3.554660224066823,4.736045991416034,4.636100489547889,0.08101849836278019,0.3076735559001964
4.922631686798459,4.869276357788268,3.568194183752333,4.727009622316215,4.586110319203322,0.048661312679029005,0.3450048728563102
4.919840344996171,4.867985089195815,3.584350155250151,4.727009622316215,4.586110319203322,0.05372079557949952,0.33818550538055203
4.917774783176151,4.866994562895206,3.5981083839822756,4.727009622316215,4.586110319203322,0.05859654197914203,0.3320400371843575
4.915825043004464,4.866013250474981,3.6100026276062205,4.727009622316215,4.586110319203322,0.06296245678541132,0.3268397911757952
4.913801603799353,4.864974346866366,3.6210272924671045,4.727009622316215,4.586110319203322,0.06703591915637327,0.3222125712317785
4.911696313663405,4.863871729427445,3.63173320630289,4.727009622316215,4.586110319203322,0.0710477349455985,0.3178433704084722
4.908883041941176,4.862350507681842,3.6452511295774235,4.727009622316215,4.586110319203322,0.07622402089478682,0.3124504826855725
4.905577791077291,4.860491351042418,3.6594593535571502,4.727009622316215,4.586110319203322,0.08162035702928627,0.3070874886757413
4.902226489366172,4.8585482043832355,3.6728594128621017,4.727009622316215,4.586110319203322,0.08670390260539156,0.30224877902760694
4.897889769549812,4.855951371597527,3.688840396749015,4.727009622316215,4.586110319203322,0.09266031029888208,0.2968119883223179
4.894826101078244,4.854060843307809,3.6992664290947173,4.727009622316215,4.586110319203322,0.09641351893943445,0.293502196890735
4.890855262607412,4.851547044457793,3.7121627577424166,4.727009622316215,4.586110319203322,0.10095359463578131,0.28960722144912876
4.887618561329136,4.849446733202283,3.722403133671456,4.727009622316215,4.586110319203322,0.10452669518821102,0.28661926656701775
4.881708695019433,4.845488546760029,3.740055232034894,4.727009622316215,4.586110319203322,0.11038201837928602,0.2818578956442208
4.877255553215378,4.84241013047111,3.7524259422845145,4.684457570660557,4.536112073890557,0.14064974711697237,0.25938489509364904
4.871833917320076,4.838562632382132,3.7640093956506306,4.684457570660557,4.536112073890557,0.1446692709109401,0.25661708892228985
4.865989738063264,4.834319214286746,3.775180896974497,4.684457570660557,4.536112073890557,0.14773445976577823,0.2545343922512411
4.8601437153019065,4.829973204948053,3.7863921675296974,4.684457570660557,4.536112073890557,0.15072948619814105,0.2525216092597269
4.854191650011197,4.82544534042167,3.7974416130918835,4.684457570660557,4.536112073890557,0.1533062819292569,0.25080676326926166
4.848844836281677,4.817484780197772,3.8099457586931207,4.684457570660557,4.536112073890557,0.16359740408210166,0.24410234444087298
4.843597556431969,4.807670797658418,3.8230076326957647,4.684457570660557,4.536112073890557,0.1780077798481783,0.23505589246380998
4.837147931135415,4.8007988108365796,3.8340752225327215,4.684457570660557,4.536112073890557,0.1823611382027739,0.23239134472678602
4.8301200300981435,4.794911453662975,3.8438993677348057,4.67672089211205,4.486112380840578,0.13249810492206904,0.26513598842687647
4.823595321443365,4.789341000968871,3.852258749242851,4.67672089211205,4.486112380840578,0.13109599770357727,0.26614514768267306
4.818923696601817,4.785302516469367,3.8565164513217844,4.67672089211205,4.486112380840578,0.12843618391745812,0.2680766736929372
4.8123843942561155,4.779592459450215,3.862451978949729,4.67672089211205,4.486112380840578,0.12445216958480526,0.27101364334105926
4.806791924222865,4.774652631716556,3.8689413883407653,4.67672089211205,4.486112380840578,0.12197688931294527,0.2728661927075915
4.80131787117623,4.769750124187438,3.877325848938421,4.67672089211205,4.486112380840578,0.12097892685459319,0.27361936383722063
4.7969121156981185,4.765714032861511,3.8889249302659623,4.67672089211205,4.486112380840578,0.12400196188625039,0.2713489642307527
4.793194494630303,4.7622084802729825,3.9047964475422248,4.634405163223223,4.436112432540656,0.18301097268795763,0.2319960854862133
4.7882747542256645,4.757412223631464,3.921369899914293,4.634405163223223,4.436112432540656,0.19358965426735117,0.22564605327108866
4.781904721742427,4.751024292714141,3.9334558608939187,4.634405163223223,4.436112432540656,0.1973388116513949,0.22343114998458447
4.774997832162099,4.74395620744644,3.9430536868402446,4.634405163223223,4.436112432540656,0.1973113262538203,0.22344732433884706
4.768207045523107,4.7368720504761805,3.95284861980628,4.634405163223223,4.436112432540656,0.19727901519761853,0.22346633962692675
4.761471549030577,4.7297115113624155,3.962631468470625,4.634405163223223,4.436112432540656,0.19689637418251413,0.22369162333485648
4.754816859386443,4.7224951643716295,3.972429681990103,4.634405163223223,4.436112432540656,0.19621474695914484,0.22409338241316168
4.748255282049476,4.715239246112753,3.9822441724265563,4.634405163223223,4.436112432540656,0.19522662777936545,0.2246768118044995
4.74179339972539,4.7079516058372075,3.9920865656871185,4.585802259281123,4.386112440407073,0.28028432667904,0.1774225984533686
4.733965447987857,4.698948341679233,4.000814130733636,4.585802259281123,4.386112440407073,0.27994864449535395,0.17760229016756757
4.724798533591421,4.688221610355563,4.008748496554285,4.585802259281123,4.386112440407073,0.276126975232745,0.17964940136119623
4.717329607679467,4.679372516013888,4.01701644672116,4.585802259281123,4.386112440407073,0.27452022970668477,0.1805109056684282
4.7084314226436845,4.668614451871975,4.026052341068671,4.585802259281123,4.386112440407073,0.27087831650684435,0.18246577088288274
4.6979947469241266,4.6557227681866475,4.036733194856228,4.536056187587984,4.3361124410131735,0.3552660700943521,0.13692287614081322
4.688115066460982,4.643312343718919,4.040185596166215,4.536056187587984,4.3361124410131735,0.34831113171142863,0.14077682798236046
4.6771616698413565,4.629491757291089,4.046014898034124,4.536056187587984,4.3361124410131735,0.3417824507139639,0.14436389398865712
4.666608550179674,4.615957387277699,4.0522003612875395,4.536056187587984,4.3361124410131735,0.33506678625772773,0.1480273949255302
4.6585566332019726,4.605528705623363,4.058395134523377,4.4861022753504525,4.286112440469422,0.4085143817530049,0.10556148113614694
4.646170439942919,4.589172907370271,4.071476828739345,4.4861022753504525,4.286112440469422,0.41258985533870435,0.102954894761212
4.634635076438062,4.5735529819480085,4.080765906061198,4.4861022753504525,4.286112440469422,0.41290711572089034,0.10275022411476686
4.622414790889663,4.556751947579345,4.085254520749895,4.4861022753504525,4.286112440469422,0.4068240343814737,0.10663081309475664
4.610465852989431,4.540190703058256,4.090030815109813,4.436110605024847,4.236112439752718,0.4602674687510055,0.06771962723582026
4.598077897657164,4.5229201773275545,4.088849301319612,4.436110605024847,4.236112439752718,0.4542975471305376,0.07284551418019647
4.584857019453742,4.504518160039723,4.091372609385079,4.436110605024847,4.236112439752718,0.4498305650704779,0.07649415238744672
4.571782733203166,4.4861550406387725,4.094572653754473,4.386112095879017,4.186112439011427,0.4840409169931097,0.042426225490965086
4.5580702524988,4.466808056144635,4.096991404987914,4.386112095879017,4.186112439011427,0.48300110403508595,0.04380822836847087
4.543877908924779,4.44670202066684,4.0973829520006895,4.386112095879017,4.186112439011427,0.4804484840093665,0.0470397201175492
4.529765340112242,4.4267300754015695,4.0978573734386865,4.336112357647983,4.136112438266839,0.49714625518579675,0.017830414694389063
4.515802910289879,4.406917594578621,4.09936740104924,4.336112357647983,4.136112438266839,0.4970525301368066,0.018121639971370618
4.5013858913600036,4.386388504683411,4.100893584303271,4.286112401886911,4.086112437521836,0.4995595888668762,-0.006996751859439043
4.486566130820862,4.368060387582027,4.101163225776523,4.286112401886911,4.086112437521836,0.4998140865917983,-0.004545393508985751
4.468700920851947,4.346977642704936,4.099352315059275,4.286112401886911,4.086112437521836,0.4999778209176112,0.001569838557712977
4.457040132386869,4.331302625253685,4.0990720634155275,4.236112408575173,4.036112436776785,0.4966067402686202,-0.01944784409323952
4.442708123281587,4.3109429020852374,4.0983280965722235,4.236112408575173,4.036112436776785,0.4962830007219876,-0.020357508542425684
4.428399081554669,4.290661109129666,4.097471438795046,4.236112408575173,4.036112436776785,0.49591256822236124,-0.021351510632200754
4.414054442318195,4.270378116871829,4.096507040667555,4.186112409004565,3.9861124360317266,0.4858083049549592,-0.03997451078143288
4.3999164520620875,4.250439071843717,4.095082080374145,4.186112409004565,3.9861124360317266,0.48446359699336283,-0.04185221224225155
4.38590759801294,4.23075762470785,4.092950243708185,4.186112409004565,3.9861124360317266,0.4831875917623994,-0.04356339576188717
4.371811835754657,4.2110233054417945,4.091272931963071,4.136112408435753,3.936112435286669,0.4702022825452875,-0.058359777122626744
4.3579417308526995,4.191675840302587,4.088897973168532,4.136112408435753,3.936112435286669,0.46770281032454636,-0.06083229533007606
4.344265093155573,4.172704476559322,4.086294257537971,4.136112408435753,3.936112435286669,0.4648571056362977,-0.06354428844950222
4.330566190430444,4.1538084187568804,4.083370494702587,4.086112407715699,3.886112434541611,0.4530435838934438,-0.07388454359909047
4.314212944677282,4.131440480714582,4.07865754162443,4.086112407715699,3.886112434541611,0.4495587471605673,-0.07671162526634889
4.3035837431963415,4.117015116885572,4.0764311537601685,4.086112407715699,3.886112434541611,0.44602647191394384,-0.07949432212945917
4.2875445443132865,4.0953872074983275,4.0723904820724846,4.036112406973985,3.836112433796553,0.4367302156800701,-0.08647973362434347
4.274211105155277,4.077545036616143,4.069673876971934,4.036112406973985,3.836112433796553,0.4314818337909328,-0.09024100448065042
4.261022693508073,4.059967743369816,4.06712083589308,4.036112406973985,3.836112433796553,0.4250478465715999,-0.0947025884032735
4.248219810073487,4.043031066968473,4.062593919112317,3.9861124062293487,3.786112433051495,0.4220034364619031,-0.09676289147554051
4.235361204385077,4.026182208350977,4.058362090702767,3.9861124062293487,3.786112433051495,0.417506912836598,-0.09975238765039451
4.222526696825634,4.009503117253361,4.053844606295173,3.9861124062293487,3.786112433051495,0.41239648847260546,-0.10307951139341309
4.209717857503585,3.9930339986863226,4.048646655703481,3.9861124062293487,3.786112433051495,0.4069994473781063,-0.1065201537198881
4.19708237253053,3.9769595209734465,4.044010283002862,3.9361124054843395,3.7361124323064367,0.4104153890990834,-0.10435075917303283
4.184347555525236,3.9609132435941232,4.039433155269068,3.9361124054843395,3.7361124323064367,0.405372335975622,-0.10754393205153301
4.171599814702896,3.9450047525409486,4.034853224919884,3.9361124054843395,3.7361124323064367,0.399329157765134,-0.11129619972164595
4.158971580586487,3.9283676997378985,4.031406751390302,3.8861124047392868,3.6861124315613787,0.4034588638983352,-0.1087403607665639
4.146361725430822,3.9116782154160337,4.027659105249314,3.8861124047392868,3.6861124315613787,0.39469040134964134,-0.11412714091205212
4.133637260138054,3.8960570641546344,4.023323782855331,3.8861124047392868,3.6861124315613787,0.3877224053448229,-0.11830798476430726
4.118781512196748,3.8781289728293906,4.017020716634026,3.8861124047392868,3.6861124315613787,0.3797206463732028,-0.12301579020446218
4.108938169034596,3.8663812190597824,4.0126216678601585,3.8361124039942296,3.6361124308163206,0.39676838816442966,-0.11286398191476688
4.096422629684699,3.851581019181662,4.007984218516498,3.8361124039942296,3.6361124308163206,0.3913909170594267,-0.11611701458735246
4.08356128592715,3.836528811869589,4.002677897149016,3.8361124039942296,3.6361124308163206,0.3854803569591649,-0.11963654566107351
4.070882470238005,3.821854879030414,3.9976475415936306,3.786112403249172,3.5861124300712626,0.4025985858684216,-0.10927569046006946
4.0578903776239,3.8069613544246446,3.992647099321529,3.786112403249172,3.5861124300712626,0.3982196318283138,-0.11197703295853567
4.0446222851882,3.791901994832255,3.987942107921915,3.786112403249172,3.5861124300712626,0.3924299234546618,-0.11549243695064282
4.028880519708716,3.774224484846112,3.9818873354799234,3.786112403249172,3.5861124300712626,0.38464349012377086,-0.12013049600374315
4.015877317286397,3.759779277096582,3.9770662154557184,3.736112402504114,3.5361124293262045,0.4063090491861133,-0.10695528489394313
4.002440269945965,3.7449966775574843,3.971903054120657,3.736112402504114,3.5361124293262045,0.40192166833624715,-0.10969582359185759
3.988611259527505,3.729936861729164,3.966559088047086,3.736112402504114,3.5361124293262045,0.3964875764396167,-0.11303514554785676
3.9747807772811656,3.715062042668823,3.959922815763972,3.686112401759056,3.4861124285811464,0.41983334988557436,-0.09821332186975429
3.9606845282144754,3.7000725258715006,3.9561825273571287,3.686112401759056,3.4861124285811464,0.4149837456164946,-0.10140398699132791
3.9462910694599325,3.6848651637056227,3.9517474200687195,3.686112401759056,3.4861124285811464,0.4096784697511578,-0.10482113288618067
3.9319780827162214,3.669898062686401,3.947291995981345,3.686112401759056,3.4861124285811464,0.4034172026893363,-0.10876632178723955
3.9179045568931645,3.65531252790891,3.9425748719171256,3.636112401013998,3.4361124278360884,0.42755600094602525,-0.09298144627767646
3.903195733506598,3.6402110048078065,3.9382227517220776,3.636112401013998,3.4361124278360884,0.42345523220462855,-0.09578420705123702
3.8880598954838232,3.6247837049668385,3.93525700770796,3.636112401013998,3.4361124278360884,0.41673265042994256,-0.10026110449813797
3.8747252449949894,3.6112332978662263,3.934057689905088,3.5861124002689397,3.3861124270910303,0.4367409747282627,-0.08647189910928987
3.858003156432124,3.5943250307699675,3.9299525067926018,3.5861124002689397,3.3861124270910303,0.4323273525803556,-0.08964291255484891
3.842751708816329,3.5790463760187166,3.926794285946191,3.5861124002689397,3.3861124270910303,0.4268927729253049,-0.09343873371969291
3.8275559028982995,3.5639109135764047,3.9226979562383177,3.5361123995238817,3.3361124263459723,0.44757094613421233,-0.0782872719715706
3.8123275799258085,3.54886799766164,3.919231218025369,3.5361123995238817,3.3361124263459723,0.44447622545154075,-0.08069153916268235
3.7926255277404834,3.5295541653819322,3.9149783952267283,3.5361123995238817,3.3361124263459723,0.4392469133344178,-0.08463232848349966
3.7803548706577352,3.5175395819520734,3.911955924239661,3.5361123995238817,3.3361124263459723,0.43542417962875557,-0.08742686264540622
3.76762931208508,3.5046983165659977,3.907467012131686,3.4861123987788236,3.286112425600914,0.45728428243865105,-0.07032002113305236
3.7543149442108623,3.4915101026677275,3.902341274203473,3.4861123987788236,3.286112425600914,0.4560880064252304,-0.0713404443291642
3.738070253899137,3.4761535986557472,3.895585895489131,3.4861123987788236,3.286112425600914,0.45563335060956706,-0.07172510050633674
3.7213363973042624,3.4604934659256594,3.892770437292743,3.4361123980337656,3.236112424855856,0.47216946049515146,-0.0563465925121609
3.7008665799699525,3.4414376109023186,3.88944688883136,3.4361123980337656,3.236112424855856,0.4698234076477926,-0.05874046358660523
3.687023524760197,3.428626885007218,3.8874147736034357,3.4361123980337656,3.236112424855856,0.46770035715109587,-0.060834678568154055
3.6697845430615823,3.4127430951329973,3.8847964201147303,3.3861123972887075,3.186112424110798,0.4812486098149793,-0.046049521906710966
3.6522520706244164,3.3966722735513777,3.8825154821934333,3.3861123972887075,3.186112424110798,0.47991209049126,-0.047692860797704295
3.634444784719464,3.3804151796599555,3.880496435197943,3.3861123972887075,3.186112424110798,0.47801690042353184,-0.04993731762273079
3.616730522325545,3.364310595359279,3.878359268671587,3.3361123965436494,3.13611242336574,0.48845849976026423,-0.036004166574728935
3.5990663202378723,3.348325267620713,3.8762045489406973,3.3361123965436494,3.13611242336574,0.48778776492535125,-0.03704731666669614
3.5809876253352506,3.3320078451532655,3.87534727131724,3.3361123965436494,3.13611242336574,0.4862563682591209,-0.039330056178092154
3.562872475322332,3.315694801645006,3.873518087069717,3.2861123957985914,3.086112422620682,0.4938188219811479,-0.026282310068548975
3.540928889506173,3.296019585587586,3.8719069310043666,3.2861123957985914,3.086112422620682,0.4932386916351259,-0.027495471939157023
3.5261949226080764,3.282839296537218,3.8709614755653567,3.2861123957985914,3.086112422620682,0.4926916323405348,-0.02859349756717
3.5041178273652536,3.2631362577527776,3.8694818958328487,3.2361123950535333,3.036112421875624,0.49748851013017,-0.016724397153859316
3.485565938598392,3.2466214928807506,3.8686625583340564,3.2361123950535333,3.036112421875624,0.4972744537344264,-0.017424276769932523
3.4743719279187575,3.236665538467398,3.8682375027682534,3.2361123950535333,3.036112421875624,0.49710012446325924,-0.017974336781557354
3.4482255053080264,3.213449155434743,3.86711518069783,3.1861123943084753,2.986112421130566,0.49951119852442943,-0.00737128696154421
3.429588679084061,3.196929012816283,3.8667159056263163,3.1861123943084753,2.986112421130566,0.49947193289208835,-0.007661777297522598
3.4108841246499697,3.1803586006523137,3.8663750327756974,3.136112393563417,2.936112420385508,0.4999860216028873,0.001246264553589338
3.392163171384772,3.1637830511442973,3.8663566979009025,3.136112393563417,2.936112420385508,0.49998350268757813,0.0013539064643717236
3.373435566094731,3.1471979918836324,3.8664197397025863,3.136112393563417,2.936112420385508,0.4999819373242173,0.0014166854070334356
3.354473757174577,3.1297887438534193,3.8673468763173684,3.086112392818359,2.8861124196404497,0.49947386667173094,0.0076477288790315345
3.335015205035236,3.1101381523913707,3.8708399416625947,3.086112392818359,2.8861124196404497,0.4999482456845216,0.002398073202117379
3.3159718109589997,3.0914945045797992,3.8733760392615064,3.086112392818359,2.8861124196404497,0.49997369294850663,-0.001709700828676497
3.2974054863165865,3.074817345877033,3.87339464072919,3.036112392073301,2.8361124188953917,0.4997144472883359,0.0056335132092122375
3.278812782910994,3.0581159500574486,3.873586387459656,3.036112392073301,2.8361124188953917,0.49968353716935504,0.005930669801707644
3.2602245602068844,3.041408903533881,3.8738413770961326,3.036112392073301,2.8361124188953917,0.4996497002355457,0.006239777737560459
3.245355008873708,3.0280395401033733,3.874061528656977,2.986112391328243,2.7861124181503336,0.4986486396356368,0.012261295060942867
3.226783210616917,3.011331657608732,3.8744397107764175,2.986112391328243,2.7861124181503336,0.49849720511450685,0.012930970732513591
3.2045419096769843,2.9913003282786086,3.875109113205161,2.936112390583185,2.7361124174052756,0.4971780969480138,0.017730398175428874
3.1860419604802193,2.9746156984355423,3.875829672328913,2.936112390583185,2.7361124174052756,0.4969244432893285,0.01851230780073565
3.1675825641026174,2.9579405204427207,3.876614475841885,2.936112390583185,2.7361124174052756,0.49662221167555637,0.019403317920523078
3.1491831156517636,2.941293422699717,3.8774399615867647,2.886112389838127,2.6861124166602175,0.4953084180459534,0.02288154563689515
3.130820896525332,2.9246507008994147,3.878409333230119,2.886112389838127,2.6861124166602175,0.4948956869889536,0.02387140670616894
3.112491660232733,2.9080049491865,3.879441075591136,2.886112389838127,2.6861124166602175,0.49439432127722105,0.025022181289898082
3.0941973505943485,2.8913552804359632,3.880533516900222,2.836112389093069,2.6361124159151594,0.49334663454773836,0.027273730867215074
3.0759532219986667,2.8747137120098643,3.881716006943885,2.836112389093069,2.6361124159151594,0.49276514487471423,0.028448347741532487
3.057756606119235,2.8580746997617297,3.88295386537704,2.836112389093069,2.6361124159151594,0.49205217985467414,0.029827119073205566
3.039597321256056,2.84142604762817,3.884229898171237,2.786112388348011,2.5861124151701014,0.4914782906023307,0.030893536442745395
3.02150938327733,2.824800317888272,3.8854799933851667,2.786112388348011,2.5861124151701014,0.4906971258963298,0.032290311818350625
3.0070725984756788,2.811500228779117,3.8866235702227967,2.786112388348011,2.5861124151701014,0.4899866800564194,0.03351180848351931
2.9854621607903225,2.7915329804247406,3.8883575279742217,2.7361123876029527,2.5361124144250433,0.4898391039491613,0.03376019887363535
2.9674931347609297,2.774877642365537,3.8898373310688097,2.7361123876029527,2.5361124144250433,0.4889476978901066,0.03522473867854248
2.9459856367066166,2.7548770678571817,3.8916742914232416,2.7361123876029527,2.5361124144250433,0.4875871534859575,0.037353907822000654
2.928140910926544,2.7382249151492655,3.8932997641734497,2.6861123868578947,2.4861124136799853,0.48843074101063433,0.0360479100761284
2.9137094096102505,2.7242099198672776,3.8950704963744163,2.6861123868578947,2.4861124136799853,0.4882741534093627,0.03629372322148261
2.8916703853594843,2.7012397701413544,3.898979382560736,2.6361123861128366,2.436112412934927,0.49146636715597375,0.03091531485668564
2.873609782895125,2.6831250489465788,3.9015341156083463,2.6361123861128366,2.436112412934927,0.4919322583815958,0.030052992070160434
2.8557872910273527,2.6661633426463993,3.902834103101259,2.6361123861128366,2.436112412934927,0.49115848853092564,0.031472609653236505
2.837997589794771,2.6491922053908876,3.9041790496101068,2.5861123853677785,2.386112412189869,0.49212497438110564,0.02968919696450789
2.820218968440706,2.6321857951741237,3.905504372883967,2.5861123853677785,2.386112412189869,0.49146088695476126,0.03092531957364275
2.8024662677044923,2.615159075313521,3.9068621372297176,2.5861123853677785,2.386112412189869,0.4906338326179806,0.032400935450746404
2.784770780839292,2.5981397099010906,3.9082714815501007,2.5361123846227205,2.336112411444811,0.4920035757555682,0.029918864619836505
2.767104149724256,2.5810995077791645,3.9094817851517987,2.5361123846227205,2.336112411444811,0.49127711037016114,0.03125902922308077
2.7494569676552967,2.5640357977226493,3.910767345494747,2.5361123846227205,2.336112411444811,0.4903913187891454,0.03282146923623608
2.7318677568998186,2.546980194728297,3.912265902301143,2.4861123838776624,2.286112410699753,0.49212536958436526,0.029688446484961828
2.7142392437422824,2.529840833485082,3.9136067587159746,2.4861123838776624,2.286112410699753,0.49144864546069694,0.030947656474132
2.696630459302126,2.5126758148439077,3.914960318508644,2.4861123838776624,2.286112410699753,0.49059342802011585,0.032471364177912854
2.679076678402888,2.49551759142531,3.916379459508237,2.4361123831326044,2.236112409954695,0.4925474042863799,0.02887621220562786
2.6614972392701546,2.4782866286041543,3.917675885648416,2.4361123831326044,2.236112409954695,0.49189139900740014,0.030129575826696398
2.6439156254239453,2.461007622039693,3.91905200331725,2.4361123831326044,2.236112409954695,0.49108610458928176,0.03160225219818669
2.626390149685454,2.4437286617133225,3.9205218418758547,2.4270215442131367,2.186112409209637,0.43379488061019866,0.08859785302252243
2.6097555599669224,2.427333261099337,3.919649325140442,2.4270215442131367,2.186112409209637,0.4231490162138768,0.09599120405845163
2.595033545238975,2.412747944761037,3.9257924015958223,2.425368823982577,2.136112408464579,0.3196931069668297,0.15633672353684158
2.5828392939750167,2.4004904206855358,3.931659788907845,2.425368823982577,2.136112408464579,0.3111097343183859,0.16094299827846315
2.571989363750042,2.3894623050044963,3.938648745617039,2.4250685086906865,2.086112407719521,0.21734396913548848,0.21188018458205637
2.5635888634009714,2.380813853250224,3.9473454257971987,2.4250685086906865,2.086112407719521,0.21404988584259052,0.2137541919537307
2.5563469620781625,2.3731899787711264,3.956562670504733,2.4250685086906865,2.086112407719521,0.21263381336055945,0.21456293030736084
2.549038289636444,2.365368005185534,3.966073545538697,2.4250685086906865,2.086112407719521,0.21086085105668953,0.2155782392665646
2.54193211875897,2.3576150635738884,3.975458477655048,2.4250140388710375,2.0361124069744627,0.14981520988247968,0.2531337681698256
2.535786608129513,2.350783986441316,3.987460125782242,2.4250140388710375,2.0361124069744627,0.1513897176597981,0.25208076772015287
2.5307740212453123,2.3450526372611282,3.9994162876856767,2.4250140388710375,2.0361124069744627,0.15450135242721297,0.25001657464575033
2.526193962926296,2.3397019171918547,4.007793693334329,2.4250140388710375,2.0361124069744627,0.15474000024127674,0.24985916071485148
2.5216747355396,2.334347697771271,4.015786857925727,2.4250140388710375,2.0361124069744627,0.15447226423917176,0.25003577007539257
2.516856762774939,2.3285292889560285,4.026251138796791,2.4250140388710375,2.0361124069744627,0.15576674398273505,0.24918334472034198
2.5119165903163605,2.322421747710763,4.037465708239264,2.425004208470544,1.9861124062294044,0.1202721764220441,0.27415498691381024
2.507718498948572,2.3171182491826894,4.0490209528685215,2.425004208470544,1.9861124062294044,0.12316232491316474,0.2719762535119885
2.503727650766402,2.3115885163403664,4.060575738266791,2.425004208470544,1.9861124062294044,0.1264858837761648,0.269507682928803
2.4987257400965284,2.303871835867106,4.071041130768662,2.425004208470544,1.9861124062294044,0.12742975911883805,0.26881353966849364
2.4942850501820804,2.297245018966663,4.082081182498462,2.425004208470544,1.9861124062294044,0.129264849281579,0.267472458123029
2.4905506319742976,2.2920624570005685,4.093813967988379,2.425004208470544,1.9861124062294044,0.13242098718062698,0.26519133477999257
2.4867810228347604,2.286697090252753,4.105412212327206,2.425004208470544,1.9861124062294044,0.13524503243029207,0.26317635027520137
2.4829982551081553,2.2811802815908617,4.116957305883105,2.425004208470544,1.9861124062294044,0.13781126692980372,0.2613657810416381
2.4792041251300994,2.2755089156957222,4.128413776836675,2.425002453038253,1.9361124054843464,0.11738290580778339,0.27636442188890875
2.4764365193185913,2.271273655844075,4.137301754774648,2.425002453038253,1.9361124054843464,0.11963330601022179,0.2746407796059871
2.4728211312156336,2.2656076770464715,4.152985305274589,2.425002453038253,1.9361124054843464,0.1258297181272831,0.2699920168124168
2.468925600842651,2.259289539111375,4.167061353677619,2.425002453038253,1.9361124054843464,0.13008672545808778,0.2668753932834189
2.4654881217392166,2.2535478569659286,4.177755132876762,2.425002453038253,1.9361124054843464,0.13220308429269753,0.26534782000561785
2.4628032438171097,2.2489650517437223,4.186743524097774,2.425002453038253,1.9361124054843464,0.13426303620418994,0.26387428923312295
2.4589315441455657,2.242182418624761,4.201067259393562,2.425002453038253,1.9361124054843464,0.13820293970876998,0.2610911058560532
2.4557556961893585,2.23643725338459,4.2135596822965775,2.425002453038253,1.9361124054843464,0.14189695282853648,0.258521498615053
2.452532471516353,2.2304303104969616,4.2254158342844725,2.425002145343173,1.8861124047392883,0.1327144295190475,0.2649808329912122
2.4492289988674454,2.224125719505988,4.235393067914663,2.425002145343173,1.8861124047392883,0.13422658703994902,0.2639002503289585
2.446198678264862,2.218179194475365,4.247417634406627,2.425002145343173,1.8861124047392883,0.13793073588809415,0.2612819528993151
2.4433303657644405,2.2123792745325055,4.258683633695862,2.425002145343173,1.8861124047392883,0.14117403382005916,0.25902143881572215
2.440254171623419,2.2059748922855142,4.2701119190783565,2.425002145343173,1.8861124047392883,0.1438462342567699,0.2571803712215397
2.437247670308823,2.1995237765224065,4.281234528023917,2.425002145343173,1.8861124047392883,0.14615279290742497,0.25560614377182445
2.4342648592948404,2.192947990142393,4.292491325619024,2.425002145343173,1.8861124047392883,0.14834805611242824,0.2541202714293618
2.4313043627528277,2.1862093526143216,4.303611026812121,2.425002145343173,1.8861124047392883,0.15014759410246067,0.2529109900326101
2.4283927224159445,2.1793813681331606,4.314707088205917,2.4250020928980374,1.8361124039942303,0.15012495155639227,0.2529261577305453
2.425539398828045,2.172480384702194,4.325774222339371,2.4250020928980374,1.8361124039942303,0.15273448327419198,0.25118597804621023
2.4227264324465843,2.1654591877014155,4.336786489752522,2.4250020928980374,1.8361124039942303,0.15510226377162445,0.24962044961421226
2.420506294213073,2.159754890970804,4.345563607391486,2.4250020928980374,1.8361124039942303,0.15681274157455125,0.2484972191235013
2.4187626519715195,2.155167718534532,4.352501957617632,2.4250020928980374,1.8361124039942303,0.15803353560655792,0.24769940500395116
2.4145486761562385,2.1436775057621063,4.369512147464834,2.4250020928980374,1.8361124039942303,0.1605286150823016,0.24607854674511187
2.411921933046907,2.1361930465809404,4.380318069102303,2.4250020928980374,1.8361124039942303,0.16171119327721217,0.2453147766321082
2.409345577963961,2.1285933114915725,4.391081152878354,2.425002084286564,1.7861124032491722,0.17022974467277588,0.23989308364330264
2.406744744878454,2.120641486248932,4.401598348080729,2.425002084286564,1.7861124032491722,0.17191164744363674,0.23883837729779467
2.404174395303208,2.1125026915719136,4.412091588536099,2.425002084286564,1.7861124032491722,0.1732100338432261,0.23802753671259214
2.40169455782271,2.10434736002175,4.4222499518470695,2.425002084286564,1.7861124032491722,0.17399253392492992,0.23754025826963865
2.399330004089661,2.0962906587724497,4.4315834484789605,2.425002084286564,1.7861124032491722,0.17385664862076416,0.23762480233683547
2.3967495709325526,2.087221781102178,4.439948618461661,2.425002084286564,1.7861124032491722,0.1712273296090486,0.23926690763649128
2.3950005797569904,2.08087519165543,4.44729044722783,2.425002082935404,1.7361124025041141,0.1856635112465145,0.23038914507964914
2.3926827726245374,2.072142717914323,4.457857476062626,2.425002082935404,1.7361124025041141,0.18721830735859507,0.22945194365123212
2.3903816960349182,2.0630911072631974,4.467929268571901,2.425002082935404,1.7361124025041141,0.18771194802904978,0.2291550991791822
2.388168697404822,2.0540061109611116,4.477941094146343,2.425002082935404,1.7361124025041141,0.1878652583518418,0.22906297717690616
2.385625679847255,2.043059754559893,4.489940880570645,2.425002082935404,1.7361124025041141,0.18761860867286026,0.2292112015066219
2.3840055296050586,2.035756582954642,4.497954165535551,2.425002082935404,1.7361124025041141,0.18722699960983163,0.22944671372835224
2.3816898271264506,2.0248013217142624,4.509997547579778,2.425002082734098,1.686112401759056,0.20968522373673354,0.21625319820238098
2.3801170734484423,2.0169825954566463,4.518153672904432,2.425002082734098,1.686112401759056,0.21025336888364074,0.21592683749901087
2.378098997363235,2.006469780121005,4.526836473497982,2.425002082734098,1.686112401759056,0.2082001556485875,0.21710782175375654
2.376194542879597,1.9960352705325324,4.535622941438157,2.425002082734098,1.686112401759056,0.2059589892709114,0.21840190898995493
2.3744259688427647,1.9858677486394392,4.5451629235420725,2.425002082734098,1.686112401759056,0.20441400674977106,0.2192971327546367
2.3727393127613325,1.9755992742061608,4.553926967939351,2.4250020827057432,1.636112401013998,0.2303957780996156,0.20454631307295923
2.371071395052203,1.9648526703244507,4.562823040338051,2.4250020827057432,1.636112401013998,0.22929438669646496,0.20516001161230024
2.3693788928512625,1.9532972418943153,4.5717481773877555,2.4250020827057432,1.636112401013998,0.2269273161841664,0.2064820064018147
2.367797031746063,1.9417115277809316,4.582563857989224,2.4250020827057432,1.636112401013998,0.2262059567818391,0.20688573092234397
2.3640502748966465,1.9335098844908938,4.588655802376187,2.4250020827057432,1.636112401013998,0.21379185038666004,0.2139014165733235
2.3591108747395886,1.9277013526316455,4.593342214806282,2.4250020827019774,1.58611240026894,0.23224164905329348,0.20351975125295874
2.3565057052839986,1.9185876940892008,4.600568155178159,2.4250020827019774,1.58611240026894,0.22606450684636636,0.20696494386827036
2.355273987819679,1.9071853765703501,4.60961373779719,2.4250020827019774,1.58611240026894,0.22421127762628995,0.20800422315683886
2.354178310025244,1.896047102207124,4.618687321398381,2.4250020827019774,1.58611240026894,0.2222498912295791,0.20910717351623243
2.3531883483973886,1.8849698353039788,4.627819488648782,2.4250020827019774,1.58611240026894,0.21994910369930412,0.2104050701447402
2.352307663408288,1.8739862125080915,4.637006576398015,2.4250020827015066,1.536112399523882,0.2583351063767212,0.1892278854711391
2.3512862660425444,1.8594133176756529,4.647348405297274,2.4250020827015066,1.536112399523882,0.25606503515017587,0.19045768006394015
2.3506482081989812,1.849096505442244,4.6540374780167255,2.4250020827015066,1.536112399523882,0.25325574034650217,0.19198259995373945
2.349961581905088,1.8364397406916968,4.662399046607342,2.4250020827015066,1.536112399523882,0.2494273127809603,0.1940664943662842
2.3493885588900767,1.823963820168938,4.67088761186615,2.4250020827014525,1.4861123987788238,0.28910691414007683,0.1727048705472043
2.3487743638371636,1.80733477820473,4.679336871257254,2.4250020827014525,1.4861123987788238,0.28382509491687236,0.17552819919926121
2.348433821209813,1.795498401132603,4.687048385381779,2.4250020827014525,1.4861123987788238,0.2815271188669002,0.17675747681392617
2.3481341957796964,1.7810901231305891,4.694959509909416,2.4250020827014525,1.4861123987788238,0.2762252007633468,0.17959675201342118
2.3479329334679786,1.7671153140146405,4.700210287512059,2.4250020827014445,1.4361123980337658,0.31425297297345056,0.15925817803204123
2.347792055578074,1.7493843203082964,4.710227088200958,2.4250020827014445,1.4361123980337658,0.31077369935138394,0.1611230016833607
2.347798039062015,1.7367510599765659,4.715191919041736,2.4250020827014445,1.4361123980337658,0.3050054182380041,0.16421002892921277
2.347891681004965,1.721423288219519,4.722481732654423,2.3840929208758537,1.3861123972887077,0.4634182577933954,0.06487800314072034
2.3481484838329365,1.703760452075608,4.731684562808911,2.3840929208758537,1.3861123972887077,0.4663072598707146,0.06217513988967727
2.348672326426126,1.681463305047508,4.738295079802023,2.376654802186946,1.3361123965436497,0.4880694948384343,0.03661261948690253
2.349329585304197,1.657498043492195,4.740898781760229,2.376654802186946,1.3361123965436497,0.4874765358856463,0.037521940914461815
2.350177415175205,1.6285231688376687,4.7419288053974515,2.3753023972482783,1.2861123957985916,0.49241735395798847,0.029128848120612005
2.350874252628044,1.604478541812627,4.740885061403234,2.3753023972482783,1.2861123957985916,0.49083687798120257,0.03204474864578155
2.3515969162099566,1.5798501196679666,4.742714072847195,2.375056551776035,1.2361123950535335,0.4943118322061058,0.02520658464215586
2.3523645804530666,1.5550561842047657,4.743215197625964,2.375056551776035,1.2361123950535335,0.49357701990102487,0.02679447942644897
2.352981332129959,1.5353655138753535,4.744381451184019,2.375056551776035,1.2361123950535335,0.49311170572421725,0.027754120851406938
2.3523480513386694,1.5047533607893655,4.746020879314637,2.3750119123568796,1.1861123943084755,0.49444349515451186,0.024911617936734798
2.3510902043453896,1.4787123614434492,4.7474473332112295,2.3750038373886775,1.1361123935634174,0.4952262442430389,0.02308194772887706
2.351382201729047,1.4535914093049644,4.748583421191959,2.3750038373886775,1.1361123935634174,0.4942354312480845,0.025376207954018293
2.352291128821925,1.4288327167032655,4.749781814588091,2.375002389651466,1.0861123928183594,0.4966982474660902,0.01918300641454973
2.3532356024932444,1.4040574737828102,4.750737025652696,2.375002389651466,1.0861123928183594,0.4964114662665562,0.020001424084809427
2.3542026621211534,1.3792203035073936,4.7514482047549755,2.3750021344015217,1.0361123920733013,0.4981565612044325,0.014324000111279878
2.3551869539796435,1.3543377682428233,4.752052730472456,2.3750021344015217,1.0361123920733013,0.49797484100894596,0.015014683088549141
2.3563815308000216,1.3244799104290639,4.752880134379987,2.3750020905678606,0.9861123913282432,0.49916156190377803,0.009655681714524356
2.357394818328231,1.299545075670082,4.753370721154416,2.3750020905678606,0.9861123913282432,0.4990845794663805,0.010089584115791972
2.3584196318130637,1.2745918241006162,4.753838928989218,2.375002083307546,0.9361123905831852,0.4997749348893254,0.0050012445826272955
2.359456665175058,1.2496232338943898,4.754088538784078,2.375002083307546,0.9361123905831852,0.4997538964428872,0.005229825314419401
2.3605023163663024,1.2246516639413798,4.754261082874818,2.3750020821576925,0.8861123898381271,0.49999652464766076,0.0006214108966864362
2.3615551399871055,1.1996812933423104,4.7542563221154115,2.3750020821576925,0.8861123898381271,0.49999608015493197,0.0006599544845529159
2.3626059561855737,1.1746840742059224,4.754223302162494,2.375002081984741,0.8361123890930691,0.49989027943291897,-0.003491763570769857
2.3636509833055737,1.149719042744449,4.754182857429293,2.375002081984741,0.8361123890930691,0.49987393292672405,-0.0037428716146672425
2.364483652192865,1.1297342190647193,4.754069061453755,2.3750020819601523,0.786112388348011,0.49950925032023286,-0.007385968800491471
2.3657250569732415,1.0997609336869925,4.753772188716546,2.3750020819601523,0.786112388348011,0.4994420237335388,-0.007875875604269722
2.3667512179234365,1.0747928113421086,4.753446278582197,2.375002081956857,0.7361123876029529,0.4988856411396577,-0.011133085428172818
2.3682590733465734,1.0498907105090627,4.753473368805979,2.375002081956857,0.7361123876029529,0.49846603544316137,-0.013064572998601087
2.369896952576413,1.0250577041582378,4.753324275637002,2.375002081956442,0.6861123868578949,0.4973291737760328,-0.017248039827387096
2.37060617230763,1.0101492234051488,4.752950458392705,2.375002081956442,0.6861123868578949,0.49709329604905617,-0.01799554382547819
2.3720021469947365,0.9753527026401851,4.751806892263193,2.3750020819563935,0.6361123861128368,0.4962746141784774,-0.020380541209856995
2.372968375439651,0.9505462178830655,4.7509850116237144,2.3750020819563935,0.6361123861128368,0.4958880941937638,-0.02141558199993454
2.373911442668481,0.9257505529304009,4.750076674495992,2.3750020819563864,0.5861123853677788,0.4952680108603751,-0.022980303566671356
2.3748299669293846,0.9009760767784876,4.749107131028088,2.3750020819563864,0.5861123853677788,0.49479377972312794,-0.024109671739643623
2.3757237132396813,0.8762254397909217,4.7480815739077125,2.3750020819563864,0.5361123846227207,0.4943128963642535,-0.025204214138549785
2.3765960747533867,0.8514813619657691,4.747062542783314,2.3750020819563864,0.5361123846227207,0.49372646747085486,-0.026479071190844472
2.377442479969247,0.8267975495152964,4.745783709516232,2.3750020819563864,0.4861123838776627,0.4934633591101722,-0.02703195451485285
2.3782563285185905,0.8021215367086576,4.74457470052581,2.3750020819563864,0.4861123838776627,0.4928325434028524,-0.02831463388775357
2.379035638736747,0.777477490361207,4.743371908453343,2.415911243781977,0.43611238313260464,0.47705820490601214,0.051038114181939154
2.379633884250227,0.7582141270943197,4.744437274857344,2.415911243781977,0.43611238313260464,0.4749797645440106,0.05335335421723841
2.380583255876987,0.7296769537177976,4.747180947633192,2.423349362470885,0.3861123823875466,0.4692664704302937,0.05929613688090729
2.3814276456450933,0.7060732745766831,4.749767729015632,2.423349362470885,0.3861123823875466,0.4666427777551135,0.061854617948587265
2.3823284245638625,0.6827274969385293,4.752373762347481,2.465610929235144,0.3361123816424885,0.36791335233345257,0.12980942071435186
2.3832675643300156,0.6606989911617909,4.757407201516422,2.465610929235144,0.3361123816424885,0.359080412547863,0.13479291145970018
2.3841179566269766,0.6422931705132768,4.757406019731274,2.465610929235144,0.3361123816424885,0.3453032183502448,0.14243287865767362
2.384915469481511,0.6249764770984818,4.764633778441333,2.473294893396294,0.28611238089743046,0.3597168977925516,0.13443627055309526
2.3859047743294326,0.6075492754759892,4.771510050784189,2.473294893396294,0.28611238089743046,0.35567300874826313,0.1366962185581979
2.386086721084135,0.5892831357853048,4.776729563861539,2.473294893396294,0.28611238089743046,0.3445432542705478,0.14285034617028303
2.3861455419333684,0.5714334838354755,4.782405810050114,2.5156010995797087,0.23611238015237238,0.24522550887115332,0.19636199203539229
2.3870289104474995,0.5568580495645801,4.790134688284138,2.5156010995797087,0.23611238015237238,0.23930197820450927,0.19961458694734757
2.387998755338794,0.5450630124391047,4.7986019623706255,2.5156010995797087,0.23611238015237238,0.23701748263197786,0.2008746158626853
2.389308239775687,0.5307562862259214,4.809495278509345,2.5156010995797087,0.23611238015237238,0.23427934836248918,0.20238927769635895
2.3904887779951913,0.519113250968827,4.818305073063993,2.5156010995797087,0.23611238015237238,0.23139165544481716,0.2039921646676408
2.3914773518988053,0.5100983275161024,4.824670408071315,2.5156010995797087,0.23611238015237238,0.22824280107998823,0.20574679453454658
2.392772355189173,0.498982999243351,4.83256026664444,2.523293138709061,0.1861123794073143,0.2729769999486517,0.18133888134044662
2.3946890697314256,0.4837133501375046,4.840504475632312,2.523293138709061,0.1861123794073143,0.2673012737664267,0.1843891242760043
2.3964682564443205,0.47029579594844506,4.848783666123497,2.523293138709061,0.1861123794073143,0.26302925718540876,0.18669115397230396
2.398309421392854,0.4573025520596872,4.856948756230084,2.5656007926296875,0.13611237866225623,0.2030483010194513,0.22009065450017884
2.399639373941355,0.4483647199398,4.863439921631926,2.5656007926296875,0.13611237866225623,0.20103651183871254,0.2212633864594038
2.401172914266013,0.43867489434659923,4.873586260761193,2.5656007926296875,0.13611237866225623,0.20198437811620285,0.22071027419908362
2.4028361106909966,0.42870761008174973,4.883033169707168,2.5656007926296875,0.13611237866225623,0.20154589880263357,0.22096601404130878
2.4046142677993814,0.4187041214085543,4.892413171374177,2.5656007926296875,0.13611237866225623,0.200683144613282,0.2214698524163532
2.4064289575984805,0.4090010386841296,4.902636679521024,2.5656007926296875,0.13611237866225623,0.20069535580516557,0.22146271523388839
2.4083258631535234,0.3994078934616603,4.913253478134121,2.5656007926296875,0.13611237866225623,0.20091172083008477,0.22133628307453757
2.4107150289228976,0.3880529615846591,4.926576419569495,2.573293087008983,0.08611237791719818,0.26735337822435334,0.18436108212694458
2.4130583999656707,0.3776159129275438,4.942269171924672,2.573293087008983,0.08611237791719818,0.2757786362038245,0.179836128335624
2.415955319075156,0.36564147916526757,4.955258782725562,2.573293087008983,0.08611237791719818,0.27929761981947077,0.1779508370169891
2.419247757085417,0.35261575168058634,4.96029807564694,2.573293087008983,0.08611237791719818,0.2716025059265548,0.18207679428303924
2.4224835899492287,0.33990792892315547,4.966146834769343,2.6156007847632714,0.03611237717214013,0.22893310338481232,0.20536151415300785
2.4255658075457838,0.3282259506573997,4.975648410907958,2.6156007847632714,0.03611237717214013,0.22776911089458177,0.20601138381461115
2.4285475841387623,0.3173850139212675,4.984437753731013,2.6156007847632714,0.03611237717214013,0.22627129306045163,0.20684914742008487
2.4316401100757297,0.3064877947627789,4.993480331595913,2.6156007847632714,0.03611237717214013,0.22452350345953345,0.2078289372966018
2.434798146421322,0.29573113371771775,5.002561713917753,2.6156007847632714,0.03611237717214013,0.22249051307528225,0.2089716938475692
2.4380258583228027,0.2851002258562083,5.011696663877136,2.6156007847632714,0.03611237717214013,0.2201506697296527,0.21029118437010297
2.441319020490141,0.27459875158998415,5.020889372188447,2.6250020856816767,-0.024997924004077632,0.3135764011473888,0.15962100499847987
2.442811734303227,0.2699270646176206,5.024397858423876,2.6250020856816767,-0.024997924004077632,0.3137407145127026,0.15953289749625377
2.450697558703686,0.2459390151164822,5.035532485225723,2.6250020856816767,-0.024997924004077632,0.3050419018357251,0.1641905184383894
2.4556228647839458,0.23144464679121057,5.042752090828912,2.6250020856816767,-0.024997924004077632,0.2991956019752865,0.16731535620452953
2.4604787475934504,0.2174216270378686,5.049872228757312,2.6250020856816767,-0.024997924004077632,0.29261331323837525,0.1708315877314206
2.4655547806342586,0.20313300186976946,5.057631581438931,2.6250020856816767,-0.024997924004077632,0.28537599452527623,0.17469891889015798
2.470758633380683,0.18888576108240507,5.06656331632508,2.6250020856816767,-0.024997924004077632,0.2783201881836678,0.17847426903469277
2.4758641329566426,0.17512005815730092,5.069342625420214,2.6250020856816767,-0.024997924004077632,0.2628615125789981,0.1867816670109077
2.480561037102648,0.16264878891270307,5.078004666325417,2.6250020856816767,-0.024997924004077632,0.25465833021983897,0.19122082781413274
2.483111238154631,0.15033985259087324,5.0844053629279955,2.6250020856816767,-0.024997924004077632,0.23370129691266164,0.20270967908396664
2.486941393626978,0.13254907411628558,5.094037382766714,2.6250020856816767,-0.024997924004077632,0.20054905634644726,0.22154823552855984
2.490824625838167,0.12300414342698573,5.1036365786870865,2.6250020856816767,-0.024997924004077632,0.1927353069034255,0.22615326626881993
2.494542612992248,0.11411879764695065,5.113491893465145,2.6250020856816767,-0.024997924004077632,0.1853590053177263,0.23057309889673006
2.498226592192557,0.10554327996563195,5.123557573208818,2.6250020856816767,-0.024997924004077632,0.17770651141253813,0.2352413866855534
2.5018315013459027,0.09738782203293894,5.133814834450471,2.6250020856816767,-0.024997924004077632,0.17005240597623314,0.2400045822208623
2.505366000242695,0.0896083349842467,5.144288655341252,2.6250020856816767,-0.024997924004077632,0.1623574647930103,0.24489856823557865
2.5088197926365705,0.08221430346723757,5.154975781317302,2.6250020856816767,-0.024997924004077632,0.1546931816424815,0.2498900326719058
2.5121852232720254,0.07520819976675419,5.165876772310987,2.6250020856816767,-0.024997924004077632,0.14712871985871553,0.2549441152207246
2.515461470825537,0.06857490341104899,5.177018710184607,2.6250020856816767,-0.024997924004077632,0.13971172788680422,0.26003703720005356
2.518643340585843,0.062310045871445396,5.188396012256065,2.6250020856816767,-0.024997924004077632,0.13249165568665994,0.2651406162524652
2.5217284586577,0.056405639286357,5.199990453518834,2.6250020856816767,-0.024997924004077632,0.12550550867857596,0.2702318684615608
2.5241291207667143,0.051929194853128635,5.209491944486631,2.6250020856816767,-0.024997924004077632,0.12015715299403779,0.2742423363219213
2.5276416538036806,0.04556316330824828,5.223878966204424,2.6250020856816767,-0.024997924004077632,0.11221926253268347,0.2803961733306706
2.5304383652457485,0.04065132679243,5.236109604347074,2.6250020856816767,-0.024997924004077632,0.10607891426293993,0.28534122445508747
2.5331158534539213,0.03608138955926066,5.248475138366629,2.6250020856816767,-0.024997924004077632,0.10034447685896206,0.290123220508685
2.5357109563624363,0.03177594350987434,5.261121552979889,2.6250020856816767,-0.024997924004077632,0.09493536916752456,0.29479560834054475
2.5382157166135304,0.027739786181930626,5.273968263642537,2.6250020856816767,-0.024997924004077632,0.0898696289401764,0.29932979651592273
