3.8850995036995943,3.256808916813445,-5.798872429068349,3.82500210356307,3.175002123679638,2.0109319473953164e-32,-0.9999999999957911
3.8850552532017657,3.256741579855314,-5.826142706175198,3.775006439606001,3.1253288757412325,2.819288524390173e-33,-0.9999999999970721
3.8851601066626626,3.256844410704753,-5.86992810808272,3.7250112856381996,3.0756920069202147,7.09997183477505e-33,-0.9999999999965296
3.88533138115565,3.25690693613692,-5.913695679531819,3.675017208993217,3.026131936667161,3.3249932976539463e-32,-0.9999999999953778
3.8854885535040804,3.256960269508851,-5.957465927708969,3.675017208993217,3.026131936667161,3.35913040647246e-31,-0.9999999999928579
3.8856501880805094,3.2570104540981015,-6.001245588777845,3.675017208993217,3.026131936667161,3.266208442775607e-30,-0.9999999999889652
3.8858137806929225,3.257047056130453,-6.045073733016272,3.675017208993217,3.026131936667161,3.0601942601827776e-29,-0.9999999999829481
3.8859781162333844,3.257081430036684,-6.088864480438345,3.675017208993217,3.026131936667161,2.7545592378646408e-28,-0.9999999999736615
3.886147631663599,3.2571103353840227,-6.132665156447258,3.675017208993217,3.026131936667161,2.385841861231278e-27,-0.9999999999593231
3.886320968892379,3.2571326391223447,-6.176460457028431,3.675017208993217,3.026131936667161,1.987139272830211e-26,-0.9999999999371968
3.8878460049765655,3.257670993310393,-6.21972698688707,3.675017208993217,3.026131936667161,1.4091386010130976e-25,-0.9999999999055146
3.8901336719495285,3.2585361636234556,-6.262716823352829,3.675017208993217,3.026131936667161,9.084818134924274e-25,-0.999999999859719
3.891066472885334,3.2588305282816963,6.26021042930988,3.675017208993217,3.026131936667161,6.3378603338031735e-24,-0.9999999997866744
3.891215525430489,3.2588249030656824,6.216605827295979,3.675017208993217,3.026131936667161,4.5328305646962317e-23,-0.9999999996712472
3.891381103684026,3.2588095258474405,6.172854847951339,3.675017208993217,3.026131936667161,3.134953881647315e-22,-0.9999999994929201
3.8915153612773237,3.2587914445088524,6.13787260092921,3.675017208993217,3.026131936667161,1.4312545408525092e-21,-0.9999999992830472
3.891712283051385,3.258755616719349,6.085383850737685,3.675017208993217,3.026131936667161,1.3351952916684578e-20,-0.9999999987945656
3.89184343701863,3.2587255566260502,6.0503875740777415,3.675017208993217,3.026131936667161,5.73993092124561e-20,-0.999999998295724
3.8920379058938153,3.2586718146116223,5.997889562026487,3.675017208993217,3.026131936667161,4.889349545330794e-19,-0.9999999971352064
3.8921659068552,3.258630368384794,5.9628880730010305,3.675017208993217,3.026131936667161,1.9786688077966253e-18,-0.999999995950146
3.892355243945392,3.2585598187220333,5.910379625352358,3.675017208993217,3.026131936667161,1.539738236046832e-17,-0.9999999931933261
3.892510038144634,3.258493555479899,5.866614929249592,3.675017208993217,3.026131936667161,8.167685203591909e-17,-0.9999999895083882
3.892661763349249,3.2584206930152115,5.822841849437724,3.675017208993217,3.026131936667161,4.173627403738403e-16,-0.9999999838283005
3.8928100464711326,3.258341478377771,5.77905960766239,3.675017208993217,3.026131936667161,2.054580145523988e-15,-0.9999999750721644
3.8929547613158455,3.258256100103724,5.735268397612517,3.675017208993217,3.026131936667161,9.743847087110861e-15,-0.9999999615734876
3.893096397598888,3.258164346012248,5.691469855641942,3.675017208993217,3.026131936667161,4.4512541505246996e-14,-0.9999999407646759
3.8932684132288804,3.258351238698295,5.6489988984069415,3.675017208993217,3.026131936667161,1.906565561922257e-13,-0.9999999094129921
3.893488995543925,3.258752021840147,5.607421248648714,3.675017208993217,3.026131936667161,7.736408562035798e-13,-0.9999998622209305
3.8936630218767148,3.258830448826969,5.564432821390358,3.675017208993217,3.026131936667161,3.1122179932521666e-12,-0.9999997887072961
3.893812235028058,3.258733432095111,5.5206522033930545,3.675017208993217,3.026131936667161,1.2250088152763478e-11,-0.9999996744341021
3.893925050936759,3.2586170549947884,5.477013948844956,3.675017208993217,3.026131936667161,4.6306627023191066e-11,-0.9999994988642776
3.8940217012798684,3.258513169144818,5.433400350735368,3.675017208993217,3.026131936667161,1.6884525535495646e-10,-0.9999992283130921
3.8941325833580747,3.258380507468707,5.389650481880361,3.675017208993217,3.026131936667161,5.938403872730656e-10,-0.9999988111989044
3.894234049850688,3.2582460484098696,5.345915557085263,3.675017208993217,3.026131936667161,2.0121596425398236e-09,-0.9999981685783755
3.8943285559316347,3.258108982305431,5.30217333897955,3.675017208993217,3.026131936667161,6.5711006439392795e-09,-0.9999971780902318
3.8944175714135696,3.257966256380734,5.2584280759225335,3.675017208993217,3.026131936667161,2.0673612776436787e-08,-0.9999956517764701
3.89450011377987,3.2578200232366594,5.214679742405472,3.675017208993217,3.026131936667161,6.26712987633927e-08,-0.9999932992364721
3.894576324143804,3.2576700544363915,5.170927691127813,3.675017208993217,3.026131936667161,1.830550092312299e-07,-0.9999896728742481
3.8946459931005126,3.2575167430890613,5.127170303240318,3.675017208993217,3.026131936667161,5.151974399361091e-07,-0.9999840819491792
3.8947089273191295,3.257360578609158,5.083405988548506,3.675017208993217,3.026131936667161,1.3972062736343266e-06,-0.9999754603360316
3.894765039969001,3.2572018952943615,5.0396335570552635,3.675017208993217,3.026131936667161,3.6512695986545046e-06,-0.9999621623340047
3.8948142594940673,3.257041095059747,4.995852310633753,3.675017208993217,3.026131936667161,9.194307890209256e-06,-0.9999416468993518
3.8983328365770307,3.254254372794912,4.953067792163809,3.675017208993217,3.026131936667161,1.663303025607411e-05,-0.9999221858919286
3.903815222655706,3.2500048442057663,4.910842431356693,3.675017208993217,3.026131936667161,2.5215528824662972e-05,-0.9999042924674382
3.905810292783624,3.248368583844849,4.867612763427621,3.675017208993217,3.026131936667161,5.0190690862233644e-05,-0.9998638821231569
3.9058335636080628,3.248192303543365,4.823826982300931,3.675017208993217,3.026131936667161,0.00011315142796913494,-0.9997900491067164
3.9058494399880574,3.2480139169521216,4.780047018378755,3.675017208993217,3.026131936667161,0.0002457092812510746,-0.9996761574187064
3.905886969182828,3.247841862292498,4.736271787555525,3.675017208993217,3.026131936667161,0.0005135629818031288,-0.9995006864120533
3.9058845459966562,3.2476877023827866,4.69269566184097,3.675017208993217,3.026131936667161,0.0010327144774519297,-0.9992307330262139
3.9058780698331192,3.2475111777513,4.649144261296028,3.675017208993217,3.026131936667161,0.0019984865662616303,-0.9988157052763268
3.9058536249264444,3.2472355560051325,4.605423304776214,3.675017208993217,3.026131936667161,0.0037251292670629535,-0.9981772558342459
3.905808454896011,3.2469057022938976,4.5617599465863075,3.675017208993217,3.026131936667161,0.0066777617062703225,-0.9971989149506503
3.905726347272889,3.2464438952613177,4.5181291569108275,3.675017208993217,3.026131936667161,0.01150007932714729,-0.995707428636426
3.9055754454566527,3.245768115335471,4.474557386914077,3.675017208993217,3.026131936667161,0.01900681472272752,-0.9934504482557329
3.9053061459021423,3.2447647690484054,4.431074402237213,3.675017208993217,3.026131936667161,0.030119066929530664,-0.9900705887658778
3.9048384638953912,3.243279385688848,4.387726315583518,3.675017208993217,3.026131936667161,0.045722341734848314,-0.985081737195889
3.904057941677414,3.2411266277431494,4.34457776270476,3.675017208993217,3.026131936667161,0.06646795067769194,-0.9778535676422268
3.9028127518450058,3.2381024247480035,4.301716268373094,3.675017208993217,3.026131936667161,0.09256429210129295,-0.967617195660433
3.8995043128022093,3.2316372367243753,4.258782838233771,3.675017208993217,3.026131936667161,0.12169777161658436,-0.9544511310235821
3.8945922507681177,3.222683155853429,4.216081044852166,3.6250248980527995,2.9766976140598165,0.1629923312929325,-0.9320780299326941
3.890064088545536,3.21479932144004,4.17381954996567,3.6250248980527995,2.9766976140598165,0.2028991817196636,-0.9054336450488499
3.8851937513695027,3.207065245815219,4.133699131433713,3.6250248980527995,2.9766976140598165,0.24460756470200773,-0.8709329447899863
3.879820842687592,3.199120736037969,4.1035119091398755,3.6250248980527995,2.9766976140598165,0.2753407157864624,-0.8400279911448862
3.8739981642405823,3.1910242955059918,4.081224205709865,3.6250248980527995,2.9766976140598165,0.2961194526118517,-0.8158847900957253
3.8661517606631364,3.1806203833719415,4.052223558595101,3.6250248980527995,2.9766976140598165,0.32354097648827024,-0.7791371931174012
3.856118251183723,3.1680614459544163,4.017709115155488,3.6250248980527995,2.9766976140598165,0.35575978472737246,-0.7270459236874924
3.8446400856245635,3.154755613372542,3.9853977725318677,3.5750352393765246,2.9274519549034155,0.4071454695751378,-0.6148328418496646
3.831240532079617,3.140138293139442,3.957233561412519,3.5750352393765246,2.9274519549034155,0.4300210840302744,-0.5469016523386218
3.8163366859870402,3.124702926675555,3.932585363214443,3.5750352393765246,2.9274519549034155,0.44714138991644564,-0.4842487577210467
3.800609670100635,3.109147993996449,3.9114203817831137,3.525049416814698,2.878478830795034,0.4741385615749404,-0.3490643456491087
3.784052840621994,3.0933608163588335,3.89677793614281,3.525049416814698,2.878478830795034,0.48076998681707767,-0.3032782005196638
3.766465140667317,3.0770176217005236,3.8823577626796903,3.525049416814698,2.878478830795034,0.4863978520228951,-0.2567154717069041
3.7487656361423216,3.061080295852454,3.868687928339017,3.475069043604308,2.829892386750268,0.49670999603058447,-0.1277672360329587
3.7301399078700106,3.0446562406465443,3.862289906093805,3.475069043604308,2.829892386750268,0.49782501602383555,-0.10401894461415884
3.711386399136474,3.028246299809524,3.8574542403965753,3.475069043604308,2.829892386750268,0.4984569901652574,-0.08767752037858845
3.6925443771333413,3.0119297605355584,3.8535084227206235,3.425096342112339,2.781849722719448,0.49998898637247174,-0.007420695553796319
3.673599075104713,2.9956072203708946,3.852483232085758,3.425096342112339,2.781849722719448,0.4999986731340121,-0.0025757153180617776
3.654836353888892,2.9794384300435617,3.8532815535619616,3.425096342112339,2.781849722719448,0.4999903795300107,-0.006935507924789808
3.6358678563421094,2.963084877712049,3.852850131689474,3.375134391184808,2.7345683480850163,0.49964850047740467,0.04190533457897483
3.616993621820206,2.946822058207399,3.8539690072921036,3.375134391184808,2.7345683480850163,0.4996864853384619,0.039578115257191016
3.596812463472544,2.928721784873275,3.8570900291847487,3.3251874685719085,2.688350348560704,0.49960108589334123,0.04463983973900021
3.5760023799559173,2.9095700210562523,3.8617535270631707,3.3251874685719085,2.688350348560704,0.4999656250267604,0.01310957975097038
3.556423186323917,2.891924253536942,3.8636230836012184,3.3251874685719085,2.688350348560704,0.49999986409897407,-0.0008243208806418822
3.5376491282302434,2.8753785469387214,3.8636543710835416,3.275261526464329,2.643615950731937,0.49998962468567265,0.007202452066930043
3.5187782617744503,2.8587604586356345,3.8633496959201703,3.275261526464329,2.643615950731937,0.4999826826507922,0.009305011951751707
3.499879064301748,2.8421313235230077,3.8631985706794474,3.2253648529672705,2.6009502136539093,0.49999714866738854,-0.003775787097637484
3.481142092760889,2.825644835527388,3.8633465001154814,3.2253648529672705,2.6009502136539093,0.4999954157780369,-0.004787573982861337
3.4624605958589143,2.809222997639889,3.862565754884943,3.2253648529672705,2.6009502136539093,0.49999979615906404,-0.0010095564347496477
3.44365480263368,2.7926918156993903,3.862637589486861,3.1755089930002938,2.561168035478751,0.4996122066290869,-0.04401378847706661
3.4248720193735656,2.7761935862696507,3.8610275126854314,3.1755089930002938,2.561168035478751,0.4996924811062793,-0.039198109320236485
3.4060526474413813,2.759733846857367,3.8592819524651496,3.1755089930002938,2.561168035478751,0.4997772678483363,-0.033362886664239366
3.3871932494470753,2.743290599126313,3.8577076673995925,3.125710030938842,2.5254046980778027,0.49771232116111946,-0.10666574992827538
3.3684985038078317,2.7270541160544717,3.854428532479805,3.125710030938842,2.5254046980778027,0.498055662108503,-0.09837547885445153
3.3495760640244603,2.710788842589592,3.8498443816046723,3.075990377509975,2.4952420101700477,0.49168215145215793,-0.20197460628644626
3.3304968539986666,2.6945402250104102,3.843547392599542,3.075990377509975,2.4952420101700477,0.49297422063190255,-0.18590336805061236
3.311280899873072,2.6784106229044102,3.8370394955388654,3.026381259486866,2.4728840648464168,0.47575456778384256,-0.33860176572824907
3.2927624922292864,2.6631098673350344,3.823430799408799,3.026381259486866,2.4728840648464168,0.4813207674488324,-0.299091335383064
3.2739997766640467,2.648122480824865,3.810005378968093,3.026381259486866,2.4728840648464168,0.4863860433182555,-0.2568233994441028
3.254768931661169,2.6331090691253554,3.7981361614217453,2.9769261888194762,2.4558465844406454,0.46220739826869156,-0.4163491167611907
3.2359788261390925,2.6188391532370456,3.7808876008177563,2.9769261888194762,2.4558465844406454,0.4707137494427365,-0.37002482495250977
3.2170587734433376,2.605046900850743,3.7644536511710025,2.9276857966693703,2.4422364468337405,0.4426545544402085,-0.50191063287572
3.1985855469701017,2.5920189775696603,3.74377281419565,2.9276857966693703,2.4422364468337405,0.4550055825906527,-0.45066690838956214
3.1798239416274905,2.579438019118246,3.7233378278379288,2.8787445694769214,2.430541340264844,0.4303558373126053,-0.5457888031659195
3.161034479173569,2.5673494934094894,3.7019649735608007,2.8787445694769214,2.430541340264844,0.4439007030801571,-0.497103909479788
3.139463251921242,2.55620053852523,3.678218211829863,2.8302202355299886,2.4194617305445827,0.43263200003086355,-0.5381156547429176
3.1159371054877534,2.545635658091838,3.654112169954194,2.8302202355299886,2.4194617305445827,0.4553922766636035,-0.4489184006450927
3.094604256829883,2.534983542885266,3.6334114879129964,2.782276845006661,2.4077664703002983,0.44778776293550354,-0.48162060453262956
3.074537058247909,2.5245053388480923,3.6126070757824364,2.782276845006661,2.4077664703002983,0.46026680678938514,-0.4259818008707884
3.054001199782527,2.5143142658250195,3.5934913184795376,2.735142996853152,2.394156006771281,0.4598292875199242,-0.42811204548584003
3.033123821939588,2.5044047960496645,3.5748100662079505,2.735142996853152,2.394156006771281,0.4698603091882694,-0.3750167886351625
3.01175515366406,2.4947559134791426,3.557900518146026,2.6891372377299843,2.377117988954697,0.4782719669844509,-0.3214593196270432
2.9898130359444464,2.485244971790461,3.5433713909852886,2.6891372377299843,2.377117988954697,0.48425488650048637,-0.2755205736940136
2.9674414744842865,2.4759101201630767,3.5308386537492735,2.644703455156355,2.3547592303886633,0.49547901728781146,-0.14956049350873069
2.944589046076241,2.4666618467015855,3.5228145888784193,2.644703455156355,2.3547592303886633,0.4971107690866947,-0.11978839162398414
2.921340261283607,2.457409335629441,3.518102097019769,2.6024601974481283,2.3245953567128432,0.4983572593338998,0.09045612521525737
2.8983518094405927,2.4483410254695634,3.5193675183993656,2.6024601974481283,2.3245953567128432,0.4983223313447594,0.0914089897475987
2.8751932175510913,2.4390956509776647,3.5235111390944223,2.563269400464285,2.288830321101974,0.47804332041520936,0.3230622630154043
2.8528565220998328,2.4300221648268163,3.53539244461232,2.563269400464285,2.288830321101974,0.48240774945957643,0.2906190874100134
2.8307815794180637,2.4206490300979073,3.548484836885647,2.5283321574855564,2.249045733443922,0.44379892941149446,0.49749924015807023
2.8097823736188197,2.4114233178615176,3.567155923267583,2.5283321574855564,2.249045733443922,0.45446139425464,0.4531109590818765
2.7898130747513683,2.4020853176463994,3.588521408694311,2.5283321574855564,2.249045733443922,0.46702625087189986,0.39100423313925137
2.7698831033315052,2.392291331987357,3.6090887262893148,2.499322173337406,2.2063765956141665,0.41720162661997856,0.5867876871662243
2.7511125117831607,2.3825555118852613,3.6329238048498183,2.499322173337406,2.2063765956141665,0.43377657583219115,0.5341853013707447
2.732767806561558,2.3724290857764956,3.658363966971504,2.478571731003212,2.161637413335589,0.36739057676728937,0.7052935974149339
2.710812912717566,2.3633494887984625,3.6856822179634583,2.478571731003212,2.161637413335589,0.37313779493613297,0.6938623517057882
2.6868184128559385,2.3546651488895183,3.7137741362163412,2.4637752780514637,2.1154126970511573,0.2699543951917088,0.8458330570606736
2.671063481629501,2.3466091868443257,3.748545469413032,2.4637752780514637,2.1154126970511573,0.29064672595387775,0.8225271973720782
2.6597324270529032,2.3384175495082324,3.78419207954997,2.4532888093954655,2.068121907473393,0.23349769253655203,0.8808855073804294
2.6493596345709918,2.330341139331388,3.8258045465961756,2.4532888093954655,2.068121907473393,0.2749641691264591,0.8404395701518921
2.6390244506110836,2.321574204802406,3.866174761239735,2.4532888093954655,2.068121907473393,0.31656062505592386,0.7890792864553935
2.6279367382013596,2.3113720794085637,3.900850810115979,2.4459471997733093,2.0200660620055455,0.26345139402382195,0.8526119249658752
2.6181096288987966,2.301679432089548,3.9372798067371217,2.4459471997733093,2.0200660620055455,0.2994897650884986,0.8116869219217602
2.6083364075245132,2.291366581325306,3.9728971077170305,2.4459471997733093,2.0200660620055455,0.3349816544570012,0.7618733781985618
2.5975969815681506,2.2791658993142683,4.00676140780773,2.4459471997733093,2.0200660620055455,0.3666941072806895,0.7066469691221995
2.586213296042814,2.265357642706377,4.038228365720852,2.4409347451879833,1.971461180558162,0.31483996850815704,0.791465118396139
2.5761512967021414,2.2523124347897987,4.072227566295179,2.4409347451879833,1.971461180558162,0.34655197557927575,0.7430735980612393
2.5668123507694087,2.2393936223942887,4.101870009753018,2.437694529013258,1.9224622870028316,0.3032072559094192,0.8069586817476908
2.5585816766433425,2.2272073168176796,4.132640891789744,2.437694529013258,1.9224622870028316,0.3323357259447304,0.7659781079543169
2.550096012393416,2.213817664185191,4.165795154160529,2.437694529013258,1.9224622870028316,0.3637065146776469,0.712376875745159
2.5410839602967314,2.1984164008349047,4.197309031962848,2.435866542321252,1.873180633136315,0.33221393120388243,0.7661653867700511
2.5326083020710435,2.182904891440284,4.227029882077516,2.435866542321252,1.873180633136315,0.3582152798934642,0.7225993716486079
2.5247729441221924,2.167445735922847,4.2596868095301055,2.435866542321252,1.873180633136315,0.3879468254573242,0.6620534157316336
2.5172521921474296,2.1513863056014735,4.294431223486699,2.4352476829008087,1.8236960589764508,0.3710007542904785,0.6981686882388007
2.5102272797151652,2.134833036881064,4.327070164879644,2.4352476829008087,1.8236960589764508,0.4006422633006484,0.6316817785307902
2.502737191347501,2.1172286066204347,4.35170788034429,2.4352476829008087,1.8236960589764508,0.4170483065046475,0.5872350762083633
2.4947984051672965,2.0980158615086353,4.375318254501012,2.4357691884021726,1.7740658628037933,0.390976728487865,0.6550854974586011
2.488093243654941,2.079107122997952,4.4032697012740885,2.4357691884021726,1.7740658628037933,0.41187765070763843,0.6019547844660951
2.4822237417732094,2.059794364047381,4.4301641912550584,2.437488996170323,1.7243311665548475,0.3996713806307477,0.6341179621836253
2.4768863088463284,2.0404251024644378,4.457641691143645,2.437488996170323,1.7243311665548475,0.42143086299662363,0.5741848454847942
2.4719423553036997,2.0203513071728594,4.483304502664952,2.4405981808526227,1.6745214838745628,0.41250164014047724,0.6002153977875113
2.4674770323867268,2.0000581715959544,4.509716479316667,2.4405981808526227,1.6745214838745628,0.43264066172851057,0.5380860949205579
2.463523670135535,1.9796066630944225,4.53340460163391,2.4405981808526227,1.6745214838745628,0.4487599240567141,0.4776258717071695
2.459831840166416,1.9577755761991558,4.55455445866947,2.445442185066412,1.624657998425809,0.4383987011342631,0.5177949186618973
2.456598716561773,1.9359462785089754,4.576528487752788,2.445442185066412,1.624657998425809,0.45238616982900987,0.4622585338507563
2.453867339242768,1.9141059785428194,4.598684723886931,2.4525592020884046,1.574755916742348,0.4431636406206814,0.4999558074857322
2.451521010580997,1.8917894769225807,4.619266692142384,2.4525592020884046,1.574755916742348,0.4556314764907177,0.44783184927305775
2.4497081206361067,1.8696549788808667,4.640876187149396,2.462739975310663,1.5248261570763186,0.44371012816924943,0.49784377560160564
2.4483420357191736,1.8473383538780208,4.662002980534309,2.462739975310663,1.5248261570763186,0.4568518317747809,0.4422281955216074
2.4474158230524736,1.8248017568551198,4.681820120297775,2.462739975310663,1.5248261570763186,0.46778442412311977,0.3868121082951925
2.4469202829758228,1.8015858354348762,4.699231162802487,2.4771156588509426,1.4748765619057078,0.4475049794590466,0.4827731108308124
2.446828458841292,1.7790393798652495,4.719420534860538,2.4771156588509426,1.4748765619057078,0.45923797281221945,0.43096768969432864
2.44722775637395,1.7563271690593592,4.738793277288253,2.4972835016128667,1.4249127688336969,0.4292704170409429,0.5493829157772376
2.448018714864755,1.7345451150803957,4.761706823834242,2.4972835016128667,1.4249127688336969,0.4445032290268539,0.49475322746339057
2.4493599710074303,1.7127416784282055,4.783913471603543,2.5254843196977457,1.3749388366489013,0.39910906191374107,0.635519907981039
2.4511060951218724,1.691599639984032,4.809518447749593,2.5254843196977457,1.3749388366489013,0.4182981512013068,0.5835690097912423
2.4534160505098566,1.6711963367737503,4.840124177437086,2.5254843196977457,1.3749388366489013,0.4421448589594577,0.5038557222120161
2.4566002326823444,1.648559624466447,4.867754433198305,2.5592959206928305,1.324957696105502,0.39693404184782205,0.6408811562375283
2.460321449879224,1.625723456310892,4.896617112475144,2.5592959206928305,1.324957696105502,0.41817139172452744,0.5839428089065493
2.464461990601773,1.6045702493839649,4.924305215951001,2.596919527232915,1.2749714755018682,0.37424430265515807,0.6916060134663424
2.4687820182904296,1.5857831735991201,4.953213930230035,2.596919527232915,1.2749714755018682,0.39900435068294493,0.6357802414856886
2.4736516194360654,1.567114301446221,4.981936590604033,2.596919527232915,1.2749714755018682,0.4225487856926976,0.5707662486234721
2.479483438922861,1.5470722402527493,5.0078193378638485,2.6369799133199154,1.2249817372210707,0.3878578557009399,0.6622555114662076
2.485755357502823,1.527532184959556,5.039412181494805,2.6369799133199154,1.2249817372210707,0.4150137874413437,0.5931112154319735
2.4924221148926904,1.5087512219934158,5.064662265901138,2.6369799133199154,1.2249817372210707,0.43410194463342644,0.5330590040428524
2.500053541991651,1.4886794104822183,5.0886833075625875,2.678372601965002,1.174989651500518,0.41030478269227577,0.6062958038525927
2.5079145576481103,1.469489916982635,5.114459002168602,2.678372601965002,1.174989651500518,0.4302019544373947,0.5463008588856197
2.516422081403073,1.450183853551259,5.139046486958074,2.678372601965002,1.174989651500518,0.44756057657882214,0.48254685438467915
2.5258502423718543,1.4300609497205201,5.1606862792503305,2.720141146112877,1.1249961267211546,0.434184021992721,0.5327742475289252
2.535671318028111,1.410152989919256,5.182391637766228,2.720141146112877,1.1249961267211546,0.4485600417468831,0.4784513797786174
2.545806651191496,1.3906908021059579,5.204584208697488,2.720141146112877,1.1249961267211546,0.4623425634215049,0.41566664343311444
2.5567029120429137,1.370880755148761,5.224870759201489,2.7613708573921416,1.0750019106739577,0.458852134345122,0.4328167510917793
2.56818370228887,1.3509038804625675,5.243163321511639,2.7613708573921416,1.0750019106739577,0.4689369673397119,0.3803223353422205
2.580129466570231,1.3309710361098261,5.260390245649519,2.7613708573921416,1.0750019106739577,0.4773327353738997,0.32798329731429976
2.592651637952322,1.3107900024607488,5.275214318953847,2.8010871747692843,1.0250076740357548,0.4778402914408656,0.3244775701104732
2.605522257156327,1.290699447151182,5.289486822736212,2.8010871747692843,1.0250076740357548,0.483782743930533,0.279469915402093
2.6187710139129816,1.270641981455972,5.301952631407175,2.8010871747692843,1.0250076740357548,0.48816499567409377,0.2399465603836377
2.6323089470746854,1.2506149867912146,5.312036685009307,2.8437029363646555,0.9750140853091136,0.48528056154852606,0.2667087058645925
2.6461113839686377,1.230656826602047,5.323418646529356,2.8437029363646555,0.9750140853091136,0.4890852896002545,0.2306728550857977
2.6601110923612286,1.210939820493417,5.334593978365145,2.888397584290796,0.9250218855324667,0.4868728625521919,0.25233077496312806
2.6743471008649546,1.1913156788605903,5.345815562593332,2.888397584290796,0.9250218855324667,0.49056990730682515,0.21477888713087512
2.689292302262084,1.1693602700967496,5.356470131975706,2.888397584290796,0.9250218855324667,0.49219522086103434,0.19576230274497686
2.704752382297686,1.1461573080980667,5.3665672488803295,2.934581547979941,0.8750319710412165,0.4881518936384577,0.24007572225616491
2.7199363690921494,1.125554866374026,5.37716429056391,2.934581547979941,0.8750319710412165,0.4905649623668552,0.2148339668468977
2.735147361869622,1.1063576292283308,5.386918795718552,2.934581547979941,0.8750319710412165,0.4932133931646036,0.18276227045421778
2.7505833127124415,1.0872176515079772,5.395054517741041,2.9818307371372605,0.8250454934554925,0.49200838341146985,0.19804883463392509
2.766183701558477,1.0681996705478838,5.403569834401396,2.9818307371372605,0.8250454934554925,0.49414027895754825,0.17000621327303556
2.781959160040726,1.0493018715648876,5.411429460211062,2.9818307371372605,0.8250454934554925,0.495833617779147,0.14363449927795235
2.7979064806980904,1.0304626363713023,5.418297811599919,3.0298394213835347,0.775063987984915,0.4951021698587415,0.15560102395559228
2.814004194630872,1.0117045624447059,5.4251337280056315,3.0298394213835347,0.775063987984915,0.49644699174546725,0.1327353744978621
2.830272133797461,0.9929964691114677,5.431177703046694,3.078386260977782,0.72508954428796,0.49601949396584055,0.14042423872412968
2.846578238081255,0.9744526519872796,5.436848624728848,3.078386260977782,0.72508954428796,0.49701489113921,0.12174616341759537
2.8630777506768244,0.9559184912918255,5.442311850150227,3.078386260977782,0.72508954428796,0.4978619575321476,0.10313622834405889
2.8797176971673437,0.937418219644897,5.446959027471345,3.1273097142414623,0.675125038853042,0.4975850148522183,0.10957724383595502
2.8964370152550423,0.9189968795377226,5.451694912480622,3.1273097142414623,0.675125038853042,0.4982512978253561,0.0933163667246737
2.9132516899674386,0.9006466897219152,5.455970598558011,3.1273097142414623,0.675125038853042,0.4987621913477708,0.07855702928249553
2.9301498236311048,0.8823387823496649,5.459645849881698,3.176490089161983,0.6251744547058418,0.49861627855081064,0.08304410632098702
2.9471037186549633,0.8641014984490276,5.463352181201988,3.176490089161983,0.6251744547058418,0.4990118047159382,0.07021113427724313
2.9641585509925745,0.8458853821920709,5.466609174660534,3.176490089161983,0.6251744547058418,0.49930070439776303,0.059082822084181474
2.981257368142698,0.8277312593012098,5.4692087638150655,3.2258362448959668,0.5752433239524634,0.49919821913361045,0.06325673851004576
2.998418238951528,0.809611584926893,5.471926683860604,3.2258362448959668,0.5752433239524634,0.49941597530895665,0.054001372417934235
3.0156410064550716,0.7915264904861541,5.474351619102163,3.2258362448959668,0.5752433239524634,0.49958050021604034,0.04577605635566351
3.032912349457389,0.7734699915159222,5.476415790053501,3.275275465549146,0.5253393423191282,0.49953813875457137,0.04802936150312154
3.0502247695723623,0.7554398315425939,5.478460305412224,3.275275465549146,0.5253393423191282,0.49966124177929355,0.041139434475850445
3.067558804246742,0.737457275773231,5.480384168950716,3.3247453810860197,0.4754732239631115,0.4996669718977293,0.04079028495632131
3.0826690580708958,0.7194493655862679,5.483030409572719,3.3247453810860197,0.4754732239631115,0.49941194142189466,0.054187291711786933
3.0965614947117786,0.7015341467124152,5.4863830850789785,3.3247453810860197,0.4754732239631115,0.49870921711763055,0.08021546270372992
3.112783280903721,0.6837189140650484,5.490171903881027,3.3741870376826144,0.42565989153028644,0.49901340229415353,0.07015448807151681
3.130318768600201,0.6659780927427654,5.493301824700046,3.3741870376826144,0.42565989153028644,0.4993022545841911,0.059017405508141385
3.1479206963676907,0.6482700113264386,5.495977146855032,3.3741870376826144,0.42565989153028644,0.49950472634913945,0.0497343841127702
3.1655773985123323,0.6305949888201461,5.49822553103358,3.423538347553221,0.37592013368861427,0.4998217247753826,0.029849714385080217
3.183245388204047,0.6129758251150967,5.499915106174189,3.423538347553221,0.37592013368861427,0.4998917270184116,0.02326431097723236
3.2009219743016315,0.5953955504499842,5.501269134287401,3.423538347553221,0.37592013368861427,0.49993438630730713,0.018111273904463765
3.2186492017604404,0.5777985347092187,5.501954601658564,3.4727271904476904,0.3262829143134676,0.49999594517250123,0.004502659844613843
3.236395969043464,0.5602034975951167,5.502239570974347,3.4727271904476904,0.3262829143134676,0.49999772998128594,0.003368981070365651
3.254159250572978,0.5426025235253089,5.50238235317854,3.4727271904476904,0.3262829143134676,0.4999983488479896,0.0028732783097216164
3.2719304906509947,0.5250001555750625,5.502504029034991,3.52166340031487,0.27678858991143723,0.4999861948454248,-0.00830804125352036
3.2897058727696757,0.5073939217770498,5.502221402456279,3.52166340031487,0.27678858991143723,0.49998858455591444,-0.007554846136576754
3.3074730342498118,0.48977929633064043,5.501889341579077,3.52166340031487,0.27678858991143723,0.49999162933023533,-0.006469353242337994
3.3252265964445753,0.4721653949278881,5.5016307689345005,3.5702287467599847,0.22749339278971464,0.4999497768787355,-0.01584569914427325
3.3429733172998235,0.4545435870377723,5.501219506084791,3.5702287467599847,0.22749339278971464,0.4999555818973128,-0.014901929313981599
3.360709167349045,0.4369115895897817,5.50057178969929,3.618263798126054,0.17847567812139128,0.4998990936339668,-0.022459142017834832
3.378428085929815,0.4192775544009528,5.499622635328395,3.618263798126054,0.17847567812139128,0.49992605994237543,-0.019225933351155078
3.396138938562954,0.4016176700848355,5.498753198290368,3.618263798126054,0.17847567812139128,0.49994717821616286,-0.016250426781215133
3.4138403968142956,0.3839411420108103,5.498003195185514,3.6655502065464782,0.12984462904985192,0.49987826209027303,-0.024668130945190825
3.431528828690011,0.3662496202655454,5.49697988851595,3.6655502065464782,0.12984462904985192,0.4999092863061625,-0.02129489328055323
3.4492054640842014,0.34852578616787433,5.49596502412617,3.6655502065464782,0.12984462904985192,0.499937041966554,-0.017741023900260333
3.4668512527249185,0.33079628232594693,5.495164426412398,3.7117864466495485,0.08175238709459402,0.49983788097940174,-0.028465567981178608
3.484499901531496,0.3130348650158954,5.494276688513185,3.7117864466495485,0.08175238709459402,0.499864649683743,-0.026010342218341975
3.5024107879613764,0.2935407583543501,5.492872074296823,3.7565543122271086,0.03441095571261804,0.4998848473477328,-0.02399184426345491
3.520476906379143,0.2730340042848063,5.491482974899643,3.7565543122271086,0.03441095571261804,0.49999556705485965,0.004707918482919737
3.5382219255090837,0.2542485422134142,5.491319559744315,3.7565543122271086,0.03441095571261804,0.4999540248210468,0.01516084551504071
3.555800355932176,0.23645176473467977,5.491767767090533,3.799272448290195,-0.011884244778202312,0.49992511457658945,-0.019348428903655956
3.573372722881569,0.2186754208103494,5.491304243846922,3.799272448290195,-0.011884244778202312,0.49993060330800904,-0.01862598403612281
3.5909726123533163,0.20081544227151582,5.490268867541754,3.839131755425025,-0.05672155366674294,0.49939272171897875,-0.05506444851520986
3.6085077770007485,0.18299434489308197,5.488763830728171,3.839131755425025,-0.05672155366674294,0.4994693360580974,-0.051478513927150193
3.625994522840923,0.1651340387202449,5.486461615170639,3.839131755425025,-0.05672155366674294,0.4996204468021458,-0.04354407428339979
3.643474543294979,0.14722767917769986,5.484611191821137,3.8750054891765,-0.09952733061568712,0.4982650664324179,-0.09294976216353334
3.660857049085715,0.12932975245818845,5.480962723394593,3.8750054891765,-0.09952733061568712,0.4986626718673729,-0.08164450081597463
3.6781710231041993,0.11135638655485813,5.477291197838456,3.9108796211630468,-0.1395022185608254,0.4985536902851382,-0.08489526577268292
3.695430426254484,0.09331656526509846,5.473561623448127,3.9108796211630468,-0.1395022185608254,0.4989493723849329,-0.07238980586382726
3.7126467372115783,0.07518257993850774,5.470148554282567,3.9507401684889087,-0.1755323268157298,0.4999833760300404,0.009116832001012432
3.7298607761657454,0.056948743549328995,5.46961321288592,3.9507401684889087,-0.1755323268157298,0.4999664836859301,0.01294482388646312
3.7470941329723484,0.03873685054806053,5.470697942868332,3.9934605282447824,-0.20606546581554064,0.4954384827812649,0.1502224007095223
3.7642001498774267,0.020709264692046148,5.474737588228563,3.9934605282447824,-0.20606546581554064,0.49595518107274306,0.14154353772554895
3.7813867399562033,0.00284320852754405,5.481216385119048,4.038231854452023,-0.22893868178767796,0.4775237611604012,0.32666924371405015
3.8016639938008607,-0.017911158772831115,5.494988074343192,4.038231854452023,-0.22893868178767796,0.4824366028112987,0.29039023972567257
3.818703998784742,-0.03478135795427306,5.508131337378297,4.084473185772125,-0.24669348416226308,0.4506603101680753,0.46966668981950965
3.8321568464663676,-0.04782149285615489,5.52146484356607,4.084473185772125,-0.24669348416226308,0.45752153931742207,0.4391091907365803
3.848607787672539,-0.06319082222701233,5.541720193013337,4.131766893827219,-0.26130267962560033,0.4211813191805706,0.5749428476157128
3.8649639079260876,-0.07787488695812073,5.564186209470076,4.131766893827219,-0.26130267962560033,0.43632883346088625,0.5252403783280968
3.881201619961203,-0.0917227170102759,5.58973057149714,4.131766893827219,-0.26130267962560033,0.4537886412708872,0.45610604118247866
3.9019977785101743,-0.10853537244086908,5.614520383116239,4.1798122797359865,-0.27438957240556255,0.4217521112392415,0.5732063100119857
3.9115432543012076,-0.12155551222353722,5.632413612499354,4.1798122797359865,-0.27438957240556255,0.41901813077210187,0.5814372704427488
3.9219079358869697,-0.13781900630125854,5.656147749868636,4.228392162932769,-0.2874083307450575,0.370710648907615,0.6987481252320198
3.938625127261778,-0.1525450758869944,5.690152388661365,4.228392162932769,-0.2874083307450575,0.3902412279879928,0.6567923613388138
3.954514786364232,-0.16289882416071677,5.71880834747626,4.228392162932769,-0.2874083307450575,0.4136515225619231,0.5969839876337111
3.9716451835839726,-0.17342661188540198,5.744333006576155,4.277348749919159,-0.3018055602957401,0.4095401900502416,0.6083839435266847
3.989007674388212,-0.18351036427071676,5.769423862471149,4.277348749919159,-0.3018055602957401,0.42826994514853595,0.5526596864418338
4.003742041609931,-0.19165185297740095,5.789367171293983,4.326566101695152,-0.3191810370492427,0.4354270533470518,0.5284299465055675
4.022909873910141,-0.20165409435658965,5.812803000204188,4.326566101695152,-0.3191810370492427,0.4514203936903223,0.46642572140981775
4.042638080583313,-0.2114183092263442,5.834906699038673,4.326566101695152,-0.3191810370492427,0.46472773523978633,0.4033618024961998
4.063029402050192,-0.220978759267636,5.855302808181544,4.375957251797887,-0.33590990340455473,0.47200993839278566,0.3622730445648732
4.088257066116318,-0.23213260665307622,5.876773659450167,4.375957251797887,-0.33590990340455473,0.48218986384078866,0.2923404648350756
4.105848227504639,-0.23957648336435788,5.887076592418717,4.425454543604724,-0.35385101618069403,0.48629143870808395,0.2576862110798006
4.13252551131275,-0.25053739395874963,5.900252085538672,4.425454543604724,-0.35385101618069403,0.49047234468654083,0.2158627692232995
4.15069937341719,-0.2577737864483538,5.9082609562667106,4.475002113248825,-0.37499792921948405,0.49607521134801263,0.13944699853193243
4.173701801057541,-0.26670262381709087,5.915742994649967,4.475002113248825,-0.37499792921948405,0.4974986959580344,0.11150716511365544
4.201571446063107,-0.27732826725172544,5.922015336696057,4.475002113248825,-0.37499792921948405,0.4983656018337552,0.09022702297179253
4.224896678437506,-0.286074859178683,5.926161316449938,4.475002113248825,-0.37499792921948405,0.4988124937380874,0.07694877302965297
4.248285349035559,-0.2947533122257937,5.929643718965828,4.475002113248825,-0.37499792921948405,0.4991084593694872,0.06669666041398692
4.267036255917777,-0.3016494519107411,5.932012884490586,4.475002113248825,-0.37499792921948405,0.4992686176803233,0.060420848195028576
4.2904340923427275,-0.31018783952619167,5.934695629983723,4.475002113248825,-0.37499792921948405,0.4994176351114984,0.05392468601608247
4.313902241733134,-0.3186805574647291,5.937151993791269,4.475002113248825,-0.37499792921948405,0.49952663855819174,0.04862299070776044
4.33740751436686,-0.32712371670189455,5.939367194695703,4.475002113248825,-0.37499792921948405,0.4995967279608568,0.04488278302821347
4.359015057275029,-0.33769606344959335,5.940874470009165,4.475002113248825,-0.37499792921948405,0.49517066502312457,0.15452144514814536
