5.117594141898375,4.881256204118916,-5.620592401583212,5.12500212293458,4.825002148266554,0.0060152165769431646,-0.7822830666086334
5.117963608568954,4.881408051703099,-5.643131106359391,5.175002123679638,4.775002147521496,0.02605975805563889,-0.6959440860136306
5.117778949108762,4.881486054462161,-5.682743271775149,5.225002124424696,4.725002146776438,0.042440275286124866,-0.6557133851229477
5.118223999981687,4.881676219739034,-5.71413347168505,5.275002125169754,4.67500214603138,0.05415678429005892,-0.6324208062307546
5.118869179457166,4.882095805695972,-5.746625006347423,5.325002125914812,4.625002145286322,0.06441387104461348,-0.6142792953607625
5.119627701814718,4.882553546735729,-5.775357077458234,5.325002125914812,4.625002145286322,0.06935782550363462,-0.6060990298320033
5.121371123201773,4.883496919084666,-5.8007695739204745,5.325002125914812,4.625002145286322,0.07323431804026746,-0.5998997876726649
5.1248309858861445,4.885252148716859,-5.824616143590924,5.325002125914812,4.625002145286322,0.07575457127738279,-0.5959613347800125
5.1287915955729115,4.8871310994355355,-5.849009158123341,5.325002125914812,4.625002145286322,0.07813465428333376,-0.5923038114052334
5.132373274412892,4.888740876904532,-5.875149844184046,5.325002125914812,4.625002145286322,0.0812461264236997,-0.587607464858841
5.1361229889603175,4.890298294986882,-5.901141561852333,5.325002125914812,4.625002145286322,0.0843261272287776,-0.5830475981936435
5.140263084585129,4.891895115448679,-5.926128081422838,5.325002125914812,4.625002145286322,0.08699808725833298,-0.5791589667695918
5.144425683433741,4.893386469456889,-5.951513867237309,5.325002125914812,4.625002145286322,0.08983305228006633,-0.5750972120526845
5.148733853869284,4.894809515794683,-5.976788960759367,5.325002125914812,4.625002145286322,0.09262175450224559,-0.5711624941797548
5.153264006390176,4.896181531654612,-6.001712414353196,5.325002125914812,4.625002145286322,0.09523784899869799,-0.5675230859830473
5.157917557168425,4.897465432390344,-6.026611013300322,5.325002125914812,4.625002145286322,0.09782469703235078,-0.5639710751028717
5.162732149342535,4.898665728900202,-6.05133662582463,5.325002125914812,4.625002145286322,0.1003083277343073,-0.5606023501910438
5.168688326668047,4.898861114683712,-6.077489221712612,5.325002125914812,4.625002145286322,0.10276679624354323,-0.557305955699504
5.1751207041667495,4.89867326132676,-6.104009757708006,5.325002125914812,4.625002145286322,0.10508908606988793,-0.5542254963951314
5.180748773061463,4.899228865566772,-6.128875583483225,5.325002125914812,4.625002145286322,0.10722268235329553,-0.5514226855110045
5.186122053805048,4.89999954640448,-6.152999969456475,5.325002125914812,4.625002145286322,0.10923713723821163,-0.5487994918041319
5.191579402612409,4.900648217084841,-6.176859005290863,5.325002125914812,4.625002145286322,0.11113319934507987,-0.5463502355285829
5.196971978870252,4.9011640860178085,-6.199845479459413,5.325002125914812,4.625002145286322,0.11285966098959341,-0.5441361847731769
5.20216865557333,4.901540835824929,-6.221759818442609,5.325002125914812,4.625002145286322,0.1144669019643265,-0.542088417430651
5.208073801869848,4.901833548050324,-6.2460203873440765,5.325002125914812,4.625002145286322,0.11611633858786287,-0.5399999297468104
5.213976766051899,4.901975748677069,-6.269485956801483,5.37500212665987,4.575002144541264,0.1404329717038925,-0.5105284682750955
5.220746531600259,4.901984442765338,6.274069537008938,5.37500212665987,4.575002144541264,0.14234153481398099,-0.5083049432572146
5.2280512153383984,4.9018382350617165,6.252132649473296,5.37500212665987,4.575002144541264,0.1435169105105329,-0.5069411752118067
5.235233041594271,4.9015315808847335,6.229752835693739,5.37500212665987,4.575002144541264,0.14489696264654545,-0.5053452216553209
5.242542432196043,4.901058105839022,6.207670432881579,5.37500212665987,4.575002144541264,0.14603397285721767,-0.5040345480886356
5.249869046989374,4.900415296655565,6.185490140948353,5.37500212665987,4.575002144541264,0.14713932451983916,-0.5027639501876977
5.257184041186594,4.899620443716864,6.163230929649231,5.37500212665987,4.575002144541264,0.14822007211139626,-0.5015249893468121
5.26449562019365,4.898665727653042,6.140840520892246,5.37500212665987,4.575002144541264,0.1492833248657589,-0.5003092663831583
5.271827137539994,4.89753904565626,6.118454522632688,5.37500212665987,4.575002144541264,0.15026044292516916,-0.4991947672424314
5.279331287768044,4.896199977219639,6.096753880892139,5.37500212665987,4.575002144541264,0.15078500023876434,-0.4985975251451401
5.286932469058843,4.894672897306061,6.075455870796025,5.37500212665987,4.575002144541264,0.15099673784649972,-0.49835665760592496
5.29444441210427,4.893004399774178,6.054105562057828,5.37500212665987,4.575002144541264,0.15120277593710413,-0.49812238868043657
5.301888792233178,4.891197884475851,6.033867574240368,5.37500212665987,4.575002144541264,0.1509936620725265,-0.49836015567314085
5.309219960029448,4.889269229983656,6.016785536828171,5.37500212665987,4.575002144541264,0.1497369730384007,-0.49979151261453847
5.316808281022964,4.887120332983782,5.995473192032282,5.37500212665987,4.575002144541264,0.14950813004054223,-0.5000526233538637
5.3242459004778455,4.884849452524398,5.9748386307748245,5.37500212665987,4.575002144541264,0.14907198067525843,-0.5005506685226384
5.331759645383819,4.88236265994179,5.954490082218875,5.37500212665987,4.575002144541264,0.1483359319147927,-0.5013923630271481
5.339381382011959,4.879675190947712,5.934996038608095,5.37500212665987,4.575002144541264,0.1470663268429744,-0.5028477531074106
5.346953821841102,4.876847954504961,5.91565985641349,5.37500212665987,4.575002144541264,0.14564088789559826,-0.5044872456923172
5.353965780799213,4.874064524811965,5.894260781342837,5.4250021274049285,4.525002143796206,0.19095479709471974,-0.45465571257947457
5.361037177280107,4.871053226085447,5.8678099108565736,5.4250021274049285,4.525002143796206,0.19413944928554183,-0.45129136251343227
5.369122281053901,4.8673584228063,5.8443243670437965,5.4250021274049285,4.525002143796206,0.19508491810128425,-0.4502951196509897
5.379138355999389,4.8617662014379635,5.825399254064132,5.4250021274049285,4.525002143796206,0.192251024042126,-0.45328470165475043
5.389095476158118,4.855708407357404,5.805222992182857,5.4250021274049285,4.525002143796206,0.18961760390640647,-0.45607248286138036
5.397877449005223,4.850790208062337,5.78522815488149,5.4250021274049285,4.525002143796206,0.18772146405991882,-0.4580858106486456
5.406197136712817,4.846163511314855,5.765040520003086,5.4250021274049285,4.525002143796206,0.1860924511182513,-0.45981969451700044
5.414323805271197,4.8414215205984945,5.74486034189618,5.4250021274049285,4.525002143796206,0.1844047216910199,-0.4616202892085588
5.422313391633305,4.836539331154548,5.7244745290894,5.4250021274049285,4.525002143796206,0.1826708179994222,-0.46347474616992346
5.430085299021443,4.831569835502438,5.704250473991186,5.4250021274049285,4.525002143796206,0.18084767080353017,-0.4654298343267007
5.437686464434974,4.826503063375614,5.683987240218344,5.4250021274049285,4.525002143796206,0.17895488295886405,-0.46746540183442065
5.445104833976737,4.821322484534178,5.663554344751786,5.4750021281499865,4.475002143051148,0.236582232340219,-0.4074295053212885
5.4541213639427335,4.814751827019358,5.644939323209902,5.4750021281499865,4.475002143051148,0.23408256828714943,-0.4099774733351147
5.463619787528789,4.80757407578572,5.627077967021765,5.4750021281499865,4.475002143051148,0.23029661343047236,-0.4138421735619372
5.472736301873363,4.800420888513652,5.608988782915214,5.4750021281499865,4.475002143051148,0.2265926484978463,-0.41763055954252404
5.48161308419378,4.793194378155077,5.590738253823861,5.4750021281499865,4.475002143051148,0.22278030762926967,-0.4215384478273858
5.490212473409026,4.785927846285971,5.572308737475224,5.4750021281499865,4.475002143051148,0.21891642645002737,-0.42550922450208317
5.498524996545501,4.7786382805833645,5.553725720925879,5.4750021281499865,4.475002143051148,0.21501009041461888,-0.42953508805375784
5.506560078207455,4.771322033714453,5.534969538184592,5.525002128895045,4.42500214230609,0.2766252122867931,-0.36677322427222203
5.515527014381863,4.762857745369782,5.521507402566901,5.525002128895045,4.42500214230609,0.2716516956585361,-0.37182605477644404
5.5244857832637875,4.754217786217046,5.510877379537884,5.525002128895045,4.42500214230609,0.26494615847929465,-0.37863050333546
5.533309883452829,4.745517492126538,5.497951805493891,5.525002128895045,4.42500214230609,0.25881490580309363,-0.3848483146932913
5.542587288734283,4.73610094547595,5.480984270171903,5.525002128895045,4.42500214230609,0.2531246794366515,-0.39061925537808573
5.551371547297271,4.72684429218716,5.463905776505997,5.525002128895045,4.42500214230609,0.247463287874095,-0.3963646528939275
5.559823243095454,4.717641746248412,5.446599546245585,5.575002129640103,4.375002141561032,0.31062654683220675,-0.3319070033056585
5.56953363256053,4.706709441118943,5.430605666273574,5.575002129640103,4.375002141561032,0.3055703170381283,-0.33714345265004386
5.580122699129439,4.694413795950701,5.418977389769578,5.575002129640103,4.375002141561032,0.29661378472931854,-0.34636664347341073
5.590650467300696,4.681954710765058,5.409628997762167,5.575002129640103,4.375002141561032,0.2856711707412672,-0.35756207555150954
5.600421031943392,4.670145997752669,5.397211994525675,5.625002130385161,4.325002140815974,0.3430759774663649,-0.2975792919412469
5.6097378945842,4.658586704315504,5.379001984531701,5.625002130385161,4.325002140815974,0.34005515608729797,-0.30084036673927006
5.619879989830151,4.64542841168394,5.366612127427419,5.625002130385161,4.325002140815974,0.3327059053675778,-0.3087106027232408
5.629677128621239,4.632568410393941,5.355588798628597,5.625002130385161,4.325002140815974,0.32412179569028127,-0.31780113717253244
5.639424542014703,4.619373788619857,5.341470983808213,5.675002131130219,4.2750021400709155,0.37909597734673217,-0.2571627115826559
5.6500978948165095,4.604496470349135,5.329563855550454,5.675002131130219,4.2750021400709155,0.3728332113871921,-0.26443191394497
5.660923888980969,4.589059986507877,5.318109637469683,5.675002131130219,4.2750021400709155,0.3650274869882493,-0.27333249737132204
5.671277652082282,4.573913529495774,5.306195800091525,5.725002131875277,4.225002139325857,0.4116202899331958,-0.21700850671313254
5.682395061477619,4.557249989097926,5.296061883462797,5.725002131875277,4.225002139325857,0.40608127974914887,-0.22419150459181025
5.693871717041101,4.538907180865485,5.287478734882094,5.725002131875277,4.225002139325857,0.39853770348836093,-0.23371994796481366
5.704951366945878,4.520656073289608,5.278935396184733,5.775002132620335,4.175002138580799,0.43712434050496274,-0.18127093213249423
5.715518423304863,4.503700024788422,5.271221284381342,5.775002132620335,4.175002138580799,0.4328357872822414,-0.18765077455075307
5.726026368195586,4.486664330470022,5.257923205787858,5.775002132620335,4.175002138580799,0.4295633228503356,-0.19240417976078494
5.736957241580691,4.468401366351846,5.248632314805651,5.825002133365393,4.125002137835741,0.4609254048067157,-0.14166942546667993
5.7485090786191595,4.448830632670662,5.241814100469231,5.825002133365393,4.125002137835741,0.4576589518433151,-0.14764409127178524
5.760046407264121,4.428949810742796,5.23541683682736,5.825002133365393,4.125002137835741,0.45348372229252465,-0.15498485332225975
5.771341673711727,4.4092165248791835,5.228702093521249,5.825002133365393,4.075002137090683,0.44013307193237916,-0.17668365946100806
5.782236333848542,4.389866240895166,5.221121088331903,5.825002133365393,4.075002137090683,0.4348191198515843,-0.18472243128694998
5.792775986652827,4.370797187533006,5.213226367408097,5.825002133365393,4.025002136345625,0.42335723799726566,-0.20117395073471456
5.802933797878503,4.352053584417431,5.204604918384127,5.825002133365393,4.025002136345625,0.41743041763566463,-0.2092823536406484
5.812716516053508,4.333607706544227,5.19565144566421,5.825002133365393,4.025002136345625,0.41073139441090983,-0.21817271169805152
5.82223786947737,4.315285433668426,5.186218412992595,5.825002133365393,3.975002135600567,0.4025123747484273,-0.22873393488971228
5.831379690657685,4.297226073734742,5.17623149037712,5.825002133365393,3.975002135600567,0.3957204212305516,-0.23721041544479626
5.840189916623107,4.279379936043639,5.1658946306400155,5.825002133365393,3.975002135600567,0.3880889990244525,-0.2464982236861395
5.8486606366640705,4.261777357069731,5.15516523829709,5.825002133365393,3.925002134855509,0.3843410210777766,-0.2509773427860983
5.856835103925359,4.244297823566139,5.144209306726509,5.825002133365393,3.925002134855509,0.37707567178533535,-0.2595209696090045
5.86469463992903,4.226997180924197,5.132842865161671,5.825002133365393,3.925002134855509,0.3690210920577212,-0.2687996561550069
5.872205837587994,4.2099450224911505,5.120927465405514,5.825002133365393,3.875002134110451,0.3700744709789159,-0.26759684873266476
5.879472699803169,4.1928830767448915,5.109174548850745,5.825002133365393,3.875002134110451,0.3627428656591566,-0.27590693871439087
5.886438080852985,4.175968756493026,5.097166868840327,5.825002133365393,3.875002134110451,0.3546203224732442,-0.28495810227355234
5.893035477791387,4.159374082017329,5.08477840924567,5.825002133365393,3.825002133365393,0.36001536457209277,-0.2789635034617012
5.899450613997362,4.142631946403202,5.0722901886549305,5.825002133365393,3.825002133365393,0.35295885065718163,-0.2867911911656511
5.905717840072586,4.125671479749034,5.061030159183787,5.825002133365393,3.825002133365393,0.344259567217387,-0.2962971410172226
5.911115309865012,4.111408683334559,5.049451379749627,5.825002133365393,3.775002132620335,0.35398793272652335,-0.28565651236680156
5.915855663384903,4.098515062595474,5.033895440886304,5.825002133365393,3.775002132620335,0.3508081600841384,-0.289155370805669
5.9211121942434195,4.08254923350999,5.0210439684023465,5.825002133365393,3.775002132620335,0.3439930091976752,-0.2965861184748645
5.926345545408044,4.065795180421411,5.007137256607435,5.825002133365393,3.775002132620335,0.33616148536687374,-0.30502083029256544
5.931232230482755,4.049260066533477,4.992640491178957,5.825002133365393,3.725002131875277,0.3501590831009332,-0.2898670053805963
5.935902466456649,4.032623565286778,4.980293090335521,5.825002133365393,3.725002131875277,0.34299717383404044,-0.2976645678178004
5.940387720290027,4.015885003819032,4.967308205397956,5.825002133365393,3.725002131875277,0.3351179283195275,-0.3061370691382309
5.944535925930359,3.9995190343655933,4.953992311738965,5.825002133365393,3.675002131130219,0.3511267547551217,-0.28880575559264565
5.948591574785179,3.9825794870661273,4.941191489533198,5.825002133365393,3.675002131130219,0.34427541780894666,-0.296279953178608
5.952431718256315,3.9655977875677806,4.928326167884308,5.825002133365393,3.675002131130219,0.3365409811680245,-0.304614473811297
5.955953728925829,3.949034327089082,4.915026859500559,5.825002133365393,3.675002131130219,0.32837407127091284,-0.31331079962291286
5.959183355731744,3.9327628991672396,4.901424945658001,5.825002133365393,3.6250021303851607,0.34876283352389936,-0.2913949478152479
5.9622152940444435,3.916305768278403,4.88787219451975,5.825002133365393,3.6250021303851607,0.3422480284640103,-0.2984746867782173
5.965057076885096,3.899747758510755,4.8757273454482295,5.825002133365393,3.6250021303851607,0.33418048177621346,-0.3071383503060786
5.9676090093261775,3.883488700883114,4.861013952149098,5.875002134110451,3.5750021296401027,0.4118983898629936,-0.21664333737991592
5.970209421288114,3.865215991128866,4.8459008927516525,5.875002134110451,3.5750021296401027,0.40815643423037024,-0.22152008190938932
5.972803177652203,3.8448460354707725,4.836106381331761,5.875002134110451,3.5250021288950446,0.41897713403893366,-0.20718956274875266
5.9753065730281705,3.8241429247459235,4.826890099091018,5.875002134110451,3.5250021288950446,0.41270760649953525,-0.21557819479931817
5.977578431188346,3.8035090690967293,4.817522789449866,5.875002134110451,3.4750021281499865,0.42339886028660584,-0.20111612791003464
5.979702656868805,3.7825165770654943,4.808606927571886,5.875002134110451,3.4750021281499865,0.4175937233769847,-0.2090621364936568
5.981636467434148,3.761533943788031,4.799318171750807,5.875002134110451,3.4750021281499865,0.4108296757020297,-0.21804421319512335
5.983343087627948,3.74083386943464,4.789289540893915,5.875002134110451,3.4250021274049285,0.42354900571606957,-0.20090743522943422
5.984856681140287,3.7197851428648034,4.780101154420444,5.875002134110451,3.4250021274049285,0.4175756331445918,-0.2090865396719893
5.986203788859866,3.6985230429395166,4.7721813627842495,5.875002134110451,3.3750021266598704,0.429161380345127,-0.19298159465812825
5.986026403003264,3.674333135373561,4.765463486194568,5.875002134110451,3.3750021266598704,0.4232392829787468,-0.20133774758926315
5.985286440985814,3.6495541478439586,4.758145923211699,5.875002134110451,3.3250021259148124,0.4349538727540347,-0.18452211417340858
5.985764259153576,3.627132032320449,4.750148982058527,5.875002134110451,3.3250021259148124,0.4297357615445999,-0.1921560406858126
5.986497668087969,3.6055092337609196,4.741740830887264,5.875002134110451,3.3250021259148124,0.4234362603442426,-0.20106415979897885
5.987033558150224,3.5842577513164064,4.73305609475763,5.875002134110451,3.2750021251697543,0.43660097350182087,-0.1820592078395752
5.987398703880051,3.562928500420097,4.7265359052670695,5.875002134110451,3.2750021251697543,0.4306797130966219,-0.19079316907724997
5.987630769539816,3.5415341651729344,4.719237536909055,5.875002134110451,3.2250021244246962,0.4427551240635228,-0.17260428663209426
5.9876900499058205,3.5194736832145628,4.711485238106601,5.875002134110451,3.2250021244246962,0.4377676605886952,-0.18029813925122762
5.9875811693729,3.4973812198114,4.704011387981289,5.875002134110451,3.175002123679638,0.4491194471790213,-0.1623487213805207
5.9872988929639215,3.4753768763779647,4.695266728293278,5.875002134110451,3.175002123679638,0.44522034383270154,-0.1686942199186533
5.986832450469604,3.4530558143880006,4.687889293153703,5.875002134110451,3.12500212293458,0.4558527418448759,-0.15085801617593542
5.98620365421322,3.4303510662625776,4.681070719944777,5.875002134110451,3.12500212293458,0.4519301678384928,-0.15764011121634036
5.9854175516139945,3.4076386808779935,4.6740842380713685,5.875002134110451,3.12500212293458,0.44718301154645645,-0.16552589930103667
5.9844799285971595,3.3851632102052758,4.6666611532773645,5.875002134110451,3.075002122189522,0.45870732426923017,-0.1457501272081666
5.983357027966555,3.362369570520368,4.660173931909781,5.875002134110451,3.075002122189522,0.45464719118322117,-0.15297020233123682
5.982086730858202,3.339549939896811,4.65351658523672,5.875002134110451,3.025002121444464,0.46503236077242094,-0.13382259503347016
5.9806462537525995,3.3164550814548255,4.647458149469479,5.875002134110451,3.025002121444464,0.46156588506465807,-0.1404715516797721
5.979065963159687,3.293253567381905,4.6417003008193225,5.875002134110451,2.975002120699406,0.47079232032303836,-0.12205768836681163
5.977347493571542,3.270048237132224,4.635381510391202,5.875002134110451,2.975002120699406,0.4680702971891376,-0.12774052001142044
5.975478145017621,3.2465819785414736,4.6301098696489325,5.875002134110451,2.925002119954348,0.47625970950405444,-0.10983294094063156
5.971520474432519,3.221952550844006,4.625580580642836,5.875002134110451,2.925002119954348,0.4747904540309334,-0.11323836744078186
5.96685407498962,3.1970039282732294,4.621581246955449,5.875002134110451,2.87500211920929,0.4828058848008246,-0.09326084069111673
5.964011404749341,3.1727508283019015,4.6175950596366215,5.875002134110451,2.87500211920929,0.48121451622974926,-0.0975344173650401
5.961675604965197,3.1487351049802097,4.613379126051825,5.875002134110451,2.8250021184642318,0.48695601518984793,-0.08111453311295957
5.959223210401347,3.1245614983773855,4.609686126600976,5.875002134110451,2.8250021184642318,0.4855293833103325,-0.08547680554494341
5.956679409077895,3.100337807384423,4.606075001180886,5.875002134110451,2.7750021177191737,0.49034234745865696,-0.06971559167781449
5.954049370683094,3.076127919856156,4.6023207701188,5.875002134110451,2.7750021177191737,0.4893623476288142,-0.07319160407158176
5.9513257020272,3.0518585318583886,4.598810268244525,5.875002134110451,2.7250021169741157,0.4933377855233554,-0.05784475633032815
5.948508711326091,3.0274154383772043,4.596337539272153,5.875002134110451,2.7250021169741157,0.4925660275733411,-0.061119272517999756
5.94563466407469,3.002982219426224,4.593897977010352,5.875002134110451,2.6750021162290576,0.49563628274997085,-0.0467786038569411
5.942677510605339,2.978399248056773,4.5917425293340814,5.875002134110451,2.6750021162290576,0.49514111715281084,-0.049369575142377276
5.939665659535711,2.9537915725312587,4.589620456854927,5.875002134110451,2.6250021154839995,0.4974557623708161,-0.03569709818572431
5.936594768758621,2.929117382254365,4.587952299169509,5.875002134110451,2.6250021154839995,0.49716616575135014,-0.037677615244880336
5.933482269136669,2.9044113851140967,4.586364417669041,5.875002134110451,2.5750021147389415,0.4987677092143464,-0.024832484498030216
5.930335596356522,2.8797229675739455,4.5849522036489025,5.875002134110451,2.5750021147389415,0.49863978322591596,-0.026090727786689305
5.927156398490361,2.8549939928056585,4.583769107484224,5.875002134110451,2.5250021139938834,0.49960448915397954,-0.014064408608638002
5.923944345240265,2.830218552975033,4.582989078710898,5.875002134110451,2.5250021139938834,0.4995621409109417,-0.01479842840828649
5.920716359071944,2.805460825568227,4.5824278313225015,5.875002134110451,2.4750021132488254,0.49997186020942486,-0.0037510210936932964
5.917469194602716,2.7806685771058905,4.582183964815318,5.875002134110451,2.4750021132488254,0.49996923702522933,-0.003921964157148072
5.914217023518144,2.7558654145004926,4.582029006911977,5.875002134110451,2.4250021125037673,0.49992328206200626,0.006193620189306914
5.908029156691745,2.728952910197213,4.5808034157588065,5.875002134110451,2.4250021125037673,0.4997274375854957,0.011675015134211097
5.900860270375229,2.7014184889403285,4.579385326835946,5.925002134855509,2.3750021117587092,0.4790618090570655,0.10304769547609105
5.8967230779142294,2.676575413155323,4.583445423206418,5.925002134855509,2.3750021117587092,0.4758619061617102,0.11076460371018104
5.893744908817945,2.6530932091475314,4.587763144817621,5.975002135600567,2.325002111013651,0.43686317217026216,0.18166464244141722
5.890938800657682,2.630383531681094,4.592650551963575,5.975002135600567,2.325002111013651,0.4300001908621995,0.1917750336717734
5.888498766832344,2.6093070069071285,4.602135476135839,6.025002136345625,2.275002110268593,0.3902127478028571,0.24393686678286852
5.8864084986698115,2.589452547066422,4.6122537468075935,6.025002136345625,2.275002110268593,0.3834103048719756,0.2520817857526909
5.884592215475211,2.570392770154662,4.623170608061913,6.025002136345625,2.275002110268593,0.37637345035901126,0.2603376360603502
5.883009008138592,2.5515716173965988,4.634577225176939,6.025002136345625,2.275002110268593,0.3686184890493916,0.26925856205059473
5.881673768876867,2.53310626365883,4.646465453287541,6.075002137090683,2.225002109523535,0.33776606006211457,0.3033010963120488
5.8806313076457695,2.515351963355698,4.662072227851181,6.075002137090683,2.225002109523535,0.33185820543618927,0.309612969985833
5.879913793768343,2.4988041292723544,4.675308639348014,6.075002137090683,2.225002109523535,0.32507827672000744,0.31679319751699553
5.879420436062341,2.482555917772867,4.689229259326079,6.075002137090683,2.225002109523535,0.31803640974412206,0.3241873147266625
5.879173240372275,2.4665976556945797,4.703248903611645,6.075002137090683,2.225002109523535,0.31047638380675163,0.33206286294303844
5.879143631091023,2.451043799123614,4.717670626997288,6.125002137835741,2.175002108778477,0.29672981704140255,0.34624753765054694
5.87933742990171,2.4359355338351207,4.731942598838019,6.125002137835741,2.175002108778477,0.29100285037165025,0.3521158159596005
5.879728412038958,2.4209532717235565,4.745501033022031,6.125002137835741,2.175002108778477,0.2845038324716066,0.35875261052576346
5.880305574858764,2.406214570429386,4.759244625585111,6.125002137835741,2.175002108778477,0.2776943671307477,0.3656861098853619
5.881055601428471,2.3926128173129317,4.776101124370479,6.125002137835741,2.175002108778477,0.2726696821788256,0.37079233996758076
5.8820351696738875,2.3790556201382778,4.791910105195769,6.125002137835741,2.175002108778477,0.2667256872019761,0.37682536386550747
5.883220295580182,2.36556635403932,4.809208464876268,6.125002137835741,2.175002108778477,0.2609102214256275,0.38272356543454933
5.8845766603451235,2.3526735730012724,4.825542915623985,6.175002138580799,2.125002108033419,0.266695134128202,0.3768563597585286
5.886172697711075,2.3395917244138964,4.842061810481588,6.175002138580799,2.125002108033419,0.2627433062194499,0.3808646523335293
5.88798376210282,2.3265743693922776,4.858673898846924,6.175002138580799,2.125002108033419,0.25849227105550393,0.38517548295243764
5.887876188450403,2.3165261657112737,4.875862877306298,6.175002138580799,2.125002108033419,0.2556335015872366,0.38807458050534516
5.887310522467367,2.3075087666159995,4.893316487217616,6.175002138580799,2.125002108033419,0.2533379413508311,0.3904029215499061
5.8890307446624774,2.295954245118624,4.910506036448293,6.175002138580799,2.125002108033419,0.24944718771238794,0.39435069158235314
5.891585283871607,2.283764316869828,4.927742203287289,6.175002138580799,2.125002108033419,0.24490756576152037,0.3989603779214579
5.8943010792608055,2.271835740839414,4.945179035752742,6.175002138580799,2.125002108033419,0.24027436075792796,0.4036706879677341
5.897170057603733,2.260181811526129,4.962821654596588,6.175002138580799,2.125002108033419,0.23556707937043173,0.4084639463291677
5.9001871803187385,2.24880017381453,4.980710495529595,6.175002138580799,2.125002108033419,0.23080520291155815,0.41332258446492465
5.903350250441169,2.2376834512828996,4.998905477940636,6.225002139325857,2.075002107288361,0.25690492566374906,0.3867851742133388
5.9068909896063895,2.22603815245996,5.014795815473024,6.225002139325857,2.075002107288361,0.2531032897867669,0.39064095341992244
5.910820258281986,2.2138021766285707,5.032224057824304,6.225002139325857,2.075002107288361,0.2489984456232621,0.3948061659649782
5.914818046131326,2.2021050880427406,5.049493646668643,6.225002139325857,2.075002107288361,0.24491967319504596,0.39894807717120195
5.918957288679992,2.190615155571024,5.066915784934762,6.225002139325857,2.075002107288361,0.24067598898707304,0.4032621070915383
5.923278641199846,2.1792577136873064,5.083985583069713,6.225002139325857,2.075002107288361,0.23598530671999146,0.40803771958015456
5.92773625884392,2.1680877327265886,5.100790311522495,6.225002139325857,2.075002107288361,0.2309252301560082,0.4131999811275129
5.932388961748019,2.156968349470173,5.116694035500219,6.225002139325857,2.075002107288361,0.2250882727782742,0.419171531790026
5.93705599445772,2.146281598820501,5.13343863279568,6.2750021400709155,2.025002106543303,0.2614589925491543,0.3821670752743995
5.941925558157966,2.1356760511601873,5.153961024736401,6.2750021400709155,2.025002106543303,0.2600980512636939,0.38354714759742903
5.9476183283095585,2.1239517110684627,5.170980203403603,6.2750021400709155,2.025002106543303,0.2557889011365184,0.38791697769746203
5.953446815600054,2.1123696780089176,5.188925242695446,6.2750021400709155,2.025002106543303,0.25149694546439966,0.39227062126737167
5.959342867759499,2.101191182501754,5.206438512031043,6.2750021400709155,2.025002106543303,0.24694275610352348,0.39689320764244984
5.96530855128096,2.0903438963042955,5.223948012192668,6.2750021400709155,2.025002106543303,0.24223271924536086,0.40167893498436436
5.971314213377166,2.0798642183093,5.241430968213741,6.2750021400709155,2.025002106543303,0.2374100878204951,0.40658623783779246
5.977390108544569,2.0696848555100775,5.259173169772579,6.2750021400709155,2.025002106543303,0.23252662191105397,0.41156492414088297
5.9835158737168195,2.059821962479443,5.277136463685081,6.325002140815974,1.9750021057982448,0.2795168433671434,0.3638321524203256
5.990753744548844,2.048615024911282,5.293571625138272,6.325002140815974,1.9750021057982448,0.2751527485981734,0.3682698558079067
5.998440029224846,2.037110980848963,5.309654565213376,6.325002140815974,1.9750021057982448,0.26974141259987666,0.3737652655183028
6.006091873435677,2.0260546675458784,5.325957449418528,6.325002140815974,1.9750021057982448,0.2642832245119892,0.37930289573936005
6.013793417439828,2.0153030989436136,5.342532830401931,6.325002140815974,1.9750021057982448,0.25864947227983354,0.38501607259129633
6.021497082983693,2.004919951910958,5.359316093145098,6.325002140815974,1.9750021057982448,0.2528945520834593,0.3908527034692395
6.02917429939902,1.994930336311624,5.376208740345199,6.375002141561032,1.9250021050531867,0.3031132384764489,0.3396799609507477
6.037268817825975,1.9846743146987293,5.385335860178971,6.375002141561032,1.9250021050531867,0.29646305894609626,0.3465213480281941
6.046104071472075,1.973730978472787,5.397431155780196,6.375002141561032,1.9250021050531867,0.28973895970406865,0.35340823370395147
6.05547507694736,1.9624348448941706,5.412612449132624,6.375002141561032,1.9250021050531867,0.28320230765406634,0.36007927653683147
6.064675106624632,1.9516995702137603,5.428409952374007,6.375002141561032,1.9250021050531867,0.2768051712944234,0.36659026735450917
6.073724856924131,1.9414623379016547,5.445180417960193,6.375002141561032,1.9250021050531867,0.2706575656431332,0.37283532911468686
6.0827772150280595,1.9315804021123473,5.462003694430468,6.42500214230609,1.8750021043081286,0.3245741088049514,0.3173246372134011
6.0927870282052545,1.920992729865933,5.480372203012876,6.42500214230609,1.8750021043081286,0.3211951904635066,0.32087799532666983
6.104073789948319,1.9095146218635843,5.494578983757558,6.42500214230609,1.8750021043081286,0.3142520269404321,0.3281371592272828
6.114023100438756,1.8983207411907426,5.510176696800094,6.42500214230609,1.8750021043081286,0.30710048628148523,0.3355612004760542
6.1235484359829195,1.8875854738982518,5.526385117402478,6.42500214230609,1.8750021043081286,0.2998449984792828,0.34304629411373155
6.134239993358812,1.8772842862500934,5.542066449805378,6.475002143051148,1.8750021043081286,0.29155623654372115,0.35154965348603406
6.145085165252918,1.8675081451267008,5.557329579598861,6.475002143051148,1.8750021043081286,0.28550407079677537,0.3577325347664264
6.155818705854849,1.8581296380013725,5.5728617256954065,6.475002143051148,1.8750021043081286,0.27928475538895897,0.364068313206527
6.166487267162023,1.849102501713741,5.588717885264023,6.475002143051148,1.8750021043081286,0.2728661073063232,0.3705928527308804
6.177046009283213,1.840451709836337,5.604873326571016,6.525002143796206,1.8250021035630706,0.3345304941917979,0.3067646638450363
6.189482784862831,1.8305818649672876,5.619027064011124,6.525002143796206,1.8250021035630706,0.3287552572541691,0.31290707518365846
6.202630999699157,1.8204476693559002,5.632649276193165,6.525002143796206,1.8250021035630706,0.3214465179180094,0.3206141806740592
6.2154483971088705,1.8108168318681024,5.646635417836344,6.525002143796206,1.8250021035630706,0.31388179170705005,0.32852275310938106
6.2281626528353975,1.8015599530818047,5.6609540445777915,6.575002144541264,1.8250021035630706,0.3107221859329169,0.33180772460047847
6.24091464754602,1.7925503608697007,5.675399948557682,6.575002144541264,1.8250021035630706,0.3043331322493859,0.3384212647166527
6.253657798580062,1.7838243817332966,5.6902984277404975,6.575002144541264,1.8250021035630706,0.29759291249579395,0.345361288785184
6.26638116954222,1.7753766811607257,5.704500988632909,6.575002144541264,1.8250021035630706,0.2899740837736485,0.35316787023350704
6.278677276558297,1.7674709491923721,5.719307916128071,6.575002144541264,1.8250021035630706,0.2824821389842041,0.36081304377768686
6.29058767517632,1.7600770035409585,5.735386834367887,6.625002145286322,1.7750021028180125,0.3520140283704997,0.28783098798169915
6.304524202239123,1.7517105265747812,5.750451786183383,6.625002145286322,1.7750021028180125,0.3466237420103173,0.2937283517390783
6.319654940793093,1.7429485078206532,5.763124464365915,6.625002145286322,1.7750021028180125,0.3384640671184031,0.30255168113203834
6.334398472143274,1.7346163054705013,5.776254403882617,6.67500214603138,1.7750021028180125,0.338337599707801,0.3026875226255543
6.349192978546192,1.726528136532739,5.789516155019212,6.67500214603138,1.7750021028180125,0.3313773623566609,0.3101243484575411
6.363901360221043,1.7187339777010653,5.803136636094273,6.67500214603138,1.7750021028180125,0.3238727580604662,0.31806337958899134
6.378316477107753,1.7113505132052005,5.8169363880988785,6.67500214603138,1.7750021028180125,0.31591821108611473,0.32640005466218636
6.3925254514286465,1.7043230509987097,5.8312456486104605,6.725002146776438,1.7250021020729545,0.3838891631785063,0.25151392424678765
6.4084900651367525,1.696693382277319,5.840780739275446,6.725002146776438,1.7250021020729545,0.37690843163580323,0.25971560552516326
6.425777966144273,1.6886179181108485,5.851980374679319,6.725002146776438,1.7250021020729545,0.36858695358987115,0.2692944889137736
6.4425974006824385,1.6810048450568669,5.863619325659589,6.775002147521496,1.7250021020729545,0.36901195696205,0.2688100736994099
6.459065273438487,1.6737877439999647,5.877061524252549,6.775002147521496,1.7250021020729545,0.36260459574184734,0.2760623282136818
6.475601567681682,1.6668073465726145,5.889971185078231,6.775002147521496,1.7250021020729545,0.35501473289182406,0.2845220759734184
6.492154307874112,1.6600534402323515,5.902073402324456,6.825002148266554,1.6750021013278964,0.41702156791188744,0.20983292552489008
6.510396058448938,1.6528564748826362,5.913263982034622,6.825002148266554,1.6750021013278964,0.4119222807550355,0.2166119455937623
6.530107204877711,1.6453452737701415,5.924162594306736,6.875002149011612,1.6750021013278964,0.41024777493926073,0.21880422423292112
6.549957905851752,1.6380300984548004,5.936487192902966,6.875002149011612,1.6750021013278964,0.4046605995973836,0.2260074175402247
6.566408918034345,1.6298057010692641,5.945318854071315,6.875002149011612,1.6750021013278964,0.39585063242282104,0.2370498574945823
6.581835935020027,1.621218205394774,5.9555444575879966,6.92500214975667,1.6250021005828383,0.4458189290241994,0.1677332844065944
6.601533776754049,1.6138538610745208,5.963677699810971,6.92500214975667,1.6250021005828383,0.4411219463432561,0.17515443073993353
6.622690741551282,1.6069531717559222,5.971024033979914,6.92500214975667,1.6250021005828383,0.4354489748180738,0.1837846036402484
6.643411979235952,1.6003481968471878,5.979101996788535,6.975002150501728,1.6250021005828383,0.43332986972709303,0.1869247269465435
6.663878563612008,1.594030186388963,5.988213001349442,6.975002150501728,1.6250021005828383,0.42804108802377766,0.19458381944323322
6.684564645200721,1.5878275964594906,5.996232148608476,7.025002151246786,1.6250021005828383,0.42752594434090263,0.19531709615777393
6.705148778812426,1.581852884175147,6.005492547610857,7.025002151246786,1.6250021005828383,0.42201468502551676,0.20303226243385852
6.725448185168152,1.5761621200924427,6.014079748286509,7.025002151246786,1.6250021005828383,0.4153341498237744,0.21209394282152272
6.745528892743337,1.5707212334495075,6.023273328926101,7.0750021519918445,1.5750020998377803,0.46411452208951626,0.13561153830184702
6.767341267973965,1.5650119155390971,6.030126785548545,7.0750021519918445,1.5750020998377803,0.46085675434256035,0.14179728594475605
6.789799582356281,1.5592829866280393,6.036254045983372,7.1250021527369025,1.5750020998377803,0.4586533838488684,0.14584810367335033
6.812005558851268,1.5537552324001336,6.04265335377113,7.1250021527369025,1.5750020998377803,0.45466141262522125,0.1529454339656382
6.834165866447189,1.5483957564403674,6.049228069790169,7.175002153481961,1.5250020990927222,0.48650221605675154,0.08252621058581178
6.8565268793590315,1.5431534143284562,6.056230707813133,7.175002153481961,1.5250020990927222,0.48575321030418134,0.08480668673716996
6.879450002037767,1.5379123124919367,6.060140657119279,7.225002154227019,1.5250020990927222,0.48305149956938165,0.09258454176630226
6.903173739688981,1.5325803863317873,6.064294136261141,7.225002154227019,1.5250020990927222,0.48127906974685175,0.09736453112953414
6.9266695790558925,1.5274139100695123,6.068445414415689,7.275002154972077,1.4750020983476642,0.4978662900130659,0.03268602566538403
6.950804324221535,1.52218497086211,6.0705128955708965,7.275002154972077,1.4750020983476642,0.4976831861263219,0.034061721817515656
6.975183105666311,1.5169337105102052,6.071980332034316,7.275002154972077,1.4750020983476642,0.4973967779181637,0.036109232892565846
6.999311168432499,1.5117738534116167,6.073241101931636,7.325002155717135,1.4750020983476642,0.49526780285329186,0.04871964415266139
7.023328994488237,1.5066568888796859,6.07481511477407,7.325002155717135,1.4750020983476642,0.49463943555401046,0.051864436999712105
7.047569772743711,1.5015567225914364,6.077085003505455,7.375002156462193,1.425002097602606,0.4997221430996102,-0.011787883320622972
7.071930354705532,1.496474052861588,6.0772477801462,7.375002156462193,1.425002097602606,0.4996709864026977,-0.012827427471115205
7.096406623565678,1.4913546563938045,6.076705259920941,7.425002157207251,1.425002097602606,0.49997385291924556,0.003615766623273009
7.120878351827084,1.4862293715586148,6.076706775655359,7.425002157207251,1.425002097602606,0.49996949753699227,0.0039053222207758864
7.14535977801814,1.4811024631195515,6.076878029709378,7.475002157952309,1.375002096857548,0.4945087821659219,-0.05249498606564851
7.169645365252026,1.4760061500630375,6.075063360395393,7.475002157952309,1.375002096857548,0.49384179478977347,-0.05560425699863458
7.1938145778962985,1.4708718919961719,6.0726721771862175,7.525002158697367,1.375002096857548,0.4974675893951684,-0.03561389062463338
7.218064076248021,1.4656620354224632,6.070681376400993,7.525002158697367,1.375002096857548,0.49721782325730995,-0.037331980487341876
7.242278934252049,1.460414883646358,6.068746023746173,7.575002159442425,1.375002096857548,0.4993217583933109,-0.018419398997062575
7.266616065696951,1.4550968622432485,6.0677770220118745,7.575002159442425,1.375002096857548,0.4992517270858348,-0.019347435337452756
7.291017913947784,1.449748388809068,6.066901536955192,7.625002160187483,1.32500209611249,0.49013283125541934,-0.07047275092253458
7.315065914720872,1.4444374689125432,6.064274456543891,7.625002160187483,1.32500209611249,0.48903538901445603,-0.07431614216221027
7.338948843277357,1.439083986239643,6.061062345973201,7.625002160187483,1.32500209611249,0.48777094144340744,-0.07851806813167739
7.362784151907544,1.4336601708606445,6.057654800863427,7.675002160932541,1.32500209611249,0.4940537361672013,-0.054635140698456874
7.386776710589665,1.4281174785304493,6.05516068355466,7.675002160932541,1.32500209611249,0.4933689174495237,-0.057708841036775094
7.410877942199125,1.422498665219761,6.053105254139402,7.725002161677599,1.275002095367432,0.47864744040680174,-0.10407724618741776
7.434584862963817,1.4169215991770496,6.050392401927739,7.725002161677599,1.275002095367432,0.47600749140108295,-0.11042449207806249
7.4576346613391085,1.4113930095318974,6.045094173750911,7.725002161677599,1.275002095367432,0.4734413331562808,-0.11628349840800434
7.481800301299634,1.4046789324366848,6.038244778439401,7.775002162422657,1.275002095367432,0.4855124443435258,-0.0855273140027536
7.506697865330024,1.3973725815662874,6.031841707319232,7.825002163167715,1.2250020946223739,0.47087708322004557,-0.12187683465593802
7.530060553056732,1.391071778562857,6.026222201058421,7.825002163167715,1.2250020946223739,0.4683183095130893,-0.12723235228116003
7.552701283316676,1.3850576142610507,6.020752414434309,7.825002163167715,1.2250020946223739,0.46510760021720565,-0.13367499102678804
7.575268249162973,1.378927007174715,6.014806610446156,7.875002163912773,1.2250020946223739,0.47921781068250685,-0.10265757006866905
7.598054311732617,1.3725925922645335,6.009657735478241,7.875002163912773,1.2250020946223739,0.47718590102895986,-0.10763460438725858
7.62095911032473,1.3661024228492096,6.0043324791638755,7.9250021646578315,1.1750020938773158,0.461704650335294,-0.14021082124464723
7.643261277120715,1.3596377507578445,5.998333776413597,7.9250021646578315,1.1750020938773158,0.45825473906464237,-0.14657040266761412
7.665274151202577,1.3531199324289016,5.991933487314141,7.9250021646578315,1.1750020938773158,0.454222985769851,-0.15370740988696108
7.687092498626862,1.346503653302202,5.98526273546469,7.9750021654028895,1.1750020938773158,0.4721691512323493,-0.11908878056754224
7.7094638147747645,1.3395632022557393,5.979746865350193,7.9750021654028895,1.1750020938773158,0.4693864699141839,-0.12502222420078912
7.731990745738735,1.3324484461749773,5.974128598777083,8.025002166147948,1.1250020931322577,0.4550266131315475,-0.15230819160324083
7.75400797620766,1.325343075559175,5.9667949054291745,8.025002166147948,1.1250020931322577,0.45127194721637925,-0.1587535306312331
7.7756750801653105,1.3181500799446422,5.959272533831245,8.025002166147948,1.1250020931322577,0.44686299573736316,-0.1660459828408155
7.796969952514954,1.3109138736665855,5.952646743753473,8.075002166893006,1.1250020931322577,0.46759613645508186,-0.12870696914555413
7.818620437229573,1.3033929417772931,5.945591190296478,8.075002166893006,1.1250020931322577,0.46476938318025657,-0.13433735280901993
7.840729701027236,1.2955684293438612,5.940307558638878,8.075002166893006,1.1250020931322577,0.460614288170407,-0.14224805749568215
7.862447675587035,1.28775059094737,5.934080242703528,8.075002166893006,1.1250020931322577,0.45576437767065775,-0.15101371019706555
7.883921026437664,1.279859608742953,5.927524923248072,8.075002166893006,1.1250020931322577,0.44976196451769795,-0.16128275360523314
7.9050949437061515,1.2719162002728304,5.920455136520856,8.075002166893006,1.1250020931322577,0.44228462340658825,-0.1733421529553535
7.924887703857777,1.2648675924595754,5.9125380299012935,8.075002166893006,1.1250020931322577,0.43296077002385,-0.18746732728272986
7.943740783257648,1.2581937228298337,5.904328340653301,8.075002166893006,1.1250020931322577,0.42129971231997826,-0.20401659940798156
7.963065381594671,1.2505749323849695,5.895541708118343,8.075002166893006,1.1250020931322577,0.40646109809751757,-0.2237042525969425
7.982175452722647,1.2426629478285793,5.886645186291864,8.075002166893006,1.1250020931322577,0.38693991472389805,-0.24787694706153907
8.000900439857658,1.234742601342516,5.879149422514212,8.075002166893006,1.1250020931322577,0.36012801730103605,-0.2788376149851787
8.01778607353091,1.2274208662758852,5.867295232307714,8.075002166893006,1.1250020931322577,0.32964152587615253,-0.31196761589010524
8.033063991687602,1.2205471736335252,5.853812830706639,8.075002166893006,1.1250020931322577,0.29438914783697,-0.3486484668615941
