3.190248231363631,2.7126063739019965,-5.7871724261204,3.1250020931322573,2.6250021154839995,3.0226216029797614e-07,-1.3123087800872046
3.1902939284479697,2.7125687504426246,-5.819193084533508,3.0750020923871992,2.6250021154839995,1.8002466833215773e-08,-1.3516414066996116
3.190123679518578,2.7125501690110596,-5.87568762077803,3.025002091642141,2.5750021147389415,5.854322162607487e-08,-1.336659045319562
3.1898959634296347,2.712444338638715,-5.932444795837914,2.975002090897083,2.5250021139938834,1.432618838545565e-07,-1.3239394275572984
3.190123294688312,2.712516364767229,-5.990508539652203,2.925002090152025,2.4750021132488254,3.1298809857527247e-07,-1.3117410110641448
3.190348405784688,2.7125793122667083,-6.048044623099652,2.925002090152025,2.4750021132488254,5.775090254533711e-07,-1.3013838152855037
3.1912107964252234,2.7123297500703565,-6.106171442307524,2.925002090152025,2.4750021132488254,1.038143268696604e-06,-1.2907434031516027
3.1924580238011977,2.711973601688113,-6.164691305034501,2.925002090152025,2.4750021132488254,1.8328834449952526e-06,-1.2796879168209268
3.1930694493116514,2.7118796646542016,-6.221951850971451,2.925002090152025,2.4750021132488254,3.2116361074703088e-06,-1.2679947249966719
3.1933996635873036,2.7118903635536675,-6.2776295080991895,2.925002090152025,2.4750021132488254,5.5124101768853845e-06,-1.2559241449289276
3.1935744071302823,2.711885036922917,6.233809991534386,2.925002090152025,2.4750021132488254,9.303770877502693e-06,-1.2433993258801628
3.1937794865798823,2.711869609485831,6.1793065620032275,2.925002090152025,2.4750021132488254,1.5444324718832982e-05,-1.2304185207144331
3.1939887778295875,2.711838633583275,6.1253738381723375,2.925002090152025,2.4750021132488254,2.519977055164293e-05,-1.2170053853888507
3.194189763785361,2.711798826948952,6.0720142537219335,2.925002090152025,2.4750021132488254,4.044319142506938e-05,-1.2031515667258994
3.194389063362336,2.7117478761827503,6.019252065303493,2.925002090152025,2.4750021132488254,6.384389852614823e-05,-1.1888694382241733
3.194583647984552,2.711687340280717,5.967102209209133,2.925002090152025,2.4750021132488254,9.916636269549799e-05,-1.1741641526908406
3.19477381790482,2.711617451816309,5.915580938734521,2.925002090152025,2.4750021132488254,0.00015159675563624513,-1.1590454098057485
3.194960213995593,2.71153816120888,5.864706270830659,2.925002090152025,2.4750021132488254,0.00022813862816661076,-1.1435258150326337
3.1968764119064117,2.712462155459985,5.814676742759249,2.925002090152025,2.4750021132488254,0.000334825085631002,-1.128021515251413
3.1994661297449136,2.7137700873955897,5.7653948176680325,2.925002090152025,2.4750021132488254,0.00048255770099628407,-1.1123301123275011
3.200323983105016,2.7140529891011322,5.71662378326217,2.925002090152025,2.4750021132488254,0.0006918723024230766,-1.095901851595339
3.200505156069548,2.7139318794853278,5.668428140311636,2.925002090152025,2.4750021132488254,0.0009815753692206366,-1.078959515764932
3.200703049841393,2.713811294214926,5.620923549020604,2.925002090152025,2.4750021132488254,0.0013730140545258971,-1.0616963248955291
3.2008829248043575,2.7136833189997684,5.5738344268274655,2.925002090152025,2.4750021132488254,0.0018985245200213205,-1.0440045286806656
3.2011099917404584,2.713474830194466,5.527744794688986,2.925002090152025,2.4750021132488254,0.0025808652693936496,-1.0262300776194957
3.20133490162351,2.7132534176415994,5.482824521826041,2.925002090152025,2.4750021132488254,0.003452896504649345,-1.008387044908741
3.201546527589514,2.7130244699441164,5.438590966996445,2.925002090152025,2.4750021132488254,0.00456415483013074,-0.9902948148722004
3.201796623203723,2.712728785646938,5.39510786751168,2.925002090152025,2.4750021132488254,0.005952508150956516,-0.972093799353052
3.2020699291778865,2.712373813849309,5.352418704090906,2.925002090152025,2.4750021132488254,0.007663230396577241,-0.9538139489524983
3.2023740810100962,2.711943502659649,5.310525644823568,2.925002090152025,2.4750021132488254,0.00974041766569231,-0.935507953854379
3.202713286183002,2.711419121028433,5.269432355193554,2.925002090152025,2.4750021132488254,0.012226003906648995,-0.9172315985332555
3.2030904831872737,2.7107817597145374,5.229135967115492,2.925002090152025,2.4750021132488254,0.015158206234339137,-0.8990391226061105
3.203508305502634,2.7100079637956593,5.189631939475259,2.925002090152025,2.4750021132488254,0.01856818420410288,-0.8809903027740796
3.2039672856719967,2.7090732187239865,5.150913501087216,2.925002090152025,2.4750021132488254,0.02247835259386666,-0.8631451818955475
3.2046557269936926,2.705777578112567,5.11437826306652,2.925002090152025,2.4750021132488254,0.026040283988052353,-0.848806275921872
3.2054723210784912,2.701481525015698,5.079043114619961,2.925002090152025,2.4750021132488254,0.02952327356595814,-0.836124339579989
3.2060967430535703,2.699166078092887,5.042870819955081,2.925002090152025,2.4750021132488254,0.034284871044499086,-0.8204486826820305
3.2066470672717653,2.6974527741096033,5.006819627177832,2.925002090152025,2.4750021132488254,0.03991697194298413,-0.803822464227451
3.2072114473260003,2.6954566557332242,4.971497037980411,2.925002090152025,2.4750021132488254,0.0459923501504641,-0.7876704985180805
3.207779080080816,2.693151634981117,4.936894606785016,2.925002090152025,2.4750021132488254,0.05245901788061768,-0.7720530171536238
3.2083340500364157,2.6905207102598077,4.902974360985739,2.925002090152025,2.4750021132488254,0.059264946068620435,-0.7569993561338946
3.2088399974138646,2.6875969424660457,4.86989512504072,2.925002090152025,2.4750021132488254,0.06633485110157417,-0.7425668581746677
3.209274558957466,2.6845132989232745,4.838311294664791,2.925002090152025,2.4750021132488254,0.07349067043629658,-0.7289794934310451
3.209659464741131,2.6809486261304265,4.806343301270142,2.925002090152025,2.4750021132488254,0.08099537502126711,-0.7156429091052163
3.2099844005776967,2.6767980510406044,4.774883911986167,2.925002090152025,2.4750021132488254,0.08840185114356156,-0.7032511292116793
3.2101905991119857,2.672317922238138,4.744095038327977,2.925002090152025,2.4750021132488254,0.09578189113615741,-0.6915514091590912
3.210262259309692,2.6676079569541677,4.713247680121963,2.925002090152025,2.4750021132488254,0.10344113922938608,-0.6799979426800996
3.2101853461212047,2.6624630768733333,4.683124703634284,2.925002090152025,2.4750021132488254,0.11080951971610722,-0.669375996435581
3.209938660435049,2.6568673818959923,4.653825809057519,2.925002090152025,2.4750021132488254,0.11771157135811042,-0.6598122577406
3.2095086406915385,2.6509114566942547,4.625043432097083,2.925002090152025,2.4750021132488254,0.1242686594363656,-0.6510351228992097
3.2088798385193327,2.6446865609716514,4.596456293795921,2.925002090152025,2.4750021132488254,0.13065602968195644,-0.642746006609022
3.208042278539496,2.6382496573046783,4.567868326490538,2.925002090152025,2.4750021132488254,0.13698099753819626,-0.6347684494691771
3.20698651361368,2.6316300243562996,4.539188730105869,2.925002090152025,2.4750021132488254,0.14328245518046392,-0.6270290224953056
3.205699521693515,2.624834203693995,4.510425061482976,2.925002090152025,2.4750021132488254,0.14952645853530583,-0.6195484637050483
3.204173635080469,2.617880687504348,4.481575793086285,2.925002090152025,2.4750021132488254,0.1556945182005329,-0.6123283510378283
3.2023950593237167,2.6107815030999557,4.452964888525434,2.925002090152025,2.4750021132488254,0.16158259509544987,-0.605581300066001
3.200003651540782,2.605032459995291,4.426944785774417,2.925002090152025,2.4750021132488254,0.16859783708362344,-0.5977139090015442
3.197305896688576,2.5998381224985323,4.40443959392464,2.875002089406967,2.4250021125037673,0.21661911626119335,-0.5478435362830439
3.1943741051039565,2.5920020767137633,4.375368330214181,2.875002089406967,2.4250021125037673,0.2259120961849146,-0.5388270081347595
3.1908971513366025,2.5825384717929456,4.3464829904960895,2.875002089406967,2.4250021125037673,0.2325505472280472,-0.5324856712396875
3.1866275041489978,2.571823827996436,4.322582974060405,2.875002089406967,2.4250021125037673,0.23365332064303354,-0.5314398337684063
3.1819867326742894,2.5608979534418186,4.29963126834736,2.875002089406967,2.4250021125037673,0.2332385216759112,-0.5318329697378256
3.177158529048959,2.550208706956843,4.276298035206286,2.875002089406967,2.4250021125037673,0.23283892676061405,-0.5322119771051153
3.1720745252214284,2.5396195135240625,4.253014067639231,2.875002089406967,2.4250021125037673,0.23192172204681794,-0.5330829771453789
3.166767434526447,2.529191950204442,4.229662022335299,2.875002089406967,2.4250021125037673,0.23062328964900983,-0.5343185256307399
3.16124837807265,2.518946955440194,4.206262018938974,2.875002089406967,2.4250021125037673,0.22893070647202202,-0.5359336401088284
3.1555282228324693,2.508899810042971,4.182791549818116,2.825002088661909,2.4250021125037673,0.19925660985348176,-0.5651796200592485
3.1499364420443037,2.4996018756624565,4.156379006230673,2.825002088661909,2.4250021125037673,0.2014783004601436,-0.5629225274479334
3.1441465244545146,2.490572678994372,4.129206597288223,2.825002088661909,2.4250021125037673,0.20411920247599882,-0.5602550086070901
3.138389353722319,2.4820781102704217,4.104835013399899,2.825002088661909,2.4250021125037673,0.20532988318968537,-0.5590376210391246
3.132384111343778,2.473661239750381,4.080310763734229,2.825002088661909,2.4250021125037673,0.20621325281805472,-0.5581515012746958
3.1261281165610173,2.4653424977558593,4.05590282525204,2.825002088661909,2.4250021125037673,0.20658818790902633,-0.5577759408375712
3.119666980646202,2.4571663004962616,4.031501517017071,2.775002087916851,2.4250021125037673,0.19658883541864472,-0.5679060434733278
3.11324872485016,2.4494394835051896,4.006751728625673,2.775002087916851,2.4250021125037673,0.19899194948459403,-0.5654493048415437
3.106668347054411,2.4419063767088254,3.981977461367971,2.775002087916851,2.4250021125037673,0.20125694591034016,-0.5631468705119247
3.099803087907871,2.434426594699243,3.9573028317169565,2.775002087916851,2.4250021125037673,0.2030149880770683,-0.5613683358720055
3.0927001571249804,2.427060063799942,3.9327098567072434,2.775002087916851,2.4250021125037673,0.20433519053333038,-0.5600375734184492
3.085368239466871,2.4198201581823326,3.9081787378509496,2.775002087916851,2.4250021125037673,0.20520771905330643,-0.5591603072936102
3.077829015226148,2.412732340912978,3.8837177665860225,2.775002087916851,2.4250021125037673,0.2056325725818655,-0.5587337867259091
3.070142571503758,2.405856689822164,3.8595306709249413,2.725002087171793,2.4250021125037673,0.21164954062113384,-0.5527370560839382
3.0622854730517117,2.399147814937919,3.8364206276125943,2.725002087171793,2.4250021125037673,0.21297429753175764,-0.5514274602911555
3.0538806728139534,2.3923163562388883,3.8119219012664853,2.725002087171793,2.4250021125037673,0.21425355517866407,-0.550166399918754
3.042348880322291,2.3837329569935104,3.7873820493534,2.725002087171793,2.4250021125037673,0.2105020709845474,-0.5538744626236558
3.0295961396794118,2.374662814409719,3.762462253558339,2.725002087171793,2.4250021125037673,0.2043246845992123,-0.5600481472156457
3.0199111831116747,2.3679573721600295,3.737819275083694,2.725002087171793,2.4250021125037673,0.2026342096584845,-0.5617529258774252
3.011370212430924,2.3623135882694672,3.7132349788403314,2.6750020864267348,2.4250021125037673,0.22325597160614005,-0.5413869744408477
3.002040669442027,2.356472161025396,3.6892907146603946,2.6750020864267348,2.4250021125037673,0.22436519879214784,-0.5403162799018967
2.992241594616102,2.3506526798895617,3.66577567009573,2.6750020864267348,2.4250021125037673,0.2242734377850062,-0.5404047644165261
2.98242232906051,2.345127202267717,3.6420173173695876,2.6750020864267348,2.4250021125037673,0.22411430080446348,-0.5405582570175208
2.9724397966005576,2.3398180843686394,3.6183763297704763,2.6750020864267348,2.4250021125037673,0.2233820290690468,-0.5412651776590383
2.9622960482060314,2.334728884071154,3.5946135789229974,2.6750020864267348,2.4250021125037673,0.22219499709220145,-0.5424133001286796
2.952076228352496,2.329910464427254,3.570441649125841,2.6250020856816767,2.4250021125037673,0.2541205299354248,-0.5123854200893354
2.9414219955882537,2.3251956150995934,3.545223744589572,2.6250020856816767,2.4250021125037673,0.2560093821130528,-0.5106583602381521
2.930286650948865,2.3205802418229204,3.519029210280361,2.6250020856816767,2.4250021125037673,0.25758654713581164,-0.5092200262318098
2.9191183169837966,2.3163422552363677,3.49249282325569,2.6250020856816767,2.4250021125037673,0.2592043010346855,-0.5077481469393257
2.907344744747279,2.3122059954916274,3.4680047527198044,2.6250020856816767,2.4250021125037673,0.25796646469949003,-0.5088740526163325
2.894744364649128,2.308093654395833,3.446697990929507,2.5750020849366186,2.3750021117587092,0.41490457111878004,-0.375394161653142
2.879568125672307,2.30351829114535,3.418272497058044,2.5750020849366186,2.3750021117587092,0.41844596375816323,-0.3724596023774373
2.8610495133604754,2.2985311236075514,3.394486530453904,2.5250020841915606,2.325002111013651,0.561881894161393,-0.24637520481415864
2.8365697073135046,2.2924223233924117,3.381331639913038,2.5250020841915606,2.325002111013651,0.5525300806534644,-0.2554328392891615
2.810592054906964,2.286197331355,3.3752293206989687,2.4750020834465025,2.275002110268593,0.6460318439919294,-0.14971674450474393
2.7809481946447843,2.2792458383039964,3.3682089909769513,2.4750020834465025,2.275002110268593,0.6394179315432946,-0.1589606853468813
2.7495692111157926,2.2721351541574784,3.361270959359205,2.4250020827014445,2.225002109523535,0.6920716099191404,-0.056574310675306105
2.7168699143065638,2.2649549932960493,3.3553768477621344,2.4250020827014445,2.175002108778477,0.6899163990513182,0.06384341425699203
2.68380947487454,2.25780411218064,3.354426272060865,2.4250020827014445,2.125002108033419,0.6106740649168617,0.19484039800924702
2.6514689052718445,2.250819300104819,3.3552056591316557,2.4250020827014445,2.075002107288361,0.46979015287152015,0.3294481338463694
2.6212411632867703,2.2448327590679362,3.35369005874791,2.4250020827014445,2.025002106543303,0.31653338486725197,0.45742833046958953
2.5989479041149703,2.2404709773808804,3.3825671259351044,2.4250020827014445,1.9750021057982448,0.22741233728152366,0.5373869199458643
2.586000154612414,2.237289584118395,3.40825668603021,2.4250020827014445,1.9750021057982448,0.22480240349415462,0.5398949053508103
2.575409378268054,2.2342741363623073,3.431927742913704,2.4250020827014445,1.9250021050531867,0.1777779695059702,0.5876761764407619
2.565984626188877,2.2313266817930764,3.459134896834875,2.4250020827014445,1.9250021050531867,0.18126895028059328,0.5839299981717533
2.557174790890656,2.2283630749337178,3.4866349110854022,2.4250020827014445,1.9250021050531867,0.185505863944452,0.5794325580440612
2.5484290305152406,2.2250810718632223,3.5128376270027752,2.4250020827014445,1.9250021050531867,0.18886898170221816,0.57589948340257
2.5397958416769324,2.2215922248411637,3.5380195620740964,2.4250020827014445,1.9250021050531867,0.19147754118444554,0.5731807144203745
2.5311333081183136,2.217836078919463,3.5631527468659776,2.4250020827014445,1.9250021050531867,0.1936728403766603,0.5709068652849273
2.522451316442945,2.2138064658670498,3.588134653870398,2.4250020827014445,1.9250021050531867,0.19535712000086558,0.5691709122254379
2.5137961659281913,2.20952773637206,3.613051210112152,2.4250020827014445,1.8750021043081286,0.17075977991461583,0.5953246659620656
2.506073700335344,2.205468700293439,3.6388588189671305,2.4250020827014445,1.8750021043081286,0.17476582552755293,0.5909391729147219
2.4986175158471244,2.2012927208651334,3.664769181152916,2.4250020827014445,1.8750021043081286,0.1790109647509544,0.5863487597599474
2.491018114423831,2.196780630743289,3.690494674549835,2.4250020827014445,1.8750021043081286,0.18268824358184466,0.5824175348520935
2.483401354848665,2.191988573191619,3.7160299168612556,2.4250020827014445,1.8750021043081286,0.1859238171843177,0.5789917398787082
2.4757664585555563,2.186909927167271,3.7414164331857833,2.4250020827014445,1.8750021043081286,0.18868328236648277,0.5760937399496301
2.4681452960829446,2.18155745711549,3.766650382128441,2.4250020827014445,1.8750021043081286,0.19095957450008605,0.5737190922247839
2.460614819040437,2.175979417415668,3.7915247035946438,2.4250020827014445,1.8750021043081286,0.19270855035615747,0.5719040826199487
2.453320447343117,2.170296844400511,3.8153806391021257,2.4250020827014445,1.8250021035630706,0.1853128875043666,0.5796362608247916
2.446140921938518,2.164414204967386,3.8408402181588523,2.4250020827014445,1.8250021035630706,0.18885713230627085,0.5759118759782617
2.4391200997435956,2.1583487900536955,3.865950792660775,2.4250020827014445,1.8250021035630706,0.19207596027210794,0.5725596117227726
2.432100076661399,2.1519794221976483,3.891028478490999,2.4250020827014445,1.8250021035630706,0.1948404256489749,0.5697026751193569
2.4251397332738946,2.1453353690121872,3.9159738455019264,2.4250020827014445,1.8250021035630706,0.19713617692270985,0.5673452105642618
2.4182614427548152,2.1384365416526645,3.9408179220322888,2.4250020827014445,1.8250021035630706,0.1989690389307755,0.5654726584921439
2.4114872383764894,2.13129794400621,3.965581708443366,2.4250020827014445,1.8250021035630706,0.20034238925490133,0.5640750336129091
2.404841376052458,2.1239396203129086,3.9902883869535746,2.4250020827014445,1.7750021028180125,0.20744392822826546,0.5569199739172614
2.3981914677342857,2.116202142772739,4.014740397155993,2.4250020827014445,1.7750021028180125,0.2098781206992038,0.5544941498131862
2.391603448534159,2.108149841534317,4.039059154395562,2.4250020827014445,1.7750021028180125,0.21171823718345884,0.5526690527627959
2.384394306211856,2.0998060450999088,4.062271814494137,2.4250020827014445,1.7750021028180125,0.21090286636817723,0.5534768560173776
2.3770777121878925,2.091302295108603,4.085150791879615,2.4250020827014445,1.7750021028180125,0.20887290405054043,0.5554943070649714
2.3708104565346098,2.0828418997143086,4.108871344702905,2.4250020827014445,1.7750021028180125,0.20876848320825084,0.5555983310941965
2.3650623553469874,2.074280362782595,4.133094919787706,2.4250020827014445,1.7750021028180125,0.2092955770480062,0.5550734883470195
2.359489296269258,2.0655254950358355,4.157348788377247,2.4250020827014445,1.7250021020729545,0.2306065964155224,0.5343344298198766
2.3537292679487614,2.0559744139543543,4.181064984495262,2.4250020827014445,1.7250021020729545,0.23176129030797263,0.5332354782159876
2.347957021606298,2.0458777887068837,4.204001971584406,2.4250020827014445,1.7250021020729545,0.23134375386264883,0.5336325865543098
2.3425056426885362,2.0358206002391555,4.227510710364888,2.4250020827014445,1.7250021020729545,0.2311520055718509,0.5338150564480585
2.337307415791882,2.025666978936206,4.251123266111659,2.4250020827014445,1.7250021020729545,0.23063704773741595,0.5343054182224884
2.332286808186458,2.0152648605706105,4.27414992405375,2.4250020827014445,1.7250021020729545,0.22902333003986636,0.5358451227046247
2.3274661425183645,2.004700887645182,4.296684254270738,2.4250020827014445,1.6750021013278964,0.2602703902793129,0.5067800808858623
2.322724859571995,1.993610150551289,4.321144527106419,2.4250020827014445,1.6750021013278964,0.26134707199355345,0.5058039024342523
2.318044536916231,1.9818363071423217,4.345386748114313,2.4250020827014445,1.6750021013278964,0.2609440935780312,0.50616908852649
2.3134694888957767,1.969575856428106,4.36615294888728,2.4250020827014445,1.6750021013278964,0.25673463962542714,0.50999652551887
2.3092673943407327,1.9575113794358732,4.3888489751413395,2.4250020827014445,1.6750021013278964,0.2537094163912652,0.5127619742653631
2.3053997177145327,1.9455055306120848,4.411157352801824,2.4250020827014445,1.6250021005828383,0.29415490804489797,0.476700765415215
2.3013729440525115,1.9320358024613995,4.432755149638895,2.4250020827014445,1.6250021005828383,0.2910391925175444,0.47941695557070596
2.2975022187719656,1.9179673155030539,4.4536484089737165,2.4250020827014445,1.6250021005828383,0.2858198483286397,0.4839874060527929
2.2939994019048964,1.9041649601591448,4.474799294170052,2.4250020827014445,1.6250021005828383,0.2803883355130182,0.4887722271370154
2.290845552080965,1.890519104992931,4.496166580262443,2.4250020827014445,1.5750020998377803,0.32590048752903117,0.44946740988040945
2.2876473483831408,1.8752128308034663,4.516187005233965,2.4250020827014445,1.5750020998377803,0.3202443835766654,0.45426781029859487
2.284636933665018,1.8592421020766512,4.5367336173993795,2.4250020827014445,1.5750020998377803,0.3130228345959242,0.460426632409881
2.282035406831527,1.84371628332101,4.557320204751961,2.4250020827014445,1.5750020998377803,0.30538108402514186,0.46698390612397
2.2798061556628806,1.828358359461399,4.578736720029973,2.4250020827014445,1.5250020990927222,0.35714508877763096,0.4232433443459075
2.277712039454478,1.8114921198967853,4.597123528890158,2.4250020827014445,1.5250020990927222,0.3488140914392492,0.4301949532069008
2.2758518784073427,1.7939914473118517,4.615781036895101,2.4250020827014445,1.5250020990927222,0.33836827054823176,0.4389495862330839
2.274378780348023,1.7771551597774948,4.635027919648209,2.4250020827014445,1.4750020983476642,0.3908387545557478,0.3953032248361862
2.2731099286655994,1.7585257475309621,4.65331380578663,2.4250020827014445,1.4750020983476642,0.3814981937627404,0.4030307808781106
2.2712844546224993,1.7404556636562543,4.6680950223696795,2.4250020827014445,1.4750020983476642,0.3661839545221236,0.41572571384486556
2.2693592317618165,1.723150675154793,4.679698298940874,2.4250020827014445,1.425002097602606,0.41284989113786125,0.3770958400056744
2.2685568848263333,1.704588290263466,4.698024103396251,2.4250020827014445,1.425002097602606,0.4037686208165621,0.3846108782595068
2.2684228744402084,1.684892695556245,4.711645727629151,2.4250020827014445,1.425002097602606,0.3881587848415127,0.3975197282304491
2.2685519482979863,1.6653175378665086,4.729520201489238,2.3750020819563864,1.375002096857548,0.559780409986315,0.24842821356510547
2.26916316425468,1.641803292647186,4.744201365895791,2.3750020819563864,1.32500209611249,0.5912065529292393,0.21644052328753338
2.270245993147249,1.6131359742647238,4.754245630839034,2.3750020819563864,1.32500209611249,0.5798458256514069,0.22835111931786556
2.2716286904025154,1.583823566329242,4.7642586208674995,2.3750020819563864,1.275002095367432,0.6042840557871234,0.20211972042404447
2.273281932997989,1.554351504120115,4.773005059787127,2.3750020819563864,1.2250020946223739,0.6244642418703275,0.17835848953877398
2.2752195698133217,1.5240642370496094,4.779002475704061,2.3750020819563864,1.2250020946223739,0.6143705142053619,0.19053273517592262
2.2773312595829545,1.4938429342803126,4.78659111369529,2.3750020819563864,1.1750020938773158,0.6336997773390732,0.1665993824455887
2.2797811248386814,1.4625573123574078,4.79421318265612,2.3750020819563864,1.1750020938773158,0.6250546953074742,0.1776257914749212
2.2824482663659307,1.431285963551515,4.801947711294649,2.3750020819563864,1.1250020931322577,0.6441490496606009,0.15239716207910858
2.285427437351837,1.3994965020182821,4.808834151845865,2.3750020819563864,1.0750020923871997,0.6593784547434197,0.1293463061111053
2.2886889496395817,1.3667896330651388,4.814752391691944,2.3750020819563864,1.0750020923871997,0.6535703837262596,0.13853648814207054
2.2921669398762052,1.3340057165668586,4.821053165613699,2.3750020819563864,1.0250020916421416,0.6678806491201706,0.11471274058772851
2.2958362871157316,1.3011340457305298,4.826131316358332,2.3750020819563864,0.9750020908970836,0.6786686013942329,0.09317487303636829
2.299747825657617,1.2674808355756184,4.830226746172125,2.3750020819563864,0.9750020908970836,0.675308384800873,0.10034833084116879
2.301724948244452,1.2350753705139788,4.8360161441212,2.3750020819563864,0.9250020901520255,0.6837299775969913,0.08124832271760374
2.3032201929732423,1.2029354844882398,4.8416607119769886,2.3750020819563864,0.8750020894069674,0.6896692646771083,0.06462584324170151
2.306965309072977,1.1692470568004882,4.845145108877905,2.3750020819563864,0.8750020894069674,0.6876150467427031,0.07080384710766496
2.3115694387349883,1.1351153032204344,4.847518176004764,2.3750020819563864,0.8250020886619094,0.6938113241647944,0.04995729455659459
2.316281587957695,1.1007671865044522,4.84968543109528,2.3750020819563864,0.7750020879168513,0.6976456750334036,0.030777629864266465
2.3210782240687315,1.0662468855177902,4.851241706043849,2.3750020819563864,0.7250020871717933,0.6995529520723007,0.013403928002924448
2.3259326569317444,1.0316095343581004,4.852003185030848,2.3750020819563864,0.7250020871717933,0.6994905226273337,0.01430953652169642
2.3308112787118933,0.9969437209063301,4.852672173814807,2.3750020819563864,0.6750020864267352,0.6999790082834172,-0.0029041827127073705
2.335717573679677,0.9622643382249798,4.852694282888869,2.3750020819563864,0.6250020856816771,0.6991705876570303,-0.018259536503521523
2.3406061649314047,0.9276022038243195,4.8518150101368756,2.3750020819563864,0.6250020856816771,0.6990364228766834,-0.019681813037800255
2.3454488896252723,0.8929916658397623,4.851061012785983,2.3750020819563864,0.5750020849366191,0.6970437798518879,-0.03449438390804954
2.350249837256305,0.8584236512305434,4.849697897769736,2.3750020819563864,0.525002084191561,0.6944289774895407,-0.047390044617356186
2.351644077651949,0.8260541447343872,4.8465613356895885,2.3750020819563864,0.525002084191561,0.6955073500342144,-0.042543258404550754
2.3515837773592594,0.7945656998378876,4.842674074285515,2.3750020819563864,0.47500208344650297,0.6954449187531975,-0.042838635984496165
2.3547561170134905,0.7609021522915729,4.840286265210769,2.3750020819563864,0.4250020827014449,0.6936134005679929,-0.0507528755124812
2.3591510738946493,0.7264802006587434,4.838193207379569,2.3750020819563864,0.4250020827014449,0.6925233091701839,-0.05493164020808
2.3634563371495148,0.6920915677574886,4.8358530680618195,2.3750020819563864,0.37500208195638685,0.6894667513672744,-0.0652601803683025
2.3676625795315953,0.6578060009605657,4.8331083436278055,2.3750020819563864,0.3250020812113288,0.6865019272133351,-0.07394207314560663
2.3717529571305285,0.623639772043898,4.8300359166993925,2.3750020819563864,0.2750020804662707,0.6837624391250727,-0.08116643071728497
2.3757298189777227,0.589561074832675,4.826723227200506,2.3750020819563864,0.2750020804662707,0.6812074846610037,-0.08738675378767619
2.3795608387903524,0.5556499905627454,4.822678724049827,2.3750020819563864,0.22500207972121267,0.6787755550408819,-0.0929379610334286
2.3832315623881524,0.5218765032041865,4.818756934421604,2.3750020819563864,0.1750020789761546,0.6767043490511736,-0.09742876934149902
2.3867584577608447,0.48816796814172037,4.814549139234832,2.3750020819563864,0.1750020789761546,0.673210246533717,-0.10459220559995341
2.3901240513471578,0.4545949717870119,4.810041676746273,2.3750020819563864,0.12500207823109655,0.6717559414998283,-0.10744165832474079
2.3941914527114267,0.4204118989892631,4.806756290376531,2.3750020819563864,0.07500207748603849,0.6692521669195094,-0.11218932365881701
2.3984465148974934,0.38616196236860745,4.803452911153598,2.3750020819563864,0.07500207748603849,0.6623478139491223,-0.1244138650235474
2.401797414132398,0.3528209287761257,4.798759433102935,2.3750020819563864,0.025002076740980428,0.6616132231759688,-0.1256503937979927
2.404563445703774,0.319822036643,4.793278280997166,2.3750020819563864,-0.024997924004077632,0.6622848354270688,-0.12452031232331129
2.4071509753643774,0.2867687904149463,4.787829520982576,2.3750020819563864,-0.024997924004077632,0.6569269737564911,-0.1332943073610739
2.4095432214352517,0.2538928975485515,4.7820646700947576,2.3750020819563864,-0.07499792474913569,0.6587267125612695,-0.13040636822463142
2.4117312623774563,0.2211480126299783,4.776083836539338,2.3750020819563864,-0.12499792549419375,0.6609525365705015,-0.12675318216930825
2.413736814684597,0.18826637541000935,4.770561175088444,2.3750020819563864,-0.12499792549419375,0.6555116012785196,-0.13552676470639574
2.4155540983462025,0.1554336603770352,4.764689819289047,2.3750020819563864,-0.1749979262392518,0.6586810460009166,-0.13048035488952942
2.417178185692661,0.12254948175035985,4.7589498174013745,2.3750020819563864,-0.1749979262392518,0.6525360097046239,-0.14011679181156744
2.4186079480593783,0.08982403244200299,4.7528926864581935,2.3750020819563864,-0.22499792698430987,0.65695421021452,-0.13325102037622666
2.4198380805777457,0.05704989597538557,4.747049299816248,2.3750020819563864,-0.27499792772936793,0.6611900184553532,-0.12635779046245937
2.42089018911644,0.024169271111514234,4.741636107092993,2.3750020819563864,-0.27499792772936793,0.6553924792645612,-0.13571316116581073
2.421752331990053,-0.008616589346742032,4.7356887666976695,2.3750020819563864,-0.324997928474426,0.6606854247232551,-0.1271965780032177
2.4224252577935097,-0.04160916395002623,4.730071237452246,2.3750020819563864,-0.37499792921948405,0.6654948618793002,-0.11898465868301894
2.422927652083809,-0.07487730926275482,4.7247856573692655,2.3750020819563864,-0.37499792921948405,0.6603506458278374,-0.12775033538024283
2.424285294343427,-0.1066498277463861,4.7204411402241915,2.4250020827014445,-0.4249979299645421,0.699952896215121,-0.004350420498206442
2.4260313723408036,-0.1387122740284905,4.722270860519736,2.4250020827014445,-0.47499793070960017,0.6997655229241695,-0.009706837327258633
2.4268684590071903,-0.17290907371114628,4.726322842977566,2.4250020827014445,-0.47499793070960017,0.6994339383018905,-0.015083506695826587
2.4273690093594755,-0.20787614416533273,4.725265907110182,2.4750020834465025,-0.5249979314546582,0.6745005158920185,0.10200199324501813
2.4278310263342853,-0.24187373843482796,4.72871813020943,2.4750020834465025,-0.5749979321997163,0.6786873911942644,0.09313329331552622
2.4284652072405866,-0.2757147965389919,4.73288377748237,2.4750020834465025,-0.5749979321997163,0.6753928580879649,0.10017393852305478
2.4292294896347926,-0.3095906216130029,4.737154533804764,2.5250020841915606,-0.6249979329447743,0.6050091252678249,0.20130380459768238
2.4300832054846975,-0.34296269957878067,4.739777419103591,2.5250020841915606,-0.6749979336898324,0.6170950264582526,0.18730852705693424
2.431069165556721,-0.3742346031371948,4.750850919398182,2.5250020841915606,-0.6749979336898324,0.608757210931201,0.1970455128857035
2.4324156226971496,-0.4045984108853453,4.758668449394251,2.5750020849366186,-0.7249979344348905,0.5304205687080041,0.27613899182826207
2.4337944480765934,-0.4319945642157883,4.769943650470034,2.5750020849366186,-0.7249979344348905,0.5151624704581153,0.2899558922958959
2.435436524267965,-0.45768600896365363,4.78251443694696,2.5750020849366186,-0.7249979344348905,0.49927345157392133,0.304019823069166
2.437361315631504,-0.4827915268619378,4.79578618393608,2.5750020849366186,-0.7749979351799485,0.542640342635936,0.2648074984563513
2.43969782326454,-0.5088247230052705,4.806406795529353,2.6250020856816767,-0.8249979359250066,0.4785218018577842,0.3219930223542533
2.4423833905677537,-0.5344419318744933,4.8138580315129085,2.6250020856816767,-0.8249979359250066,0.45875550692340494,0.3387960177994387
2.4451677029770202,-0.5593211921899179,4.817375360634362,2.6250020856816767,-0.8249979359250066,0.4330093601094599,0.36036291984313196
2.4476039373284557,-0.5805527568764273,4.83492276385861,2.6250020856816767,-0.8249979359250066,0.42011824488306804,0.37107308418903906
2.4503955063178235,-0.6014119002469815,4.850877917513406,2.6250020856816767,-0.8749979366700646,0.4839795475419471,0.31730332637567726
2.453764457469676,-0.6244454641777946,4.865578041757242,2.6250020856816767,-0.8749979366700646,0.46996029938400447,0.32930338374264145
2.4575619639867856,-0.6479057479116079,4.880162903456996,2.6250020856816767,-0.8749979366700646,0.4520750870929181,0.3444210245363406
2.4614946216999485,-0.6702035151118295,4.894852256544169,2.6250020856816767,-0.8749979366700646,0.4319581756463648,0.36123796107759587
2.46559451472811,-0.6915461909983165,4.910458383732306,2.6250020856816767,-0.8749979366700646,0.4098743883137766,0.3795591195402531
2.469839638025592,-0.7118218077171452,4.9269773611877135,2.6250020856816767,-0.8749979366700646,0.3859202438884773,0.39937148819022716
2.474147141268036,-0.7307967716646964,4.944282357343258,2.6250020856816767,-0.8749979366700646,0.36047003908203396,0.4204753029824053
2.478522880742327,-0.7485923007572186,4.962050400432794,2.6250020856816767,-0.8749979366700646,0.3332577297948743,0.4432509637383326
2.4829461586665005,-0.7652936579133822,4.979570797885894,2.6250020856816767,-0.8749979366700646,0.3038099482551589,0.46833756919140657
2.4874775546489527,-0.7814140351998269,4.994410162881814,2.6250020856816767,-0.8749979366700646,0.26918196495779445,0.498744369408084
2.4915972301141593,-0.7952460567879989,5.01363927313179,2.6250020856816767,-0.8749979366700646,0.2406013209289838,0.5248977724341883
2.4951149173626064,-0.8060665376956546,5.038895969090854,2.6250020856816767,-0.8749979366700646,0.22292839049400245,0.5417036260691459
2.4988700636032384,-0.8166940174579622,5.061760502942246,2.6250020856816767,-0.8749979366700646,0.2019100256786538,0.5624853132796035
2.5027209571762157,-0.8268675850943925,5.089077127929936,2.6250020856816767,-0.8749979366700646,0.1829366847946861,0.5821534016272617
2.506114377855683,-0.8351689448081032,5.113030541832388,2.6250020856816767,-0.8749979366700646,0.1667716558432341,0.5997447836903963
2.5094736707708716,-0.8428444483015411,5.139426463238339,2.6250020856816767,-0.8749979366700646,0.15281450567074578,0.6156794833288038
2.512770719261928,-0.8498152047895928,5.166113717145443,2.6250020856816767,-0.8749979366700646,0.14036006749894783,0.6305935616383413
2.515932469076729,-0.856082991191256,5.193587636656876,2.6250020856816767,-0.8749979366700646,0.1298079314843529,0.6438326719945389
2.519017864733513,-0.861795187902306,5.22163850794275,2.6250020856816767,-0.8749979366700646,0.12064423669478641,0.6558514099629538
2.5220247489633163,-0.8670042815748396,5.250237860474883,2.6250020856816767,-0.8749979366700646,0.11275373878284269,0.6666461880158595
2.524964472681603,-0.871774746689308,5.279327624969637,2.6250020856816767,-0.8749979366700646,0.10594039316752911,0.6763441953043173
