0.4940860487613037,-0.001886344770563042,-6.278435486792836,0.5250020543892382,-0.07499792474913569,0.12556627635741324,-0.5282714882800836
0.49752621797296115,-0.0019467418161713823,6.275939838773912,0.5750020551342963,-0.12499792549419375,0.1833390421486088,-0.4627595013417204
0.5039756852546002,-0.0019860034554710637,6.258693695736339,0.6250020558793543,-0.1749979262392518,0.20824291233524075,-0.436540177957523
0.5140785600445081,-0.0023524887497696767,6.239149113679142,0.6750020566244124,-0.1749979262392518,0.27360178420769293,-0.36984562482639005
0.5290615996119445,-0.003197501627713706,6.218418116043557,0.7250020573694704,-0.1749979262392518,0.3255373289366378,-0.31630902522980053
0.5414848787226632,-0.004082859878913325,6.206786949502124,0.7750020581145285,-0.1749979262392518,0.3672736857044398,-0.27078823835554666
0.5589935795181447,-0.0055401069362748245,6.194208844985597,0.8250020588595866,-0.1749979262392518,0.39778071641513296,-0.2346612742373606
0.5813361756601942,-0.007665923904104588,6.184707776242917,0.8750020596046446,-0.1749979262392518,0.41933730153891424,-0.20669994618928755
0.5987062768959781,-0.009365913467750175,6.188532692861033,0.8750020596046446,-0.1749979262392518,0.410036025565105,-0.21908031172406506
0.6127710908828945,-0.01063649966684288,6.188972989102739,0.8750020596046446,-0.1749979262392518,0.40252714464737044,-0.22871526676392362
0.6310553552401323,-0.012453174446495296,6.173799155610397,0.9250020603497027,-0.1749979262392518,0.4275196321264551,-0.19532606782216233
0.6477452736862332,-0.014501700112159455,6.147210523231298,0.9250020603497027,-0.1749979262392518,0.42986454955323017,-0.19197054932961
0.6646100912324879,-0.01709327415682438,6.120378847446505,0.9250020603497027,-0.1749979262392518,0.43200801349967516,-0.18886215883316004
0.687917296119041,-0.021214698019248246,6.1012405726232135,0.9750020610947607,-0.1749979262392518,0.4542340337582779,-0.15368824910077483
0.705602698479602,-0.024528823606550176,6.095507461204399,0.9750020610947607,-0.1749979262392518,0.4508436006551112,-0.1594745086213205
0.7224435271806868,-0.03442524871765684,6.086237610934967,1.0250020618398188,-0.1749979262392518,0.4724670317971026,-0.11843743365734882
0.7242060863205602,-0.05822921537713732,6.07962578192882,1.0250020618398188,-0.1749979262392518,0.4862915804655163,-0.08317360792280892
0.7358726916679199,-0.07702502163333591,6.082170620805451,1.0250020618398188,-0.1749979262392518,0.49216220994125515,-0.06276589219975048
0.754369952014267,-0.08077945071800663,6.081603199202145,1.0750020625848768,-0.1749979262392518,0.49646561951462476,-0.042087659406806366
0.7828288708237476,-0.08665983659743048,6.075627204090299,1.0750020625848768,-0.1749979262392518,0.4963112209501569,-0.042999353713788824
0.8051774345762563,-0.09149100848334868,6.065714932950638,1.125002063329935,-0.1749979262392518,0.49928118132648447,-0.0189626398918592
0.828489218569592,-0.09673606061213214,6.060679688258598,1.125002063329935,-0.1749979262392518,0.49936848926580696,-0.01777324951411885
0.8529765052944391,-0.1022979138802409,6.059675296304394,1.175002064074993,-0.1749979262392518,0.49999891407706326,0.0007368594584091781
0.8767966263672431,-0.10767673575708514,6.0620268551157475,1.175002064074993,-0.1749979262392518,0.4999996181272089,-0.00043696274915827615
0.8999325007465693,-0.1128179353168779,6.067107458457439,1.225002064820051,-0.22499792698430987,0.4932917584738137,-0.058045127885520076
0.9237968723262355,-0.11802282688652532,6.066099920207431,1.225002064820051,-0.22499792698430987,0.4923492808619871,-0.062008410353819765
0.9477210964986842,-0.1233462709508526,6.062650325458918,1.275002065565109,-0.22499792698430987,0.49676131168085674,-0.04028465603722298
0.9699699207649104,-0.1284347622467621,6.052067377487791,1.275002065565109,-0.22499792698430987,0.49716038725771866,-0.03771608302450413
0.9913834012825085,-0.13360962344827243,6.038481003206981,1.3250020663101671,-0.22499792698430987,0.49974316359874843,-0.011333145873402284
1.0150661944083001,-0.1396354790507548,6.035684175274286,1.3250020663101671,-0.22499792698430987,0.49977415844668577,-0.010627218945289507
1.0395028587902484,-0.14590260374442998,6.034769368208363,1.3750020670552252,-0.22499792698430987,0.49985739378277955,0.008444518254969058
1.063143571139701,-0.1519154202743529,6.037408060747061,1.3750020670552252,-0.22499792698430987,0.4998785528408481,0.007792849076464714
1.0869320589667186,-0.15787559118305694,6.039818057920318,1.4250020678002833,-0.27499792772936793,0.4959541934402029,-0.045037593242512663
1.1110910562330876,-0.16368863239380183,6.0370997391993795,1.4250020678002833,-0.27499792772936793,0.49553869390149763,-0.04730033260492805
1.1348492566161976,-0.1697631497053962,6.034187679999086,1.4250020678002833,-0.27499792772936793,0.49512980547725066,-0.049427196763482506
1.1454572749339942,-0.19074923825648682,6.029400819843215,1.4750020685453413,-0.324997928474426,0.4912248457498852,-0.06643421681442341
1.1420845955964083,-0.22783579202882542,6.0232263970377025,1.4750020685453413,-0.324997928474426,0.4997119719396723,-0.012001737067965923
1.1519583254664347,-0.2503459800945098,6.020964394809171,1.4750020685453413,-0.324997928474426,0.4993837356988509,0.01755730143311096
1.1760369855778396,-0.2567700365292378,6.021684288530835,1.4750020685453413,-0.324997928474426,0.4993111580667995,0.01856284619450621
1.1999984975622677,-0.26318209854700747,6.023228782459618,1.5250020692903994,-0.324997928474426,0.4974146276077433,0.03598500862714138
1.224098972891829,-0.2695507306081897,6.0244602364172195,1.5250020692903994,-0.324997928474426,0.4970824256662623,0.038231323140173856
1.2481384240906337,-0.27592481689907444,6.026268393277085,1.5750020700354574,-0.324997928474426,0.4942129106964016,0.05389603382339536
1.2720035968969654,-0.28216306311385253,6.028114224127044,1.5750020700354574,-0.324997928474426,0.4934727518844629,0.057253231294401186
1.2958521884679808,-0.28835365058401763,6.030452823110919,1.6250020707805155,-0.324997928474426,0.49003858213563994,0.07081078233775195
1.319631066960076,-0.29446005732307157,6.033417499916553,1.6250020707805155,-0.324997928474426,0.4888614384475015,0.07490774754595253
1.3433174944034292,-0.30045279178969864,6.036694639954698,1.6750020715255736,-0.324997928474426,0.48532030668177706,0.08609823597370125
1.3668684924035102,-0.3063314090601654,6.0404770814262925,1.6750020715255736,-0.324997928474426,0.48367356005289663,0.09085023235922773
1.3903290381109965,-0.3120939523272721,6.044565152778486,1.7250020722706316,-0.324997928474426,0.4803789058153114,0.0997087258311038
1.4137118071284327,-0.3177301859318131,6.048837301734064,1.7250020722706316,-0.324997928474426,0.47822672999625027,0.10511283770977609
1.4369569978869077,-0.3232382022637825,6.0532799410835105,1.7750020730156897,-0.324997928474426,0.47538171449155125,0.11187957066264809
1.4599651029511538,-0.328576407768459,6.057377465340275,1.7750020730156897,-0.324997928474426,0.4726524109976234,0.11803040762587869
1.483051116267447,-0.33382047613881305,6.062621532104015,1.8250020737607477,-0.27499792772936793,0.42914379045194007,0.19300683243455796
1.5044824484827952,-0.3385297765038562,6.070223012457817,1.8250020737607477,-0.27499792772936793,0.42310508267058355,0.20152397861771854
1.5250399450001115,-0.34290570205180515,6.079534169962861,1.8250020737607477,-0.27499792772936793,0.4169174438243822,0.20997296999507986
1.5457504947563852,-0.3470651954713233,6.087779916673704,1.8750020745058058,-0.22499792698430987,0.3693064093896289,0.26847416827975223
1.5600208838154757,-0.3583776372870755,6.095926419030974,1.8750020745058058,-0.22499792698430987,0.3539223687928589,0.2857288716175945
1.5653985343395824,-0.37668132876457605,6.114833109116627,1.8750020745058058,-0.22499792698430987,0.33877792605612284,0.3022144432233438
1.5763320047489877,-0.38725239169562187,6.130172018927694,1.8750020745058058,-0.22499792698430987,0.32742004816063736,0.3143203498148177
1.593031263032735,-0.3896729461567965,6.145416757617881,1.8750020745058058,-0.22499792698430987,0.32072511766499695,0.3213712184465991
1.6088592085419116,-0.391793519660828,6.159218354000222,1.8750020745058058,-0.22499792698430987,0.31325830256264375,0.32917178398754343
1.62133182092769,-0.39323519438880794,6.170521973349933,1.8750020745058058,-0.22499792698430987,0.30705475285140804,0.3356085206087178
1.6397204130214522,-0.3951787691265949,6.188112235847545,1.9250020752508639,-0.1749979262392518,0.28387377680214737,0.3593949295001757
1.6540609931736032,-0.396419655418752,6.203572084613523,1.9250020752508639,-0.1749979262392518,0.27858676128552456,0.3647784422067546
1.6679101306884334,-0.3974328934501994,6.219542617085563,1.9250020752508639,-0.1749979262392518,0.27342991003177375,0.3700202094965026
1.6815804761493336,-0.39818495694589373,6.235672257789848,1.9250020752508639,-0.1749979262392518,0.2680523473022282,0.3754793546776114
1.6949686953556018,-0.39871681619717414,6.25208052363485,1.9250020752508639,-0.1749979262392518,0.26255513778706285,0.38105547887314994
1.7080940975411618,-0.3990174523407468,6.2687195652784755,1.9250020752508639,-0.1749979262392518,0.25692047289626513,0.38676940764484513
1.7209610602741883,-0.3990966480768492,-6.280696752709827,1.9250020752508639,-0.1749979262392518,0.25117913560397703,0.3925930874017791
1.7335932470945306,-0.39895757910397833,-6.263243363242358,1.975002075995922,-0.12499792549419375,0.25167576672432534,0.3920891865205336
1.7461587125889686,-0.39859975414784543,-6.245610258351056,1.975002075995922,-0.12499792549419375,0.2482885560612892,0.39552678411305786
1.758600179464203,-0.3980160518328173,-6.22887111763739,1.975002075995922,-0.12499792549419375,0.24431664572452405,0.39956078048000543
1.7709137701512532,-0.3972392754392864,-6.212032390110669,1.975002075995922,-0.12499792549419375,0.2401479460870776,0.4037993025455442
1.783165083660755,-0.39626648244985674,-6.195670643788517,1.975002075995922,-0.12499792549419375,0.2354781433040894,0.4085545932024248
1.795291510930241,-0.3951019137074834,-6.179578513720078,1.975002075995922,-0.12499792549419375,0.23044672327091006,0.4136888029761505
1.8066156615821711,-0.3938157157684419,-6.161044003592791,1.975002075995922,-0.12499792549419375,0.22682843129438834,0.41738916638132917
1.8177139116433843,-0.39236525804014377,-6.142382897466014,1.975002075995922,-0.12499792549419375,0.22313692155091486,0.42117249542802004
1.8287876144091868,-0.3906774249535303,-6.124181771663313,1.975002075995922,-0.12499792549419375,0.21896136339194572,0.42546298186077136
1.8395280734878927,-0.3888633915566295,-6.105499013543377,2.02500207674098,-0.07499792474913569,0.2389057754562299,0.40506339246553513
1.8509208699270214,-0.38672054317493654,-6.087703910564868,2.02500207674098,-0.07499792474913569,0.23619037176017135,0.40782875958076437
1.8626905369229814,-0.3842614782935172,-6.0691174373692425,2.02500207674098,-0.07499792474913569,0.23316774264383763,0.4109106823506683
1.874281680097349,-0.38163703624010026,-6.049919876265851,2.02500207674098,-0.07499792474913569,0.23021140087729186,0.41392924247108254
1.8854679020769058,-0.37886892340359957,-6.031647320191905,2.02500207674098,-0.07499792474913569,0.2269345600667872,0.4172805231936787
1.8963672322443,-0.37595769932739564,-6.013516178747717,2.02500207674098,-0.07499792474913569,0.22354615447949927,0.42075265114969573
1.9070802346589506,-0.3728911985443677,-5.995136113481199,2.02500207674098,-0.07499792474913569,0.2201031104878995,0.42428856542044424
1.9175703469549195,-0.36967566302982213,-5.976609648949044,2.02500207674098,-0.07499792474913569,0.216604796493919,0.4278901184309223
1.92783315635063,-0.36632144661094124,-5.957916930695659,2.02500207674098,-0.07499792474913569,0.21306387240739097,0.4315455313295651
1.9378652695276326,-0.3628330261381798,-5.939061551709516,2.02500207674098,-0.07499792474913569,0.2094860831879798,0.43525014261259076
1.9441973552536744,-0.361975325358884,-5.918102882508738,2.02500207674098,-0.024997924004077632,0.19500008294096066,0.4503844637287109
1.9470385690350884,-0.3633142317094116,-5.894944654807081,2.02500207674098,-0.024997924004077632,0.20044692980481157,0.44466616414338467
1.9524881134834988,-0.36230756109757856,-5.87334549246389,2.02500207674098,-0.024997924004077632,0.20308484096922477,0.44190929575898474
1.9617062911416898,-0.35819033686758317,-5.853917273639062,2.02500207674098,-0.024997924004077632,0.20131650615408145,0.4437565097166236
1.9707679446689461,-0.3539360176767694,-5.834528545888378,2.02500207674098,-0.024997924004077632,0.19942508026663702,0.445736223323145
1.9795714495514503,-0.3495935834763735,-5.8154602282170025,2.02500207674098,-0.024997924004077632,0.1974105052485422,0.4478494599544556
1.9881219868845967,-0.3451740536147092,-5.796701306474923,2.02500207674098,-0.024997924004077632,0.19527798188873974,0.4500918289348086
1.9967318684133275,-0.34051462226989315,-5.77683293548585,2.02500207674098,-0.024997924004077632,0.1932184704371891,0.45226291788754236
2.0050802656822437,-0.3357678833267048,-5.757162787658443,2.02500207674098,-0.024997924004077632,0.19108614828538587,0.45451667864158285
2.0132407932328036,-0.3309225967580893,-5.737284460909911,2.02500207674098,-0.024997924004077632,0.18895072622401435,0.4567799875266041
2.021231945426056,-0.3259547959597402,-5.717369523816928,2.02500207674098,-0.024997924004077632,0.1867261408472522,0.4591447413652969
2.0290227931838363,-0.32089513239700906,-5.697320315787066,2.02500207674098,0.025002076740980428,0.1852093048862483,0.46076135743418556
2.036637765215662,-0.3157312401824388,-5.677169901355262,2.02500207674098,0.025002076740980428,0.1843384909676596,0.4616910382481456
2.0441183083813144,-0.310435038072594,-5.65701920166947,2.02500207674098,0.025002076740980428,0.18336713496409895,0.4627294472323613
2.0514435627076715,-0.30502102943332865,-5.636777935253739,2.02500207674098,0.025002076740980428,0.18234722809785187,0.46382136184797873
2.0585506713110178,-0.2995442245075317,-5.616149153016426,2.02500207674098,0.025002076740980428,0.1814594442505961,0.4647731845811993
2.0654469486731166,-0.2939996351246492,-5.595151412258077,2.02500207674098,0.025002076740980428,0.18068924781299395,0.46559997864103875
2.0721130342014735,-0.2884112755911161,-5.573681053103515,2.02500207674098,0.025002076740980428,0.18010075802575748,0.46623237342129653
2.0785236624295713,-0.28277899491020086,-5.551861705284467,2.02500207674098,0.025002076740980428,0.17968053011702573,0.4666843063946986
2.0848053213569244,-0.27702897495804635,-5.53140833689927,2.02500207674098,0.025002076740980428,0.1786464682573781,0.4677976539275499
2.0912938843315807,-0.2708344651179271,-5.511475453480864,2.02500207674098,0.025002076740980428,0.17682698439968447,0.4697611058476492
2.0976469988418334,-0.26452798812969824,-5.49148942192306,2.02500207674098,0.07500207748603849,0.1876814746484271,0.4581283275332564
2.1039202082438884,-0.25804282908805476,-5.470739971288052,2.02500207674098,0.07500207748603849,0.18725838352384555,0.458578303206876
2.110324815176348,-0.25113823285050785,-5.45113468824048,2.02500207674098,0.07500207748603849,0.1859225182317552,0.46000079526878723
2.1164629070076195,-0.24426194524650136,-5.430937173128888,2.02500207674098,0.07500207748603849,0.18484210717798,0.4611532352869452
2.1224244994292025,-0.2373043819673999,-5.410739683769022,2.02500207674098,0.07500207748603849,0.18367133173002842,0.4624040926825912
2.1282212409003147,-0.2302548141875569,-5.390507686698611,2.02500207674098,0.07500207748603849,0.18240234062286687,0.46376231580678695
2.133828100757519,-0.22314990804313162,-5.370192894864354,2.02500207674098,0.07500207748603849,0.18108866491736464,0.4651710889437799
2.1392540676008664,-0.2159790123153229,-5.349820903955711,2.02500207674098,0.07500207748603849,0.17970419690037825,0.46665884614681485
2.144492841516172,-0.20875474963929186,-5.329384557833269,2.02500207674098,0.07500207748603849,0.1782603056408443,0.46821389261008717
2.149540287993652,-0.20148578635937575,-5.308891540870569,2.02500207674098,0.07500207748603849,0.1767599775634535,0.46983352504728915
2.154393096574541,-0.19418107619451952,-5.288356860250273,2.02500207674098,0.12500207823109655,0.19851907153720166,0.4466860015302174
2.1551397061092015,-0.18633171607499577,-5.269568207936194,2.02500207674098,0.12500207823109655,0.2015820905561563,0.44347885592534975
2.1515265873356526,-0.1776487044224453,-5.249377431298466,2.02500207674098,0.12500207823109655,0.20938841203920197,0.43535144203248954
2.152366637915309,-0.1682784388975147,1.055004393832164,2.02500207674098,0.12500207823109655,0.21231504907245866,0.4323199398731179
2.157459311188598,-0.15906735125286353,1.0738785688840544,2.02500207674098,0.12500207823109655,0.20928303503025522,0.435460743756898
2.1623429114133472,-0.14985698329758712,1.0928948506302216,2.02500207674098,0.12500207823109655,0.2061449475562626,0.4387206766657543
2.1669785107614885,-0.14069290511158883,1.1120597235510843,2.02500207674098,0.12500207823109655,0.20297305022843562,0.44202597077075145
2.1713682803746597,-0.13158575475618584,1.1313763821927756,2.02500207674098,0.1750020789761546,0.22853467295576885,0.41564330182966636
2.175984980352732,-0.1215420149761055,1.149851655258421,2.02500207674098,0.1750020789761546,0.22568957094234512,0.41855543798030714
2.1805046487735638,-0.11115862267213572,1.1681097368011368,2.02500207674098,0.1750020789761546,0.22224641803198875,0.42208647949712685
2.1847495336179588,-0.10095294906383323,1.186554683431102,2.02500207674098,0.1750020789761546,0.218839356836014,0.4255885370190535
2.1887510850098693,-0.09079125568755941,1.205178495863143,2.02500207674098,0.1750020789761546,0.21535722598958554,0.4291768333864525
2.1925041035760184,-0.08071370598152328,1.2239862911774573,2.02500207674098,0.1750020789761546,0.2118351117718418,0.4328165372179671
2.1959979252495625,-0.0707572715290734,1.2428896722262714,2.02500207674098,0.22500207972121267,0.2418974780816464,0.4020198043157852
2.199503053929753,-0.06020977163843533,1.2585732165038048,2.02500207674098,0.22500207972121267,0.23812090398875754,0.405862407452132
2.203072233475476,-0.048719951894536706,1.2762896778910666,2.02500207674098,0.22500207972121267,0.234041430583132,0.41001942930209845
2.206358618180424,-0.037536382112785205,1.2941002522860434,2.02500207674098,0.22500207972121267,0.2300003467234026,0.414144911165524
2.209385720940313,-0.026504682085070286,1.3122910115289674,2.02500207674098,0.22500207972121267,0.22599796734594185,0.4182395404734629
2.2121830015966673,-0.015508641428489511,1.3302781189098605,2.02500207674098,0.22500207972121267,0.22168302379997668,0.4226650101146554
2.2147497772479916,-0.00460494531323441,1.3481562067895496,2.02500207674098,0.2750020804662707,0.25571224429635736,0.3879947211713548
2.217196190256738,0.00671523547494246,1.3686196580956111,2.02500207674098,0.2750020804662707,0.2536480268494655,0.39008837844934297
2.219484418549415,0.018401663160066306,1.3887961533892377,2.02500207674098,0.2750020804662707,0.25083476347839595,0.3929425220938423
2.2216353795859174,0.03072669295826813,1.4059254463313642,2.02500207674098,0.2750020804662707,0.24581490218721364,0.39803865870778266
2.2235668442868928,0.04303070355393679,1.422947931549655,2.02500207674098,0.2750020804662707,0.24037485648413373,0.4035684473415082
2.2252338843705797,0.05481588156340145,1.4407230529146282,2.02500207674098,0.3250020812113288,0.2772778319198203,0.3661096849037482
2.226792396322157,0.06703150720892026,1.4530814397186296,2.02500207674098,0.3250020812113288,0.271464804540517,0.37201580864478223
2.228152348164121,0.0799034883233265,1.4661606831426863,2.02500207674098,0.3250020812113288,0.26502938421893263,0.37854608732126294
2.229486737425617,0.09319740870176574,1.4832958156593752,2.02500207674098,0.3250020812113288,0.2592836543701566,0.38437298192173475
2.230483687598566,0.10610789552188216,1.499928334944082,2.02500207674098,0.3250020812113288,0.2532875543862451,0.39045403384553845
2.231282552449599,0.11874252569164945,1.5169891615682682,2.02500207674098,0.37500208195638685,0.29277789813329286,0.3502991491702696
2.2319359970551282,0.13283014041066288,1.5327720473882127,2.02500207674098,0.37500208195638685,0.28697752800320875,0.35622899495313276
2.232274823100747,0.14440291264372185,1.5451127319990037,2.02500207674098,0.37500208195638685,0.2815349508152351,0.3617777924878971
2.232570332442375,0.1613082778021795,1.5640551432251668,2.02500207674098,0.4250020827014449,0.317624293402707,0.32461821827944237
2.232567386312475,0.17669330242210535,1.5786515500598421,2.02500207674098,0.4250020827014449,0.3112841410860555,0.33122420326867186
2.232307569084517,0.19246588818578836,1.5933281421635468,2.02500207674098,0.4250020827014449,0.30392614283448827,0.33884133654350457
2.2319647568652528,0.2067888842163832,1.6086787883547822,2.02500207674098,0.4250020827014449,0.2972813829240982,0.3456812350803453
2.231454839812608,0.21993297058735806,1.6248857851435812,2.02500207674098,0.47500208344650297,0.3377431086132741,0.3033257244944969
2.2305750840194527,0.2350084790134801,1.6403634363469135,2.02500207674098,0.47500208344650297,0.33249618965887645,0.3089339426675133
2.229253056033521,0.25224330486595115,1.6514143882069965,2.02500207674098,0.47500208344650297,0.3228129106859833,0.319178542573352
2.227779800793602,0.26942984630903766,1.660941543360942,2.02500207674098,0.525002084191561,0.35693060549633726,0.28239916338249715
2.2261773997392442,0.2859539671878011,1.677058470349044,2.02500207674098,0.525002084191561,0.35163146287717423,0.28825147818547525
2.22417616153664,0.3033598164328879,1.6899670265242228,2.02500207674098,0.5750020849366191,0.38410654207324474,0.25125587660318494
2.221837796091064,0.32200448838180584,1.701374740145543,2.02500207674098,0.5750020849366191,0.3773069177983903,0.25925169836123074
2.2192512776915994,0.3408226417705791,1.7127609963123362,2.02500207674098,0.5750020849366191,0.36928085066422484,0.2685033346386101
2.216548792480591,0.35908638992757247,1.7243672518330888,2.02500207674098,0.6250020856816771,0.400646372571819,0.2310839821787487
2.21359456110042,0.377786664858089,1.7319647155208155,2.02500207674098,0.6250020856816771,0.39307534233889024,0.2404563695950488
2.2103036763069834,0.3972250971781168,1.7421515706459418,2.02500207674098,0.6750020864267352,0.4202165498969765,0.2055009783047026
2.206717783563576,0.41754002560232273,1.7515733239540905,2.02500207674098,0.6750020864267352,0.4142215840055103,0.2135749450211304
2.2028382133853697,0.4380409812061554,1.760494077499627,2.02500207674098,0.7250020871717933,0.43760300882594994,0.1805475241097576
2.19877491140306,0.4588161256548986,1.770408848837737,2.02500207674098,0.7250020871717933,0.433182682969882,0.1871412523518432
2.194420531270346,0.47981158284986414,1.779662692812966,2.02500207674098,0.7750020879168513,0.4535758335230965,0.15482618463751674
2.1898185107213166,0.5011157516597837,1.7892041271807515,2.02500207674098,0.7750020879168513,0.45037366434887177,0.16026228209637616
2.1847807329594353,0.5232322147466117,1.7958845982402816,2.02500207674098,0.8250020886619094,0.4668642544455661,0.13018589859644591
2.179617120370855,0.5456619522535746,1.8015857660248402,2.02500207674098,0.8250020886619094,0.4636487649659366,0.13651126426560523
2.1742137507809733,0.5682211218766913,1.807309705686839,2.02500207674098,0.8750020894069674,0.47717116474803634,0.10766991012304095
2.1686253729631098,0.5912409727894197,1.8123412196812079,2.02500207674098,0.8750020894069674,0.47488721433453385,0.11301704009819336
2.1628562629679955,0.6143263497187448,1.817151139470644,2.02500207674098,0.9250020901520255,0.4855467353614411,0.08542503561194414
2.1552108201965527,0.6376328804611173,1.8223206043728717,2.02500207674098,0.9250020901520255,0.4851041064097818,0.08673634335231806
2.145445794723587,0.6612132555317771,1.8274497733721378,2.02500207674098,0.9750020908970836,0.49400361403533505,0.05486584783077819
2.137265334502093,0.6850367446517964,1.8308861056223849,2.02500207674098,0.9750020908970836,0.49406232682412066,0.054595502473628654
2.130886312177683,0.70890579672934,1.8333346784968425,2.02500207674098,1.0250020916421416,0.4981618322426463,0.030335005111399527
2.1244283136645272,0.7328881183408509,1.8348040194354813,2.02500207674098,1.0250020916421416,0.49795232372295206,0.032019354684929446
2.1179052752547545,0.7569173256054516,1.8361291707520904,2.02500207674098,1.0750020923871997,0.4998226818354247,0.00941645182576667
2.1113507358714134,0.7810200337877244,1.8367557149650287,2.02500207674098,1.0750020923871997,0.4998054644116123,0.009863083275255757
2.1047623856081046,0.8051459249297821,1.8371526855603642,2.075002077486038,1.1250020931322577,0.48515956964121604,-0.08657307605944864
2.098349563428748,0.8287625819951021,1.8341346270201706,2.125002078231096,1.1750020938773158,0.4453660905774759,-0.16846067141793253
2.0923236159218757,0.8514402692659733,1.8244188854325813,2.125002078231096,1.1750020938773158,0.4410224143765633,-0.1753088496272528
2.0867492081466814,0.8732717409892601,1.8149641411408737,2.125002078231096,1.1750020938773158,0.43594047628871935,-0.1830500770556529
2.0815791302354025,0.8946903326498905,1.8087370516170647,2.175002078976154,1.2250020946223739,0.3840795293495892,-0.25128795210997024
2.076583120294144,0.915237123222937,1.8038108583339663,2.175002078976154,1.2250020946223739,0.3732717038252802,-0.26392683248382
2.072488585597002,0.9331516021014377,1.790672867294866,2.175002078976154,1.2250020946223739,0.3663594526669948,-0.27182538598359474
2.068541637026568,0.9511816636760084,1.778960783377004,2.2250020797212122,1.275002095367432,0.32418183075851836,-0.317737906962669
2.0651941107287026,0.9676425075260546,1.7654941033462876,2.2250020797212122,1.275002095367432,0.3173816883447823,-0.324871793276887
2.062206653860006,0.9832205101426474,1.7514543649862158,2.2250020797212122,1.275002095367432,0.31078341904998363,-0.3317441565418031
2.05949295160441,0.9987798721500702,1.7366555633664233,2.2250020797212122,1.275002095367432,0.3038765228027141,-0.33889254214666265
2.0570204751317753,1.0142541001068341,1.7204255154183257,2.2250020797212122,1.275002095367432,0.29690573178165125,-0.34606694561753093
2.0548841243404574,1.0291848388113962,1.7049552130986871,2.2750020804662703,1.32500209611249,0.274713051189657,-0.3687166503949866
2.0531361369431878,1.0430755349492191,1.6892060603287016,2.2750020804662703,1.32500209611249,0.26992552264972564,-0.3735783981981954
2.0516280257210706,1.0565769425579248,1.6728468771505043,2.2750020804662703,1.32500209611249,0.2652928938973626,-0.37827880452618956
2.0509376496268032,1.0695548767575964,1.6556560625225483,2.2750020804662703,1.32500209611249,0.26157946454866793,-0.38204490748019404
2.0511191144168794,1.0819547667285079,1.6374367145119904,2.2750020804662703,1.32500209611249,0.25900761632676295,-0.384652897023817
2.0509980861762234,1.0946068470791186,1.619844014018168,2.2750020804662703,1.32500209611249,0.2550812964318086,-0.38863462908822866
2.050476146274182,1.1074773851672965,1.6029024170140866,2.2750020804662703,1.32500209611249,0.24967270967455873,-0.394121800072771
2.050177937310961,1.120096345231424,1.5857306267503446,2.2750020804662703,1.32500209611249,0.24415210640586985,-0.39972797700190976
2.0500993139995547,1.1324507679658513,1.568330413037578,2.3250020812113283,1.375002096857548,0.2446810006117312,-0.39919056772552663
2.050225302999671,1.144655769052724,1.5505933250752226,2.3250020812113283,1.375002096857548,0.2415605580556122,-0.40236241662713035
2.050576560231555,1.1568049946665013,1.5325518808781513,2.3250020812113283,1.375002096857548,0.23832292459662088,-0.40565672400269726
2.051142623210925,1.1688622850521515,1.515174540858952,2.3250020812113283,1.375002096857548,0.23458609466274416,-0.40946399426575586
2.0519119650701985,1.1806814459429322,1.497376543645975,2.3250020812113283,1.375002096857548,0.2309232606823862,-0.413201992810482
2.0528669886953512,1.1922669958587555,1.47924298405634,2.3250020812113283,1.375002096857548,0.2272890238306104,-0.41691771001885125
2.054024874065142,1.2036904852953452,1.4610679145255132,2.3250020812113283,1.375002096857548,0.22350771528941635,-0.4207920823194722
2.055362368067387,1.2148950548610653,1.4426767304147563,2.3250020812113283,1.375002096857548,0.2196960853373552,-0.42470712616648454
2.056881884046197,1.2258886585158102,1.424124948274137,2.3250020812113283,1.375002096857548,0.21583082632527267,-0.42868822371260284
2.058575162060146,1.2366642661021352,1.405392338910205,2.3250020812113283,1.375002096857548,0.2119286149765537,-0.43271977204853973
2.0604367617632224,1.2472153682800347,1.3864781339108583,2.3750020819563864,1.425002097602606,0.2337216426297571,-0.41034560486863814
2.0626375384374214,1.2584975134110437,1.3683299409763372,2.3750020819563864,1.425002097602606,0.23105971534138411,-0.4130626184531304
2.0651160579434773,1.2699807045546638,1.3500971702080846,2.3750020819563864,1.425002097602606,0.22796085812076242,-0.41623025332725117
2.067707320689035,1.2811023920364697,1.3321937914833524,2.3750020819563864,1.425002097602606,0.22473835285148683,-0.41953016689966705
2.0704276843652885,1.291880810555119,1.3148179673523825,2.3750020819563864,1.425002097602606,0.22132271520097027,-0.4230351150619369
2.0733313538076334,1.3025775135417188,1.2966862697027868,2.3750020819563864,1.425002097602606,0.21797388995220052,-0.426479501511968
2.076415381223752,1.3131784638056434,1.277965643080033,2.3750020819563864,1.425002097602606,0.21462627293703132,-0.42993131661707373
2.079644418986133,1.32352086707321,1.259204993451062,2.3750020819563864,1.425002097602606,0.21123099735244227,-0.43344191730959825
2.0830132491770463,1.3336494649190964,1.2402748522889329,2.3750020819563864,1.425002097602606,0.20779015585039473,-0.43701037514371543
2.08651805034431,1.3435522831453586,1.2211904471831414,2.4250020827014445,1.4750020983476642,0.24245133929284762,-0.40145666353773857
2.090640172442857,1.3545825079185665,1.203197660462693,2.4250020827014445,1.4750020983476642,0.23967456874270773,-0.40428096762931653
2.0951449643764537,1.3658990641897901,1.185634697487906,2.4250020827014445,1.4750020983476642,0.23611050123618316,-0.4079101450283409
2.099692120839089,1.3768766947718714,1.1677849215646152,2.4250020827014445,1.4750020983476642,0.23259187140075807,-0.4114983301360441
2.1044015340240474,1.38765355985921,1.1498193250020052,2.4250020827014445,1.4750020983476642,0.2289412748461825,-0.4152275044185785
2.1092284355983484,1.3981825163865356,1.1316722291661756,2.4250020827014445,1.4750020983476642,0.2252247852285981,-0.4190316403767439
2.114151263996378,1.4084250134746252,1.1133156310927166,2.4250020827014445,1.4750020983476642,0.22149840563276882,-0.4228546364236683
2.1192117087433253,1.4184654277134996,1.0946897592568632,2.4250020827014445,1.4750020983476642,0.21769744666509916,-0.4267642105883671
2.124386855575805,1.4282730047128904,1.0760423779327635,2.4250020827014445,1.4750020983476642,0.21375584554625732,-0.4308303515169174
2.1296551270836943,1.4378201346113872,1.0579160848208853,2.4250020827014445,1.5250020990927222,0.2759854253720573,-0.3674235900130278
2.135512357075518,1.4479305417608277,-5.248139501722442,2.4250020827014445,1.5750020998377803,0.3398304190636508,-0.30108234479182727
2.142382016560811,1.4592156320467993,-5.275199608670387,2.4250020827014445,1.5750020998377803,0.3407864428304291,-0.3000523795410108
2.15122855994332,1.471270429073904,-5.29727590487415,2.4250020827014445,1.6250021005828383,0.39928973752811314,-0.2327822103776893
2.1630612050745466,1.4854878631705883,-5.311614753538383,2.4250020827014445,1.6750021013278964,0.4438173647093283,-0.17092866019754704
2.1762056778712147,1.5027374897729722,-5.319950173630604,2.4250020827014445,1.6750021013278964,0.4399699091785046,-0.17693492962197588
2.188907608966174,1.5208892058651244,-5.3278118390701685,2.4250020827014445,1.7250021020729545,0.4714449355770836,-0.12065881682948376
2.202023557137828,1.5393959709724907,-5.33171400306288,2.4250020827014445,1.7750021028180125,0.49049429264338146,-0.06916143671598463
2.2155024724446655,1.5582309052328362,-5.330061507289285,2.4250020827014445,1.7750021028180125,0.48877733930450434,-0.07519214931268903
2.2296216430324467,1.5781451079835715,-5.33323901006507,2.4250020827014445,1.8250021035630706,0.49881704942906285,-0.02432986588132846
2.2440265916913056,1.5982058307537574,-5.335387631391367,2.4250020827014445,1.8750021043081286,0.49903551218259806,0.02196711928091477
2.2584399053507287,1.6181957442859503,-5.336155773463907,2.4250020827014445,1.8750021043081286,0.49883090966106103,0.02418680155088082
2.2729565054441174,1.6384272832393822,-5.335317027442375,2.4250020827014445,1.9250021050531867,0.4909526380528062,0.0674629619928171
2.2873352193397327,1.658463877277521,-5.332748689708929,2.4250020827014445,1.9750021057982448,0.47840461465116196,0.1046761451946141
2.3012762001450344,1.6780837145050906,-5.328653332993154,2.4250020827014445,1.9750021057982448,0.47607255600533854,0.1102721735749348
2.3148899936302687,1.6974069311264603,-5.323049796951947,2.4250020827014445,2.025002106543303,0.4606239090111525,0.14223019548243343
2.328196464754189,1.7165420203009436,-5.317535431148594,2.4250020827014445,2.025002106543303,0.45667847954231255,0.149396243747975
2.3411181642661187,1.7353190572760369,-5.310768604396791,2.4250020827014445,2.025002106543303,0.4523357405159566,0.15695067301114585
2.353857478239229,1.7541789252954558,-5.303545860739626,2.4250020827014445,2.075002107288361,0.4350800056418051,0.18433445169114204
2.3661265398506632,1.7725948066498418,-5.29481390098211,2.4250020827014445,2.075002107288361,0.4294040455362096,0.19263315495029176
2.3778113341562523,1.7905245841614033,-5.286838618712437,2.4250020827014445,2.125002108033419,0.41405675628438915,0.21379371074694586
2.3890780497598296,1.8080804452970334,-5.277624881553583,2.4250020827014445,2.125002108033419,0.40747285951831536,0.2224026034654758
2.3999140289570065,1.8253584259723041,-5.267971407190513,2.4250020827014445,2.125002108033419,0.4001245959160187,0.23173815279137133
2.410414903509963,1.842463967772808,-5.257952113660703,2.4250020827014445,2.175002108778477,0.38872807730704373,0.24572927890800544
2.4205107990095716,1.8592917296943714,-5.247717980668136,2.4250020827014445,2.175002108778477,0.3810988237120721,0.25481176359093705
2.4303015262662058,1.87597781665532,-5.237677356879796,2.4250020827014445,2.225002109523535,0.373343686660312,0.26384386436112517
2.4397098578559486,1.8924357009537545,1.056593224564961,2.4250020827014445,2.225002109523535,0.3660603571299456,0.2721642140927476
2.451053057188206,1.908198672458493,1.0709620393044574,2.4250020827014445,2.225002109523535,0.35638916248741787,0.28299994756978863
2.464306903710348,1.9230618726871445,1.0845597894399621,2.4250020827014445,2.225002109523535,0.34225044589039516,0.2984720742022524
2.4747775851629985,1.9379145095112271,1.098560725122358,2.4750020834465025,2.275002110268593,0.40030637977181505,0.23151038835837712
2.4834208724420357,1.955056417040467,1.1095985679914584,2.4750020834465025,2.275002110268593,0.39423496939540065,0.23903693496174494
2.492129712619068,1.9729118581487466,1.1199061235197774,2.4750020834465025,2.275002110268593,0.38645862815276244,0.24845295931197753
2.500485690866949,1.990332345919855,1.1307486381373284,2.5250020841915606,2.325002111013651,0.437018590520512,0.18143043376266887
2.509411405694916,2.0095116998286944,1.1394779155054369,2.5250020841915606,2.325002111013651,0.4321310693916578,0.18868246971383806
2.5184912293008477,2.029543920819167,1.1480284948099273,2.5750020849366186,2.3750021117587092,0.46716591248516326,0.12957818917917052
2.5276639335424687,2.0499933206359398,1.1568066909802355,2.5750020849366186,2.3750021117587092,0.4650086916895216,0.133868998456677
2.536649265057651,2.0708002791527136,1.1662112593353415,2.5750020849366186,2.3750021117587092,0.4625118915932456,0.13868540177901356
2.545592047869283,2.091825346522093,1.1732578869081285,2.6250020856816767,2.4250021125037673,0.4868011251567889,0.08159901106881406
2.554827033679027,2.1140725608668767,1.1771837368743345,2.6250020856816767,2.4250021125037673,0.4854851628326165,0.08560860158814543
2.5641339540496233,2.136542515746509,1.1809503626303657,2.6750020864267348,2.4750021132488254,0.49732118023410243,0.036630714577156276
2.5734948803989646,2.1594111292893086,1.1829835505569193,2.6750020864267348,2.4750021132488254,0.4970731820135983,0.03829195729943047
2.58289739325617,2.1824909897699936,1.1847230574872025,2.6750020864267348,2.4750021132488254,0.49672819570591553,0.04049053926077617
2.592238825830531,2.205504360639992,1.1864923997740593,2.725002087171793,2.5250021139938834,0.4999546432458738,-0.004762253966731467
2.6015676727569943,2.2286154080529066,1.1870061547735424,2.725002087171793,2.5250021139938834,0.49994137728663907,-0.00541410216914906
2.610928880417532,2.251808598547324,1.1866207336683345,2.775002087916851,2.5750021147389415,0.4963511408976205,-0.042765478941786284
2.620241704175978,2.2747800492033807,1.1854682368256932,2.775002087916851,2.5750021147389415,0.4959097671940705,-0.0452848678734562
2.629572364394333,2.297779029277754,1.1834239390779933,2.775002087916851,2.5750021147389415,0.49543627974514054,-0.047841812676645445
2.6389801577557996,2.320725493361703,1.1814121516927871,2.825002088661909,2.6250021154839995,0.4874644150303293,-0.07950431096335286
2.648305375171793,2.3433712557941035,1.1782014535742797,2.825002088661909,2.6250021154839995,0.48612898112659275,-0.08367006472465033
2.65936836318215,2.3637878753570654,1.1741491249225802,2.825002088661909,2.6250021154839995,0.4860095518176785,-0.08403291433681948
2.6724157545100145,2.381969266282672,1.1696198278060672,2.875002089406967,2.6750021162290576,0.4796745622076409,-0.1015072087005442
2.683809913928169,2.402044703913921,1.1647969378675576,2.875002089406967,2.6750021162290576,0.4794177050046727,-0.10215562599740224
2.69333481326602,2.4240881818074715,1.1597448311978946,2.875002089406967,2.6750021162290576,0.47728702675836954,-0.10739203013639109
2.7029516172468675,2.4459561278228072,1.1553086741897174,2.925002090152025,2.7250021169741157,0.4681252957399499,-0.12762798917121032
2.712494203123571,2.4674738167473933,1.1498567899559962,2.925002090152025,2.7250021169741157,0.46510522834289075,-0.13367964639059593
2.7220856857215754,2.4887185781317047,1.1440822792234457,2.925002090152025,2.7250021169741157,0.46155437991464215,-0.1404931496979841
2.7317322785154676,2.509774603183226,1.1379875230808585,2.975002090897083,2.7750021177191737,0.4543456782623902,-0.15349450472923143
2.7413803343542877,2.5304779500116172,1.131385582939882,2.975002090897083,2.7750021177191737,0.4504091363882627,-0.16020293486336534
2.7510548887815336,2.5508837658614087,1.124386037994881,2.975002090897083,2.7750021177191737,0.4458373248603029,-0.1677036792821449
2.7608336960210984,2.5711291825846647,1.1171760400347903,3.025002091642141,2.8250021184642318,0.44184141275413324,-0.1740348385916577
2.770623518523502,2.5910175435557523,1.1096760018940592,3.025002091642141,2.8250021184642318,0.4373099543359142,-0.18099069548188684
2.780454671690645,2.6106151828580284,1.1017764190152626,3.025002091642141,2.8250021184642318,0.43211089719220314,-0.1887119350066888
2.7903449537117773,2.62993415547375,1.0936049481679115,3.025002091642141,2.8250021184642318,0.4260465970095175,-0.19741098065032292
2.800254782431649,2.64890964408446,1.0850406860049906,3.0750020923871992,2.87500211920929,0.4272663676932715,-0.1956857710533263
2.81031899445604,2.66778116362787,1.0764557414440274,3.0750020923871992,2.87500211920929,0.42186125111762435,-0.2032438093618555
2.8204676139620375,2.6864157617377007,1.0675958070584448,3.0750020923871992,2.87500211920929,0.41561524576306375,-0.21171854434071435
2.8306218210482754,2.7046732569058474,1.0583702653167988,3.1250020931322573,2.925002119954348,0.420593533821609,-0.20498528347328293
2.8409392773284274,2.722837748153651,1.0497388340779656,3.1250020931322573,2.925002119954348,0.4151605169054788,-0.2123255799653675
2.851505250480745,2.741035937600845,-5.242111982161647,3.1250020931322573,2.925002119954348,0.4087312272839618,-0.22077604477123436
2.8621282798327083,2.7590283984736885,-5.2501162621055615,3.1250020931322573,2.925002119954348,0.4009384533441455,-0.2307172311447031
2.8725630629095935,2.7763113430616624,-5.260063288822966,3.1750020938773154,2.975002120699406,0.4113153839159052,-0.21740836009294928
2.880871170994526,2.792738009424802,-5.270843239699998,3.1750020938773154,2.975002120699406,0.4055419432146443,-0.22488210641798412
2.886861490472132,2.8079662229485454,-5.282525833573115,3.1750020938773154,2.975002120699406,0.3988956187818927,-0.23327397250311788
2.8952089247969237,2.823733990269961,-5.293726043149631,3.1750020938773154,2.975002120699406,0.39179606664316563,-0.24201584828259082
2.9061290257513335,2.840159769053585,-5.304268488545035,3.1750020938773154,2.975002120699406,0.3838868580249448,-0.2515166597736087
2.9170590461322288,2.8562353442624833,-5.315673806155459,3.2250020946223734,3.025002121444464,0.4023383794899285,-0.22895377290516006
2.928435627999079,2.8725737561200635,-5.32575998552228,3.2250020946223734,3.025002121444464,0.39609286825806184,-0.23675097174678095
2.9400488212715565,2.888866608811453,-5.336020026583386,3.2250020946223734,3.025002121444464,0.38882435774824226,-0.24561329878880078
2.951536094714754,2.904656160352099,-5.346764873501069,3.2750020953674315,3.075002122189522,0.40771823415392877,-0.22208610429537423
2.963306985096997,2.9204571811848883,-5.358903633672821,3.2750020953674315,3.075002122189522,0.40315774705609275,-0.22791723411248987
2.9752517780709358,2.93607821504631,-5.371412691732563,3.2750020953674315,3.075002122189522,0.3979541581279094,-0.2344458239463727
2.9876397091550384,2.9518940151966646,-5.381146420342447,3.2750020953674315,3.075002122189522,0.3904558309888341,-0.24364258153984852
2.9998986864217354,2.967262749734976,-5.391960819974131,3.3250020961124895,3.12500212293458,0.4121789812289151,-0.2162744401166815
3.0126032917843384,2.9828417989199174,-5.400542865436914,3.3250020961124895,3.12500212293458,0.4062819725969929,-0.22393413860607347
3.025307910045357,2.998167038617968,-5.407916746446035,3.3250020961124895,3.12500212293458,0.3990424730875437,-0.2330908179234349
3.0382348928779574,3.0135179426703544,-5.418184555066573,3.3250020961124895,3.12500212293458,0.39164466623406224,-0.24219997187754883
3.0511085875031165,3.0284509539782514,-5.42861500710661,3.3750020968575476,3.175002123679638,0.4157128329372061,-0.2115881026797608
3.064659823009851,3.043874330035507,-5.4382443623174455,3.3750020968575476,3.175002123679638,0.41011357285510036,-0.21897923166862254
3.078500119919222,3.059297832641426,-5.447474784288322,3.3750020968575476,3.175002123679638,0.4032808343977082,-0.22776123815282934
3.092125341859271,3.0742317796427265,-5.457581673333583,3.3750020968575476,3.175002123679638,0.3958147033809387,-0.23709416739301203
3.1056838039200425,3.088776386676165,-5.468032827133106,3.4250020976026057,3.2250021244246962,0.4219698457008808,-0.20309410207450984
3.1197965048792256,3.1036052726136756,-5.478025144202402,3.4250020976026057,3.2250021244246962,0.41680898828314883,-0.2101187658963103
3.1344841878425234,3.118725963788327,-5.486665015184011,3.4250020976026057,3.2250021244246962,0.409873196902994,-0.21929244310605156
3.148810329646845,3.1332819470592987,-5.4956885546677565,3.4750020983476637,3.2750021251697543,0.43354743135180673,-0.18660430398230077
3.164003375869302,3.148404998802433,-5.504202868500444,3.4750020983476637,3.2750021251697543,0.42864580223086296,-0.19372026321049718
3.1794325096600993,3.1634964009930604,-5.512552832412788,3.4750020983476637,3.2750021251697543,0.4226746923698893,-0.20212034457869477
3.1947113393278963,3.178211640608371,-5.521351698643763,3.5250020990927218,3.3250021259148124,0.4443139315421358,-0.17014062372228878
3.2106930484813887,3.1933335262059392,-5.529127262698017,3.5250020990927218,3.3250021259148124,0.440058113481689,-0.17679913184145524
3.226939445088666,3.2084686999761747,-5.536683926578994,3.5250020990927218,3.3250021259148124,0.43479673788469303,-0.18475568622786154
3.243261734631874,3.220397798816416,-5.545281843385485,3.5250020990927218,3.3250021259148124,0.4319799586738995,-0.1889031060306645
3.2599009816915396,3.2287551756718686,-5.5544662501209725,3.57500209983778,3.3750021266598704,0.458548740422166,-0.14603801072660616
3.2769963905544808,3.2405689168059197,-5.562351926424033,3.57500209983778,3.3750021266598704,0.45776920492932943,-0.14744591960023112
3.294366646828932,3.255711606600107,-5.568570731204737,3.57500209983778,3.3750021266598704,0.45342865656737524,-0.15507964103392102
3.3115741931619587,3.270559646786137,-5.575353217644105,3.625002100582838,3.4250021274049285,0.4697067599956671,-0.1243525226330543
3.329347534785593,3.285670664147605,-5.581069409874598,3.625002100582838,3.4250021274049285,0.4668979859525369,-0.13011807224806493
3.3472980171660547,3.3007706133648975,-5.586711437661149,3.625002100582838,3.4250021274049285,0.4633715279617918,-0.13704429723723166
3.3651474357034417,3.315614651819491,-5.592639334860007,3.675002101327896,3.4750021281499865,0.4773212194016647,-0.10730989463839702
3.3834083558687826,3.3306264001450625,-5.597252328872054,3.675002101327896,3.4750021281499865,0.47506199249905184,-0.11261623071026361
3.4018633089378367,3.345673157451481,-5.600037720528893,3.675002101327896,3.4750021281499865,0.47180254882092526,-0.1198859110448286
3.4205550979151367,3.360843023799787,-5.60325562882583,3.725002102072954,3.5250021288950446,0.4831031589330569,-0.09244169760905863
3.4392060999602174,3.3758641201503146,-5.608059781049431,3.725002102072954,3.5250021288950446,0.48150109145602193,-0.0967780743251958
3.4580973778159185,3.390896141116184,-5.612105795488357,3.775002102818012,3.5750021296401027,0.48962778924079203,-0.07226615419317861
3.477229176898285,3.406054174947646,-5.615535630446915,3.775002102818012,3.5750021296401027,0.4886446369087885,-0.07563880583141902
3.4964918401675433,3.4211800166648114,-5.618816747796633,3.775002102818012,3.5750021296401027,0.4874000456943695,-0.07970991988283926
3.515724544746922,3.4361995418284037,-5.622269021385601,3.82500210356307,3.6250021303851607,0.4936740710157576,-0.056359566999130695
3.535126936213607,3.451245638576691,-5.624582202130425,3.82500210356307,3.6250021303851607,0.4930149178776014,-0.05923627095378148
3.554665257806355,3.4663202486596,-5.626421608197081,3.82500210356307,3.6250021303851607,0.49212790995121963,-0.06290380978917409
3.5742802300502126,3.48142012370079,-5.628734804225791,3.875002104308128,3.675002131130219,0.49660846183660196,-0.04122642567106505
3.5939556048487376,3.4964746470540726,-5.630800736653074,3.875002104308128,3.675002131130219,0.496275675871545,-0.04320654294805326
3.6137101151622044,3.511536551522207,-5.632662071342456,3.875002104308128,3.675002131130219,0.49583235065075076,-0.04571260380994657
3.6334697594350915,3.5265501587780923,-5.634654267567382,3.9250021050531863,3.725002131875277,0.4987081985992745,-0.02542553386768176
3.653340401844166,3.541589770174152,-5.63593733033359,3.9250021050531863,3.725002131875277,0.49857649782332214,-0.02669134018758501
3.673268811356511,3.5566345036951637,-5.6371431828894885,3.9250021050531863,3.725002131875277,0.49840411039403165,-0.02826296707127074
3.693730112796872,3.5721418335573043,-5.63760130248821,3.9750021057982443,3.775002132620335,0.49978466406818767,-0.010377062504790535
3.7147149858523365,3.588191076224942,-5.6366277313944,3.9750021057982443,3.775002132620335,0.4997110423111453,-0.01202109336934809
3.7351824149851094,3.6037923095821975,-5.636503253105655,4.025002106543303,3.825002133365393,0.49998618719654675,0.0026280154728381966
3.755141924556934,3.6188581085256653,-5.636500725536955,4.025002106543303,3.825002133365393,0.49998404881892156,0.0028241238206132557
3.775099251157963,3.633931371647776,-5.636394676292625,4.025002106543303,3.825002133365393,0.49998214011429554,0.002988318788142541
3.79505856152604,3.6490088519544965,-5.636273685655889,4.075002107288361,3.875002134110451,0.4994801232504932,0.01612539980508898
3.8149997518604017,3.664082960764178,-5.635697530338018,4.075002107288361,3.875002134110451,0.49942038200657507,0.017027068348606234
3.834891367630254,3.679137231794593,-5.634795125909411,4.075002107288361,3.875002134110451,0.4993571811915772,0.017931738456094637
3.854759347650022,3.69420179658999,-5.633840598643492,4.125002108033419,3.925002134855509,0.4983499002746683,0.02873950566784056
3.8745918322111788,3.7092701840752724,-5.632798446154531,4.125002108033419,3.925002134855509,0.49815789004763394,0.030367556438242627
3.8943988602535597,3.7243544022692614,-5.631520512557324,4.125002108033419,3.925002134855509,0.4979317135017672,0.03218031326805981
3.9141857068261023,3.7394738534800824,-5.630144958500801,4.175002108778477,3.975002135600567,0.4966936745964351,0.040704059356110545
3.933913228783709,3.7545936436005265,-5.628443949499593,4.175002108778477,3.975002135600567,0.4963262818751638,0.042911266128044856
3.953591834819762,3.7697324880885255,-5.626593506445221,4.175002108778477,3.975002135600567,0.49587695992933967,0.04546661792379858
3.973230320130531,3.784900022377191,-5.6246385636539875,4.225002109523535,4.025002136345625,0.494710186020089,0.05151981275421358
3.9928201568098984,3.8000877464073985,-5.62255731599574,4.225002109523535,4.025002136345625,0.494108418706891,0.054382344045734055
4.012308211227894,3.8152652255782185,-5.620045197286453,4.275002110268593,4.075002137090683,0.4932484444651867,0.05823307029126146
4.031733274115404,3.8304747222263247,-5.617508412503213,4.275002110268593,4.075002137090683,0.49257683924156564,0.06107458886547201
4.051078135818878,3.845707732058787,-5.614905846631355,4.275002110268593,4.075002137090683,0.49175244686038566,0.06439461576677763
4.0703621081787205,3.8609756067442875,-5.612118908116259,4.325002111013651,4.125002137835741,0.4913079554243696,0.06611701047932561
4.089583900100269,3.8762850822870085,-5.609245721682035,4.325002111013651,4.125002137835741,0.4904430023044694,0.06934897852420452
4.108733783697863,3.8916286790830723,-5.606242066979729,4.325002111013651,4.125002137835741,0.48938632769370904,0.07310846635566692
4.127801653458727,3.907001623128367,-5.603097417108807,4.375002111758709,4.175002138580799,0.48950317716328384,0.07270203377082063
4.143003107557119,3.9193272475172956,-5.600495449945581,4.375002111758709,4.175002138580799,0.4886961696514912,0.07546565865067878
4.164594877202163,3.9403720523721733,-5.596058158648,4.375002111758709,4.175002138580799,0.4884842574848782,0.07617523086429157
4.180767193298703,3.96182575263286,-5.591687841910016,4.425002112503767,4.225002139325857,0.4914652577014995,0.06551252650760797
4.198406683668266,3.980257522974087,-5.5882227908976825,4.425002112503767,4.225002139325857,0.4917582234779124,0.06437193507291372
4.21727090286082,3.996033649843059,-5.585398864334608,4.425002112503767,4.225002139325857,0.49080964509135794,0.06799728534102467
4.236062497872531,4.011837841084467,-5.582453259514127,4.475002113248825,4.2750021400709155,0.49124958055449097,0.06633996578826618
4.25481468222113,4.02770388407632,-5.579533600553628,4.475002113248825,4.2750021400709155,0.4903400622589575,0.06972389321766759
4.273516364431399,4.043621280481317,-5.576569403769926,4.475002113248825,4.2750021400709155,0.48920528674671826,0.07373387559610944
4.2921484683171744,4.059571906178036,-5.573515536126299,4.525002113993883,4.325002140815974,0.4901558575235366,0.07038992538597433
4.31068181641603,4.075539292045681,-5.57030766685975,4.525002113993883,4.325002140815974,0.4891453937520832,0.07393964629839855
4.32915481634667,4.091566568699405,-5.567151944958207,4.525002113993883,4.325002140815974,0.487871655607439,0.07819139843399125
4.347539479333536,4.107613547447008,-5.563760280600392,4.5750021147389415,4.375002141561032,0.48938586583999477,0.07311006844717682
4.365904043656176,4.12375690612027,-5.560515719359292,4.5750021147389415,4.375002141561032,0.4882769990936616,0.07686308023723676
4.384205301271408,4.139949150786157,-5.5571778954272215,4.5750021147389415,4.375002141561032,0.48689940755792405,0.08129191803689806
4.402396217379117,4.156154140297094,-5.553652031678212,4.6250021154839995,4.42500214230609,0.488922337532263,0.07470114699158059
4.420543445407524,4.172434335822332,-5.550195411631641,4.6250021154839995,4.42500214230609,0.4877820673191083,0.07848204558740957
4.438608056998551,4.188755647728669,-5.546774708097348,4.6250021154839995,4.42500214230609,0.48634547629196506,0.08300841973964523
4.4565639792348515,4.205090294896982,-5.543117210952377,4.675002116229058,4.475002143051148,0.4888248713938257,0.07503153640466387
4.474556209577829,4.221580493947039,-5.539774950404035,4.675002116229058,4.475002143051148,0.4876443340157209,0.07892686876593058
4.492488990329113,4.238122955968913,-5.536349250075746,4.725002116974116,4.525002143796206,0.4898996696896861,0.07130615901965442
4.510417144643557,4.2547723747366755,-5.533156067409301,4.725002116974116,4.525002143796206,0.4889277336261329,0.07468281397185716
4.528296354965924,4.271482901394473,-5.529899689312583,4.725002116974116,4.525002143796206,0.4877282127985128,0.0786562635504704
4.546067141000027,4.288202058493162,-5.526493860029832,4.775002117719174,4.575002144541264,0.4902350962896429,0.07010417552914139
4.563792726746764,4.304991896658787,-5.523263366047014,4.775002117719174,4.575002144541264,0.4893020789941429,0.07340014871211564
4.581449751142149,4.3218302693988875,-5.520084365737907,4.775002117719174,4.575002144541264,0.4881348082888714,0.07733155623403687
4.601049752505774,4.338917768338651,-5.516560268762683,4.825002118464232,4.625002145286322,0.4902961648638742,0.06988317468929428
4.622839130431896,4.356374279693337,-5.513353755039133,4.825002118464232,4.625002145286322,0.48800674028426394,0.07775116308602836
4.642527701687133,4.373633555712433,-5.509960317856874,4.825002118464232,4.625002145286322,0.4858132433801772,0.0846260856529184
4.659896755396719,4.3906433981547766,-5.5063060102936685,4.87500211920929,4.67500214603138,0.48941247474250255,0.07301771103801724
4.677290382651091,4.40779852914538,-5.503014842046628,4.87500211920929,4.67500214603138,0.48834138868389076,0.07665002412955202
4.69465990335209,4.425045978052962,-5.499564792788556,4.87500211920929,4.67500214603138,0.48702206681529847,0.08090708043606032
4.711943864756751,4.442334827628259,-5.4957068861926235,4.925002119954348,4.725002146776438,0.49064563638034064,0.06860514103081305
4.729110067897576,4.459638279709932,-5.492441679916266,4.925002119954348,4.725002146776438,0.4897182417370482,0.0719481538033937
4.746326356609744,4.477092193449938,-5.489407214185051,4.925002119954348,4.725002146776438,0.4885037247774989,0.07611031348324837
4.76342972327456,4.494535691585233,-5.486082440398164,4.975002120699406,4.775002147521496,0.49194906925735987,0.06361817345137921
4.780564111361037,4.512127928963346,-5.483182660027009,4.975002120699406,4.775002147521496,0.4911097644367358,0.06687102429203429
4.79766678273448,4.529785223673859,-5.48025277237734,4.975002120699406,4.775002147521496,0.4900535495118332,0.07075720571141564
4.814667273316788,4.547442281041084,-5.477198421587062,5.025002121444464,4.825002148266554,0.49327866482154825,0.05810200507536889
4.83167256768925,4.56520801971593,-5.474717850967637,5.025002121444464,4.825002148266554,0.49254408075010697,0.06120987846071091
4.848678817742614,4.583068778454076,-5.472533019606204,5.075002122189522,4.875002149011612,0.49495800607073026,0.050294333489437015
4.8657087224854365,4.6010192407043276,-5.470339639665895,5.075002122189522,4.875002149011612,0.49445344622362136,0.052759805458735265
4.882688440248297,4.619002641784377,-5.468076041072629,5.075002122189522,4.875002149011612,0.49383322174975647,0.05564310840652453
4.899606185307194,4.636993012023665,-5.465646683641517,5.12500212293458,4.92500214975667,0.49603596394221533,0.044578915674846176
4.916540656926189,4.655088568398581,-5.463585446595724,5.12500212293458,4.92500214975667,0.4956424819640293,0.04674526729544115
4.933453759638553,4.673233104938446,-5.461522284771948,5.12500212293458,4.92500214975667,0.49514794159510656,0.04933477934163233
4.950300376991112,4.691383022573749,-5.45940707612033,5.12500212293458,4.92500214975667,0.4945257974185657,0.05241329175661291
4.967076852323071,4.709541582520382,-5.457231673197682,5.12500212293458,4.92500214975667,0.4937303149559575,0.056107397940269754
4.983798642345553,4.727726849431134,-5.454962953574182,5.12500212293458,4.92500214975667,0.49269184745174577,0.06059727171354545
5.000457962571396,4.745926816300858,-5.452493540702001,5.12500212293458,4.92500214975667,0.49130949131238666,0.06611113443979955
5.016559786931774,4.765628888506902,-5.449110140658632,5.12500212293458,4.92500214975667,0.4903980339501143,0.06951299861551097
5.032093010003911,4.787065993585277,-5.4451523384940455,5.12500212293458,4.92500214975667,0.49029549100569,0.06988561702514229
5.047985142133562,4.807011428152963,-5.441584010397313,5.12500212293458,4.92500214975667,0.48874358116724986,0.07530601773910606
5.064256982703768,4.825277993059254,-5.438300153287396,5.12500212293458,4.92500214975667,0.48426735150314676,0.08916470203382776
